Time [µs]	H2 v1J3	H2 v1J3
	50k shots	50k shots
Laser Power [mJ]		power corrected
0	--	--
0.02	--	--
0.04	--	--
0.06	--	--
0.08	--	--
0.1	--	--
0.12	--	--
0.14	--	--
0.16	--	--
0.18	--	--
0.2	--	--
0.22	--	--
0.24	--	--
0.26	--	--
0.28	--	--
0.3	--	--
0.32	--	--
0.34	--	--
0.36	--	--
0.38	--	--
0.4	--	--
0.42	--	--
0.44	--	--
0.46	--	--
0.48	--	--
0.5	--	--
0.52	--	--
0.54	--	--
0.56	--	--
0.58	--	--
0.6	--	--
0.62	--	--
0.64	--	--
0.66	--	--
0.68	--	--
0.7	--	--
0.72	--	--
0.74	--	--
0.76	--	--
0.78	--	--
0.8	--	--
0.82	--	--
0.84	--	--
0.86	--	--
0.88	--	--
0.9	--	--
0.92	--	--
0.94	--	--
0.96	--	--
0.98	--	--
1	--	--
1.02	--	--
1.04	--	--
1.06	--	--
1.08	--	--
1.1	--	--
1.12	--	--
1.14	--	--
1.16	--	--
1.18	--	--
1.2	--	--
1.22	--	--
1.24	--	--
1.26	--	--
1.28	--	--
1.3	--	--
1.32	--	--
1.34	--	--
1.36	--	--
1.38	--	--
1.4	--	--
1.42	--	--
1.44	--	--
1.46	--	--
1.48	--	--
1.5	--	--
1.52	--	--
1.54	--	--
1.56	--	--
1.58	--	--
1.6	--	--
1.62	-4	-3.43473365183263E-4
1.64	1	8.58683412958157E-5
1.66	0	0
1.68	-2	-1.71736682591631E-4
1.7	-2	-1.71736682591631E-4
1.72	11	9.44551754253973E-4
1.74	7	6.0107838907071E-4
1.76	6	5.15210047774894E-4
1.78	-2	-1.71736682591631E-4
1.8	-6	-5.15210047774894E-4
1.82	2	1.71736682591631E-4
1.84	4	3.43473365183263E-4
1.86	1	8.58683412958157E-5
1.88	0	0
1.9	4	3.43473365183263E-4
1.92	7	6.0107838907071E-4
1.94	-2	-1.71736682591631E-4
1.96	1	8.58683412958157E-5
1.98	-4	-3.43473365183263E-4
2	-4	-3.43473365183263E-4
2.02	-6	-5.15210047774894E-4
2.04	-9	-7.72815071662341E-4
2.06	5	4.29341706479079E-4
2.08	1	8.58683412958157E-5
2.1	4	3.43473365183263E-4
2.12	4	3.43473365183263E-4
2.14	-1	-8.58683412958157E-5
2.16	-3	-2.57605023887447E-4
2.18	-2	-1.71736682591631E-4
2.2	-3	-2.57605023887447E-4
2.22	6	5.15210047774894E-4
2.24	8	6.86946730366526E-4
2.26	3	2.57605023887447E-4
2.28	-5	-4.29341706479079E-4
2.3	0	0
2.32	-4	-3.43473365183263E-4
2.34	1	8.58683412958157E-5
2.36	-5	-4.29341706479079E-4
2.38	-5	-4.29341706479079E-4
2.4	7	6.0107838907071E-4
2.42	13	0.0011162884368456
2.44	6	5.15210047774894E-4
2.46	2	1.71736682591631E-4
2.48	8	6.86946730366526E-4
2.5	2	1.71736682591631E-4
2.52	1	8.58683412958157E-5
2.54	9	7.72815071662341E-4
2.56	9	7.72815071662341E-4
2.58	10	8.58683412958157E-4
2.6	3	2.57605023887447E-4
2.62	0	0
2.64	-1	-8.58683412958157E-5
2.66	2	1.71736682591631E-4
2.68	-2	-1.71736682591631E-4
2.7	4	3.43473365183263E-4
2.72	2	1.71736682591631E-4
2.74	1	8.58683412958157E-5
2.76	4	3.43473365183263E-4
2.78	3	2.57605023887447E-4
2.8	2	1.71736682591631E-4
2.82	2	1.71736682591631E-4
2.84	-1	-8.58683412958157E-5
2.86	3	2.57605023887447E-4
2.88	3	2.57605023887447E-4
2.9	-2	-1.71736682591631E-4
2.92	1	8.58683412958157E-5
2.94	-1	-8.58683412958157E-5
2.96	-2	-1.71736682591631E-4
2.98	-1	-8.58683412958157E-5
3	-4	-3.43473365183263E-4
3.02	-4	-3.43473365183263E-4
3.04	-3	-2.57605023887447E-4
3.06	-7	-6.0107838907071E-4
3.08	-3	-2.57605023887447E-4
3.1	-2	-1.71736682591631E-4
3.12	-2	-1.71736682591631E-4
3.14	1	8.58683412958157E-5
3.16	-2	-1.71736682591631E-4
3.18	3	2.57605023887447E-4
3.2	5	4.29341706479079E-4
3.22	6	5.15210047774894E-4
3.24	-2	-1.71736682591631E-4
3.26	0	0
3.28	-1	-8.58683412958157E-5
3.3	3	2.57605023887447E-4
3.32	3	2.57605023887447E-4
3.34	3	2.57605023887447E-4
3.36	3	2.57605023887447E-4
3.38	-2	-1.71736682591631E-4
3.4	-2	-1.71736682591631E-4
3.42	0	0
3.44	4	3.43473365183263E-4
3.46	5	4.29341706479079E-4
3.48	4	3.43473365183263E-4
3.5	3	2.57605023887447E-4
3.52	-5	-4.29341706479079E-4
3.54	-2	-1.71736682591631E-4
3.56	-2	-1.71736682591631E-4
3.58	4	3.43473365183263E-4
3.6	1	8.58683412958157E-5
3.62	-1	-8.58683412958157E-5
3.64	-1	-8.58683412958157E-5
3.66	-1	-8.58683412958157E-5
3.68	0	0
3.7	2	1.71736682591631E-4
3.72	-2	-1.71736682591631E-4
3.74	-3	-2.57605023887447E-4
3.76	-3	-2.57605023887447E-4
3.78	1	8.58683412958157E-5
3.8	-1	-8.58683412958157E-5
3.82	-4	-3.43473365183263E-4
3.84	-2	-1.71736682591631E-4
3.86	-4	-3.43473365183263E-4
3.88	-2	-1.71736682591631E-4
3.9	3	2.57605023887447E-4
3.92	3	2.57605023887447E-4
3.94	-1	-8.58683412958157E-5
3.96	2	1.71736682591631E-4
3.98	8	6.86946730366526E-4
4	-3	-2.57605023887447E-4
4.02	1	8.58683412958157E-5
4.04	-8	-6.86946730366526E-4
4.06	-3	-2.57605023887447E-4
4.08	4	3.43473365183263E-4
4.1	0	0
4.12	0	0
4.14	-3	-2.57605023887447E-4
4.16	-1	-8.58683412958157E-5
4.18	3	2.57605023887447E-4
4.2	0	0
4.22	-3	-2.57605023887447E-4
4.24	5	4.29341706479079E-4
4.26	9	7.72815071662341E-4
4.28	4	3.43473365183263E-4
4.3	4	3.43473365183263E-4
4.32	2	1.71736682591631E-4
4.34	1	8.58683412958157E-5
4.36	6	5.15210047774894E-4
4.38	8	6.86946730366526E-4
4.4	-1	-8.58683412958157E-5
4.42	5	4.29341706479079E-4
4.44	6	5.15210047774894E-4
4.46	3	2.57605023887447E-4
4.48	4	3.43473365183263E-4
4.5	6	5.15210047774894E-4
4.52	-1	-8.58683412958157E-5
4.54	-3	-2.57605023887447E-4
4.56	1	8.58683412958157E-5
4.58	7	6.0107838907071E-4
4.6	10	8.58683412958157E-4
4.62	0	0
4.64	-4	-3.43473365183263E-4
4.66	0	0
4.68	-7	-6.0107838907071E-4
4.7	-3	-2.57605023887447E-4
4.72	-7	-6.0107838907071E-4
4.74	-3	-2.57605023887447E-4
4.76	3	2.57605023887447E-4
4.78	6	5.15210047774894E-4
4.8	4	3.43473365183263E-4
4.82	-3	-2.57605023887447E-4
4.84	-4	-3.43473365183263E-4
4.86	4	3.43473365183263E-4
4.88	5	4.29341706479079E-4
4.9	5	4.29341706479079E-4
4.92	6	5.15210047774894E-4
4.94	2	1.71736682591631E-4
4.96	-3	-2.57605023887447E-4
4.98	-3	-2.57605023887447E-4
5	3	2.57605023887447E-4
5.02	3	2.57605023887447E-4
5.04	1	8.58683412958157E-5
5.06	-3	-2.57605023887447E-4
5.08	-1	-8.58683412958157E-5
5.1	5	4.29341706479079E-4
5.12	-3	-2.57605023887447E-4
5.14	3	2.57605023887447E-4
5.16	8	6.86946730366526E-4
5.18	10	8.58683412958157E-4
5.2	9	7.72815071662341E-4
5.22	4	3.43473365183263E-4
5.24	-2	-1.71736682591631E-4
5.26	-2	-1.71736682591631E-4
5.28	6	5.15210047774894E-4
5.3	8	6.86946730366526E-4
5.32	15	0.00128802511943724
5.34	11	9.44551754253973E-4
5.36	2	1.71736682591631E-4
5.38	-3	-2.57605023887447E-4
5.4	8	6.86946730366526E-4
5.42	-3	-2.57605023887447E-4
5.44	1	8.58683412958157E-5
5.46	2	1.71736682591631E-4
5.48	-1	-8.58683412958157E-5
5.5	11	9.44551754253973E-4
5.52	3	2.57605023887447E-4
5.54	7	6.0107838907071E-4
5.56	2	1.71736682591631E-4
5.58	2	1.71736682591631E-4
5.6	3	2.57605023887447E-4
5.62	0	0
5.64	-9	-7.72815071662341E-4
5.66	2	1.71736682591631E-4
5.68	5	4.29341706479079E-4
5.7	8	6.86946730366526E-4
5.72	3	2.57605023887447E-4
5.74	-2	-1.71736682591631E-4
5.76	-11	-9.44551754253973E-4
5.78	3	2.57605023887447E-4
5.8	7	6.0107838907071E-4
5.82	13	0.0011162884368456
5.84	16	0.00137389346073305
5.86	7	6.0107838907071E-4
5.88	2	1.71736682591631E-4
5.9	3	2.57605023887447E-4
5.92	6	5.15210047774894E-4
5.94	6	5.15210047774894E-4
5.96	3	2.57605023887447E-4
5.98	4	3.43473365183263E-4
6	10	8.58683412958157E-4
6.02	14	0.00120215677814142
6.04	10	8.58683412958157E-4
6.06	26	0.00223257687369121
6.08	31	0.00266191858017029
6.1	29	0.00249018189757866
6.12	18	0.00154563014332468
6.14	28	0.00240431355628284
6.16	35	0.00300539194535355
6.18	44	0.00377820701701589
6.2	29	0.00249018189757866
6.22	25	0.00214670853239539
6.24	27	0.00231844521498702
6.26	23	0.00197497184980376
6.28	44	0.00377820701701589
6.3	43	0.00369233867572008
6.32	54	0.00463689042997405
6.34	55	0.00472275877126987
6.36	52	0.00446515374738242
6.38	51	0.0043792854060866
6.4	63	0.00540970550163639
6.42	73	0.00626838891459455
6.44	54	0.00463689042997405
6.46	56	0.00480862711256568
6.48	78	0.00669773062107363
6.5	68	0.00583904720811547
6.52	75	0.00644012559718618
6.54	73	0.00626838891459455
6.56	98	0.00841509744698994
6.58	109	0.00935964920124392
6.6	108	0.0092737808599481
6.62	111	0.00953138588383555
6.64	124	0.0106476743206811
6.66	115	0.00987485924901881
6.68	157	0.0134813295834431
6.7	132	0.0113346210510477
6.72	142	0.0121933044640058
6.74	127	0.0109052793445686
6.76	146	0.0125367778291891
6.78	177	0.0151986964093594
6.8	151	0.0129661195356682
6.82	160	0.0137389346073305
6.84	181	0.0155421697745426
6.86	179	0.015370433091951
6.88	195	0.0167443265526841
6.9	178	0.0152845647506552
6.92	165	0.0141682763138096
6.94	150	0.0128802511943724
6.96	158	0.0135671979247389
6.98	164	0.0140824079725138
7	171	0.0146834863615845
7.02	187	0.0160573798223175
7.04	204	0.0175171416243464
7.06	195	0.0167443265526841
7.08	202	0.0173454049417548
7.1	215	0.0184616933786004
7.12	228	0.019577981815446
7.14	210	0.0180323516721213
7.16	200	0.0171736682591631
7.18	178	0.0152845647506552
7.2	203	0.0174312732830506
7.22	172	0.0147693547028803
7.24	184	0.0157997747984301
7.26	191	0.0164008531875008
7.28	194	0.0166584582113883
7.3	177	0.0151986964093594
7.32	184	0.0157997747984301
7.34	205	0.0176030099656422
7.36	221	0.0189769034263753
7.38	171	0.0146834863615845
7.4	175	0.0150269597267678
7.42	203	0.0174312732830506
7.44	198	0.0170019315765715
7.46	165	0.0141682763138096
7.48	183	0.0157139064571343
7.5	172	0.0147693547028803
7.52	174	0.0149410913854719
7.54	165	0.0141682763138096
7.56	166	0.0142541446551054
7.58	183	0.0157139064571343
7.6	185	0.0158856431397259
7.62	168	0.014425881337697
7.64	178	0.0152845647506552
7.66	184	0.0157997747984301
7.68	210	0.0180323516721213
7.7	161	0.0138248029486263
7.72	141	0.01210743612271
7.74	147	0.0126226461704849
7.76	143	0.0122791728053017
7.78	112	0.00961725422513136
7.8	126	0.0108194110032728
7.82	142	0.0121933044640058
7.84	158	0.0135671979247389
7.86	142	0.0121933044640058
7.88	144	0.0123650411465975
7.9	144	0.0123650411465975
7.92	133	0.0114204893923435
7.94	135	0.0115922260749351
7.96	153	0.0131378562182598
7.98	108	0.0092737808599481
8	101	0.00867270247087739
8.02	123	0.0105618059793853
8.04	127	0.0109052793445686
8.06	119	0.0102183326142021
8.08	109	0.00935964920124392
8.1	95	0.00815749242310249
8.12	99	0.00850096578828576
8.14	88	0.00755641403403178
8.16	108	0.0092737808599481
8.18	122	0.0104759376380895
8.2	121	0.0103900692967937
8.22	103	0.00884443915346902
8.24	79	0.00678359896236944
8.26	64	0.00549557384293221
8.28	75	0.00644012559718618
8.3	78	0.00669773062107363
8.32	56	0.00480862711256568
8.34	62	0.00532383716034057
8.36	67	0.00575317886681965
8.38	74	0.00635425725589036
8.4	74	0.00635425725589036
8.42	79	0.00678359896236944
8.44	80	0.00686946730366526
8.46	74	0.00635425725589036
8.48	63	0.00540970550163639
8.5	50	0.00429341706479079
8.52	48	0.00412168038219916
8.54	67	0.00575317886681965
8.56	53	0.00455102208867823
8.58	55	0.00472275877126987
8.6	48	0.00412168038219916
8.62	44	0.00377820701701589
8.64	49	0.00420754872349497
8.66	49	0.00420754872349497
8.68	46	0.00394994369960752
8.7	45	0.00386407535831171
8.72	44	0.00377820701701589
8.74	56	0.00480862711256568
8.76	40	0.00343473365183263
8.78	40	0.00343473365183263
8.8	48	0.00412168038219916
8.82	45	0.00386407535831171
8.84	47	0.00403581204090334
8.86	44	0.00377820701701589
8.88	44	0.00377820701701589
8.9	40	0.00343473365183263
8.92	52	0.00446515374738242
8.94	31	0.00266191858017029
8.96	32	0.0027477869214661
8.98	26	0.00223257687369121
9	42	0.00360647033442426
9.02	40	0.00343473365183263
9.04	45	0.00386407535831171
9.06	34	0.00291952360405773
9.08	30	0.00257605023887447
9.1	36	0.00309126028664937
9.12	32	0.0027477869214661
9.14	40	0.00343473365183263
9.16	31	0.00266191858017029
9.18	26	0.00223257687369121
9.2	18	0.00154563014332468
9.22	37	0.00317712862794518
9.24	37	0.00317712862794518
9.26	26	0.00223257687369121
9.28	33	0.00283365526276192
9.3	27	0.00231844521498702
9.32	32	0.0027477869214661
9.34	15	0.00128802511943724
9.36	35	0.00300539194535355
9.38	27	0.00231844521498702
9.4	28	0.00240431355628284
9.42	17	0.00145976180202887
9.44	13	0.0011162884368456
9.46	23	0.00197497184980376
9.48	27	0.00231844521498702
9.5	20	0.00171736682591631
9.52	16	0.00137389346073305
9.54	20	0.00171736682591631
9.56	21	0.00180323516721213
9.58	21	0.00180323516721213
9.6	17	0.00145976180202887
9.62	22	0.00188910350850795
9.64	30	0.00257605023887447
9.66	19	0.0016314984846205
9.68	30	0.00257605023887447
9.7	32	0.0027477869214661
9.72	21	0.00180323516721213
9.74	14	0.00120215677814142
9.76	16	0.00137389346073305
9.78	14	0.00120215677814142
9.8	7	6.0107838907071E-4
9.82	17	0.00145976180202887
9.84	22	0.00188910350850795
9.86	16	0.00137389346073305
9.88	15	0.00128802511943724
9.9	8	6.86946730366526E-4
9.92	4	3.43473365183263E-4
9.94	13	0.0011162884368456
9.96	6	5.15210047774894E-4
9.98	10	8.58683412958157E-4
10	20	0.00171736682591631
10.02	9	7.72815071662341E-4
10.04	14	0.00120215677814142
10.06	15	0.00128802511943724
10.08	24	0.00206084019109958
10.1	22	0.00188910350850795
10.12	19	0.0016314984846205
10.14	4	3.43473365183263E-4
10.16	11	9.44551754253973E-4
10.18	23	0.00197497184980376
10.2	17	0.00145976180202887
10.22	17	0.00145976180202887
10.24	13	0.0011162884368456
10.26	23	0.00197497184980376
10.28	20	0.00171736682591631
10.3	16	0.00137389346073305
10.32	17	0.00145976180202887
10.34	12	0.00103042009554979
10.36	7	6.0107838907071E-4
10.38	6	5.15210047774894E-4
10.4	6	5.15210047774894E-4
10.42	13	0.0011162884368456
10.44	11	9.44551754253973E-4
10.46	9	7.72815071662341E-4
10.48	15	0.00128802511943724
10.5	17	0.00145976180202887
10.52	6	5.15210047774894E-4
10.54	4	3.43473365183263E-4
10.56	3	2.57605023887447E-4
10.58	12	0.00103042009554979
10.6	13	0.0011162884368456
10.62	6	5.15210047774894E-4
10.64	17	0.00145976180202887
10.66	22	0.00188910350850795
10.68	21	0.00180323516721213
10.7	8	6.86946730366526E-4
10.72	15	0.00128802511943724
10.74	8	6.86946730366526E-4
10.76	12	0.00103042009554979
10.78	19	0.0016314984846205
10.8	9	7.72815071662341E-4
10.82	5	4.29341706479079E-4
10.84	8	6.86946730366526E-4
10.86	9	7.72815071662341E-4
10.88	9	7.72815071662341E-4
10.9	7	6.0107838907071E-4
10.92	13	0.0011162884368456
10.94	12	0.00103042009554979
10.96	8	6.86946730366526E-4
10.98	22	0.00188910350850795
11	9	7.72815071662341E-4
11.02	8	6.86946730366526E-4
11.04	5	4.29341706479079E-4
11.06	4	3.43473365183263E-4
11.08	9	7.72815071662341E-4
11.1	8	6.86946730366526E-4
11.12	11	9.44551754253973E-4
11.14	8	6.86946730366526E-4
11.16	8	6.86946730366526E-4
11.18	4	3.43473365183263E-4
11.2	9	7.72815071662341E-4
11.22	16	0.00137389346073305
11.24	9	7.72815071662341E-4
11.26	5	4.29341706479079E-4
11.28	1	8.58683412958157E-5
11.3	3	2.57605023887447E-4
11.32	1	8.58683412958157E-5
11.34	11	9.44551754253973E-4
11.36	9	7.72815071662341E-4
11.38	6	5.15210047774894E-4
11.4	7	6.0107838907071E-4
11.42	8	6.86946730366526E-4
11.44	7	6.0107838907071E-4
11.46	20	0.00171736682591631
11.48	18	0.00154563014332468
11.5	7	6.0107838907071E-4
11.52	6	5.15210047774894E-4
11.54	9	7.72815071662341E-4
11.56	1	8.58683412958157E-5
11.58	2	1.71736682591631E-4
11.6	11	9.44551754253973E-4
11.62	6	5.15210047774894E-4
11.64	8	6.86946730366526E-4
11.66	6	5.15210047774894E-4
11.68	5	4.29341706479079E-4
11.7	2	1.71736682591631E-4
11.72	2	1.71736682591631E-4
11.74	3	2.57605023887447E-4
11.76	3	2.57605023887447E-4
11.78	4	3.43473365183263E-4
11.8	2	1.71736682591631E-4
11.82	8	6.86946730366526E-4
11.84	4	3.43473365183263E-4
11.86	0	0
11.88	3	2.57605023887447E-4
11.9	11	9.44551754253973E-4
11.92	10	8.58683412958157E-4
11.94	10	8.58683412958157E-4
11.96	7	6.0107838907071E-4
11.98	6	5.15210047774894E-4
12	5	4.29341706479079E-4
12.02	8	6.86946730366526E-4
12.04	5	4.29341706479079E-4
12.06	2	1.71736682591631E-4
12.08	1	8.58683412958157E-5
12.1	4	3.43473365183263E-4
12.12	1	8.58683412958157E-5
12.14	7	6.0107838907071E-4
12.16	19	0.0016314984846205
12.18	6	5.15210047774894E-4
12.2	2	1.71736682591631E-4
12.22	3	2.57605023887447E-4
12.24	4	3.43473365183263E-4
12.26	8	6.86946730366526E-4
12.28	11	9.44551754253973E-4
12.3	3	2.57605023887447E-4
12.32	0	0
12.34	3	2.57605023887447E-4
12.36	16	0.00137389346073305
12.38	18	0.00154563014332468
12.4	15	0.00128802511943724
12.42	5	4.29341706479079E-4
12.44	-2	-1.71736682591631E-4
12.46	6	5.15210047774894E-4
12.48	5	4.29341706479079E-4
12.5	3	2.57605023887447E-4
12.52	3	2.57605023887447E-4
12.54	4	3.43473365183263E-4
12.56	6	5.15210047774894E-4
12.58	5	4.29341706479079E-4
12.6	4	3.43473365183263E-4
12.62	4	3.43473365183263E-4
12.64	-1	-8.58683412958157E-5
12.66	-3	-2.57605023887447E-4
12.68	2	1.71736682591631E-4
12.7	8	6.86946730366526E-4
12.72	9	7.72815071662341E-4
12.74	5	4.29341706479079E-4
12.76	12	0.00103042009554979
12.78	8	6.86946730366526E-4
12.8	2	1.71736682591631E-4
12.82	7	6.0107838907071E-4
12.84	14	0.00120215677814142
12.86	7	6.0107838907071E-4
12.88	6	5.15210047774894E-4
12.9	2	1.71736682591631E-4
12.92	1	8.58683412958157E-5
12.94	-1	-8.58683412958157E-5
12.96	5	4.29341706479079E-4
12.98	3	2.57605023887447E-4
13	-2	-1.71736682591631E-4
13.02	3	2.57605023887447E-4
13.04	5	4.29341706479079E-4
13.06	6	5.15210047774894E-4
13.08	9	7.72815071662341E-4
13.1	7	6.0107838907071E-4
13.12	2	1.71736682591631E-4
13.14	2	1.71736682591631E-4
13.16	0	0
13.18	4	3.43473365183263E-4
13.2	11	9.44551754253973E-4
13.22	9	7.72815071662341E-4
13.24	5	4.29341706479079E-4
13.26	3	2.57605023887447E-4
13.28	7	6.0107838907071E-4
13.3	6	5.15210047774894E-4
13.32	9	7.72815071662341E-4
13.34	10	8.58683412958157E-4
13.36	11	9.44551754253973E-4
13.38	-3	-2.57605023887447E-4
13.4	1	8.58683412958157E-5
13.42	2	1.71736682591631E-4
13.44	10	8.58683412958157E-4
13.46	11	9.44551754253973E-4
13.48	11	9.44551754253973E-4
13.5	9	7.72815071662341E-4
13.52	5	4.29341706479079E-4
13.54	8	6.86946730366526E-4
13.56	7	6.0107838907071E-4
13.58	13	0.0011162884368456
13.6	16	0.00137389346073305
13.62	6	5.15210047774894E-4
13.64	6	5.15210047774894E-4
13.66	6	5.15210047774894E-4
13.68	3	2.57605023887447E-4
13.7	4	3.43473365183263E-4
13.72	1	8.58683412958157E-5
13.74	7	6.0107838907071E-4
13.76	12	0.00103042009554979
13.78	9	7.72815071662341E-4
13.8	4	3.43473365183263E-4
13.82	1	8.58683412958157E-5
13.84	5	4.29341706479079E-4
13.86	1	8.58683412958157E-5
13.88	1	8.58683412958157E-5
13.9	13	0.0011162884368456
13.92	12	0.00103042009554979
13.94	3	2.57605023887447E-4
13.96	1	8.58683412958157E-5
13.98	3	2.57605023887447E-4
14	2	1.71736682591631E-4
14.02	-1	-8.58683412958157E-5
14.04	-1	-8.58683412958157E-5
14.06	5	4.29341706479079E-4
14.08	4	3.43473365183263E-4
14.1	2	1.71736682591631E-4
14.12	4	3.43473365183263E-4
14.14	5	4.29341706479079E-4
14.16	2	1.71736682591631E-4
14.18	6	5.15210047774894E-4
14.2	6	5.15210047774894E-4
14.22	14	0.00120215677814142
14.24	8	6.86946730366526E-4
14.26	2	1.71736682591631E-4
14.28	5	4.29341706479079E-4
14.3	6	5.15210047774894E-4
14.32	6	5.15210047774894E-4
14.34	4	3.43473365183263E-4
14.36	3	2.57605023887447E-4
14.38	5	4.29341706479079E-4
14.4	6	5.15210047774894E-4
14.42	7	6.0107838907071E-4
14.44	4	3.43473365183263E-4
14.46	3	2.57605023887447E-4
14.48	-6	-5.15210047774894E-4
14.5	6	5.15210047774894E-4
14.52	6	5.15210047774894E-4
14.54	4	3.43473365183263E-4
14.56	5	4.29341706479079E-4
14.58	9	7.72815071662341E-4
14.6	5	4.29341706479079E-4
14.62	5	4.29341706479079E-4
14.64	7	6.0107838907071E-4
14.66	4	3.43473365183263E-4
14.68	5	4.29341706479079E-4
14.7	8	6.86946730366526E-4
14.72	0	0
14.74	2	1.71736682591631E-4
14.76	12	0.00103042009554979
14.78	2	1.71736682591631E-4
14.8	-1	-8.58683412958157E-5
14.82	14	0.00120215677814142
14.84	19	0.0016314984846205
14.86	7	6.0107838907071E-4
14.88	8	6.86946730366526E-4
14.9	4	3.43473365183263E-4
14.92	4	3.43473365183263E-4
14.94	3	2.57605023887447E-4
14.96	0	0
14.98	3	2.57605023887447E-4
15	3	2.57605023887447E-4
15.02	2	1.71736682591631E-4
15.04	6	5.15210047774894E-4
15.06	8	6.86946730366526E-4
15.08	3	2.57605023887447E-4
15.1	0	0
15.12	-2	-1.71736682591631E-4
15.14	2	1.71736682591631E-4
15.16	13	0.0011162884368456
15.18	11	9.44551754253973E-4
15.2	3	2.57605023887447E-4
15.22	0	0
15.24	3	2.57605023887447E-4
15.26	9	7.72815071662341E-4
15.28	2	1.71736682591631E-4
15.3	1	8.58683412958157E-5
15.32	9	7.72815071662341E-4
15.34	5	4.29341706479079E-4
15.36	4	3.43473365183263E-4
15.38	1	8.58683412958157E-5
15.4	3	2.57605023887447E-4
15.42	0	0
15.44	2	1.71736682591631E-4
15.46	5	4.29341706479079E-4
15.48	2	1.71736682591631E-4
15.5	7	6.0107838907071E-4
15.52	0	0
15.54	-3	-2.57605023887447E-4
15.56	1	8.58683412958157E-5
15.58	1	8.58683412958157E-5
15.6	2	1.71736682591631E-4
15.62	7	6.0107838907071E-4
15.64	3	2.57605023887447E-4
15.66	8	6.86946730366526E-4
15.68	1	8.58683412958157E-5
15.7	-3	-2.57605023887447E-4
15.72	1	8.58683412958157E-5
15.74	-1	-8.58683412958157E-5
15.76	-5	-4.29341706479079E-4
15.78	-4	-3.43473365183263E-4
15.8	-1	-8.58683412958157E-5
15.82	3	2.57605023887447E-4
15.84	5	4.29341706479079E-4
15.86	2	1.71736682591631E-4
15.88	1	8.58683412958157E-5
15.9	3	2.57605023887447E-4
15.92	-1	-8.58683412958157E-5
15.94	4	3.43473365183263E-4
15.96	6	5.15210047774894E-4
15.98	4	3.43473365183263E-4
16	-1	-8.58683412958157E-5
16.02	-2	-1.71736682591631E-4
16.04	2	1.71736682591631E-4
16.06	5	4.29341706479079E-4
16.08	3	2.57605023887447E-4
16.1	6	5.15210047774894E-4
16.12	0	0
16.14	4	3.43473365183263E-4
16.16	-4	-3.43473365183263E-4
16.18	-3	-2.57605023887447E-4
16.2	-2	-1.71736682591631E-4
16.22	0	0
16.24	3	2.57605023887447E-4
16.26	1	8.58683412958157E-5
16.28	5	4.29341706479079E-4
16.3	3	2.57605023887447E-4
16.32	6	5.15210047774894E-4
16.34	0	0
16.36	4	3.43473365183263E-4
16.38	2	1.71736682591631E-4
16.4	4	3.43473365183263E-4
16.42	2	1.71736682591631E-4
16.44	3	2.57605023887447E-4
16.46	5	4.29341706479079E-4
16.48	3	2.57605023887447E-4
16.5	2	1.71736682591631E-4
16.52	6	5.15210047774894E-4
16.54	2	1.71736682591631E-4
16.56	1	8.58683412958157E-5
16.58	5	4.29341706479079E-4
16.6	5	4.29341706479079E-4
16.62	9	7.72815071662341E-4
16.64	8	6.86946730366526E-4
16.66	4	3.43473365183263E-4
16.68	5	4.29341706479079E-4
16.7	4	3.43473365183263E-4
16.72	4	3.43473365183263E-4
16.74	0	0
16.76	-2	-1.71736682591631E-4
16.78	2	1.71736682591631E-4
16.8	9	7.72815071662341E-4
16.82	7	6.0107838907071E-4
16.84	5	4.29341706479079E-4
16.86	23	0.00197497184980376
16.88	9	7.72815071662341E-4
16.9	5	4.29341706479079E-4
16.92	2	1.71736682591631E-4
16.94	0	0
16.96	-1	-8.58683412958157E-5
16.98	-3	-2.57605023887447E-4
17	1	8.58683412958157E-5
17.02	11	9.44551754253973E-4
17.04	4	3.43473365183263E-4
17.06	2	1.71736682591631E-4
17.08	9	7.72815071662341E-4
17.1	9	7.72815071662341E-4
17.12	9	7.72815071662341E-4
17.14	6	5.15210047774894E-4
17.16	2	1.71736682591631E-4
17.18	1	8.58683412958157E-5
17.2	0	0
17.22	-3	-2.57605023887447E-4
17.24	1	8.58683412958157E-5
17.26	3	2.57605023887447E-4
17.28	-3	-2.57605023887447E-4
17.3	-1	-8.58683412958157E-5
17.32	0	0
17.34	-1	-8.58683412958157E-5
17.36	3	2.57605023887447E-4
17.38	-2	-1.71736682591631E-4
17.4	-5	-4.29341706479079E-4
17.42	1	8.58683412958157E-5
17.44	2	1.71736682591631E-4
17.46	1	8.58683412958157E-5
17.48	3	2.57605023887447E-4
17.5	2	1.71736682591631E-4
17.52	0	0
17.54	3	2.57605023887447E-4
17.56	8	6.86946730366526E-4
17.58	6	5.15210047774894E-4
17.6	3	2.57605023887447E-4
17.62	2	1.71736682591631E-4
17.64	2	1.71736682591631E-4
17.66	-1	-8.58683412958157E-5
17.68	1	8.58683412958157E-5
17.7	5	4.29341706479079E-4
17.72	4	3.43473365183263E-4
17.74	1	8.58683412958157E-5
17.76	4	3.43473365183263E-4
17.78	9	7.72815071662341E-4
17.8	10	8.58683412958157E-4
17.82	5	4.29341706479079E-4
17.84	-2	-1.71736682591631E-4
17.86	-2	-1.71736682591631E-4
17.88	-3	-2.57605023887447E-4
17.9	-6	-5.15210047774894E-4
17.92	0	0
17.94	-2	-1.71736682591631E-4
17.96	3	2.57605023887447E-4
17.98	1	8.58683412958157E-5
18	0	0
18.02	0	0
18.04	6	5.15210047774894E-4
18.06	7	6.0107838907071E-4
18.08	7	6.0107838907071E-4
18.1	2	1.71736682591631E-4
18.12	1	8.58683412958157E-5
18.14	3	2.57605023887447E-4
18.16	6	5.15210047774894E-4
18.18	2	1.71736682591631E-4
18.2	-1	-8.58683412958157E-5
18.22	-3	-2.57605023887447E-4
18.24	4	3.43473365183263E-4
18.26	7	6.0107838907071E-4
18.28	3	2.57605023887447E-4
18.3	1	8.58683412958157E-5
18.32	2	1.71736682591631E-4
18.34	7	6.0107838907071E-4
18.36	8	6.86946730366526E-4
18.38	6	5.15210047774894E-4
18.4	2	1.71736682591631E-4
18.42	3	2.57605023887447E-4
18.44	7	6.0107838907071E-4
18.46	2	1.71736682591631E-4
18.48	5	4.29341706479079E-4
18.5	9	7.72815071662341E-4
18.52	8	6.86946730366526E-4
18.54	2	1.71736682591631E-4
18.56	1	8.58683412958157E-5
18.58	0	0
18.6	2	1.71736682591631E-4
18.62	1	8.58683412958157E-5
18.64	4	3.43473365183263E-4
18.66	5	4.29341706479079E-4
18.68	-1	-8.58683412958157E-5
18.7	-2	-1.71736682591631E-4
18.72	-3	-2.57605023887447E-4
18.74	2	1.71736682591631E-4
18.76	-1	-8.58683412958157E-5
18.78	-5	-4.29341706479079E-4
18.8	-3	-2.57605023887447E-4
18.82	0	0
18.84	-1	-8.58683412958157E-5
18.86	-2	-1.71736682591631E-4
18.88	4	3.43473365183263E-4
18.9	6	5.15210047774894E-4
18.92	1	8.58683412958157E-5
18.94	-2	-1.71736682591631E-4
18.96	-2	-1.71736682591631E-4
18.98	-2	-1.71736682591631E-4
19	0	0
19.02	1	8.58683412958157E-5
19.04	-2	-1.71736682591631E-4
19.06	-1	-8.58683412958157E-5
19.08	2	1.71736682591631E-4
19.1	0	0
19.12	0	0
19.14	4	3.43473365183263E-4
19.16	6	5.15210047774894E-4
19.18	2	1.71736682591631E-4
19.2	-1	-8.58683412958157E-5
19.22	-1	-8.58683412958157E-5
19.24	6	5.15210047774894E-4
19.26	3	2.57605023887447E-4
19.28	4	3.43473365183263E-4
19.3	7	6.0107838907071E-4
19.32	7	6.0107838907071E-4
19.34	0	0
19.36	-2	-1.71736682591631E-4
19.38	4	3.43473365183263E-4
19.4	9	7.72815071662341E-4
19.42	6	5.15210047774894E-4
19.44	2	1.71736682591631E-4
19.46	1	8.58683412958157E-5
19.48	-2	-1.71736682591631E-4
19.5	3	2.57605023887447E-4
19.52	3	2.57605023887447E-4
19.54	4	3.43473365183263E-4
19.56	2	1.71736682591631E-4
19.58	0	0
19.6	4	3.43473365183263E-4
19.62	-2	-1.71736682591631E-4
19.64	7	6.0107838907071E-4
19.66	2	1.71736682591631E-4
19.68	2	1.71736682591631E-4
19.7	1	8.58683412958157E-5
19.72	3	2.57605023887447E-4
19.74	4	3.43473365183263E-4
19.76	7	6.0107838907071E-4
19.78	3	2.57605023887447E-4
19.8	0	0
19.82	0	0
19.84	1	8.58683412958157E-5
19.86	2	1.71736682591631E-4
19.88	2	1.71736682591631E-4
19.9	1	8.58683412958157E-5
19.92	-3	-2.57605023887447E-4
19.94	2	1.71736682591631E-4
19.96	4	3.43473365183263E-4
19.98	1	8.58683412958157E-5
20	1	8.58683412958157E-5
20.02	4	3.43473365183263E-4
20.04	7	6.0107838907071E-4
20.06	2	1.71736682591631E-4
20.08	-1	-8.58683412958157E-5
20.1	-2	-1.71736682591631E-4
20.12	2	1.71736682591631E-4
20.14	-2	-1.71736682591631E-4
20.16	-5	-4.29341706479079E-4
20.18	-4	-3.43473365183263E-4
20.2	-1	-8.58683412958157E-5
20.22	-5	-4.29341706479079E-4
20.24	0	0
20.26	-3	-2.57605023887447E-4
20.28	-1	-8.58683412958157E-5
20.3	2	1.71736682591631E-4
20.32	1	8.58683412958157E-5
20.34	1	8.58683412958157E-5
20.36	-1	-8.58683412958157E-5
20.38	4	3.43473365183263E-4
20.4	0	0
20.42	1	8.58683412958157E-5
20.44	6	5.15210047774894E-4
20.46	0	0
20.48	1	8.58683412958157E-5
20.5	3	2.57605023887447E-4
20.52	4	3.43473365183263E-4
20.54	1	8.58683412958157E-5
20.56	3	2.57605023887447E-4
20.58	3	2.57605023887447E-4
20.6	0	0
20.62	6	5.15210047774894E-4
20.64	3	2.57605023887447E-4
20.66	3	2.57605023887447E-4
20.68	3	2.57605023887447E-4
20.7	2	1.71736682591631E-4
20.72	2	1.71736682591631E-4
20.74	4	3.43473365183263E-4
20.76	4	3.43473365183263E-4
20.78	6	5.15210047774894E-4
20.8	3	2.57605023887447E-4
20.82	-1	-8.58683412958157E-5
20.84	2	1.71736682591631E-4
20.86	-1	-8.58683412958157E-5
20.88	1	8.58683412958157E-5
20.9	5	4.29341706479079E-4
20.92	-1	-8.58683412958157E-5
20.94	-1	-8.58683412958157E-5
20.96	3	2.57605023887447E-4
20.98	0	0
21	1	8.58683412958157E-5
21.02	0	0
21.04	0	0
21.06	-1	-8.58683412958157E-5
21.08	5	4.29341706479079E-4
21.1	2	1.71736682591631E-4
21.12	5	4.29341706479079E-4
21.14	1	8.58683412958157E-5
21.16	3	2.57605023887447E-4
21.18	-2	-1.71736682591631E-4
21.2	1	8.58683412958157E-5
21.22	-1	-8.58683412958157E-5
21.24	-6	-5.15210047774894E-4
21.26	-2	-1.71736682591631E-4
21.28	-1	-8.58683412958157E-5
21.3	-1	-8.58683412958157E-5
21.32	-4	-3.43473365183263E-4
21.34	-2	-1.71736682591631E-4
21.36	3	2.57605023887447E-4
21.38	2	1.71736682591631E-4
21.4	0	0
21.42	3	2.57605023887447E-4
21.44	0	0
21.46	-1	-8.58683412958157E-5
21.48	3	2.57605023887447E-4
21.5	1	8.58683412958157E-5
21.52	3	2.57605023887447E-4
21.54	1	8.58683412958157E-5
21.56	0	0
21.58	-2	-1.71736682591631E-4
21.6	0	0
21.62	-4	-3.43473365183263E-4
21.64	-7	-6.0107838907071E-4
21.66	1	8.58683412958157E-5
21.68	5	4.29341706479079E-4
21.7	1	8.58683412958157E-5
21.72	5	4.29341706479079E-4
21.74	6	5.15210047774894E-4
21.76	4	3.43473365183263E-4
21.78	0	0
21.8	4	3.43473365183263E-4
21.82	-1	-8.58683412958157E-5
21.84	-2	-1.71736682591631E-4
21.86	-5	-4.29341706479079E-4
21.88	-2	-1.71736682591631E-4
21.9	3	2.57605023887447E-4
21.92	2	1.71736682591631E-4
21.94	1	8.58683412958157E-5
21.96	-2	-1.71736682591631E-4
21.98	-1	-8.58683412958157E-5
22	1	8.58683412958157E-5
22.02	2	1.71736682591631E-4
22.04	2	1.71736682591631E-4
22.06	1	8.58683412958157E-5
22.08	-1	-8.58683412958157E-5
22.1	3	2.57605023887447E-4
22.12	-6	-5.15210047774894E-4
22.14	-3	-2.57605023887447E-4
22.16	-1	-8.58683412958157E-5
22.18	4	3.43473365183263E-4
22.2	2	1.71736682591631E-4
22.22	2	1.71736682591631E-4
22.24	1	8.58683412958157E-5
22.26	0	0
22.28	-1	-8.58683412958157E-5
22.3	-1	-8.58683412958157E-5
22.32	0	0
22.34	4	3.43473365183263E-4
22.36	4	3.43473365183263E-4
22.38	4	3.43473365183263E-4
22.4	-1	-8.58683412958157E-5
22.42	-4	-3.43473365183263E-4
22.44	-2	-1.71736682591631E-4
22.46	1	8.58683412958157E-5
22.48	0	0
22.5	-1	-8.58683412958157E-5
22.52	0	0
22.54	-3	-2.57605023887447E-4
22.56	-1	-8.58683412958157E-5
22.58	2	1.71736682591631E-4
22.6	3	2.57605023887447E-4
22.62	0	0
22.64	0	0
22.66	0	0
22.68	4	3.43473365183263E-4
22.7	1	8.58683412958157E-5
22.72	1	8.58683412958157E-5
22.74	3	2.57605023887447E-4
22.76	2	1.71736682591631E-4
22.78	5	4.29341706479079E-4
22.8	5	4.29341706479079E-4
22.82	4	3.43473365183263E-4
22.84	-6	-5.15210047774894E-4
22.86	5	4.29341706479079E-4
22.88	4	3.43473365183263E-4
22.9	-3	-2.57605023887447E-4
22.92	-2	-1.71736682591631E-4
22.94	-3	-2.57605023887447E-4
22.96	3	2.57605023887447E-4
22.98	1	8.58683412958157E-5
23	-2	-1.71736682591631E-4
23.02	1	8.58683412958157E-5
23.04	3	2.57605023887447E-4
23.06	1	8.58683412958157E-5
23.08	-1	-8.58683412958157E-5
23.1	4	3.43473365183263E-4
23.12	-1	-8.58683412958157E-5
23.14	0	0
23.16	2	1.71736682591631E-4
23.18	1	8.58683412958157E-5
23.2	9	7.72815071662341E-4
23.22	5	4.29341706479079E-4
23.24	2	1.71736682591631E-4
23.26	0	0
23.28	6	5.15210047774894E-4
23.3	5	4.29341706479079E-4
23.32	0	0
23.34	3	2.57605023887447E-4
23.36	0	0
23.38	1	8.58683412958157E-5
23.4	0	0
23.42	3	2.57605023887447E-4
23.44	1	8.58683412958157E-5
23.46	-2	-1.71736682591631E-4
23.48	-2	-1.71736682591631E-4
23.5	-2	-1.71736682591631E-4
23.52	-1	-8.58683412958157E-5
23.54	0	0
23.56	2	1.71736682591631E-4
23.58	-2	-1.71736682591631E-4
23.6	-1	-8.58683412958157E-5
23.62	-1	-8.58683412958157E-5
23.64	2	1.71736682591631E-4
23.66	-1	-8.58683412958157E-5
23.68	-5	-4.29341706479079E-4
23.7	-5	-4.29341706479079E-4
23.72	0	0
23.74	-3	-2.57605023887447E-4
23.76	-1	-8.58683412958157E-5
23.78	1	8.58683412958157E-5
23.8	4	3.43473365183263E-4
23.82	1	8.58683412958157E-5
23.84	2	1.71736682591631E-4
23.86	3	2.57605023887447E-4
23.88	-1	-8.58683412958157E-5
23.9	7	6.0107838907071E-4
23.92	5	4.29341706479079E-4
23.94	-1	-8.58683412958157E-5
23.96	5	4.29341706479079E-4
23.98	0	0
24	-2	-1.71736682591631E-4
24.02	4	3.43473365183263E-4
24.04	-3	-2.57605023887447E-4
24.06	0	0
24.08	-2	-1.71736682591631E-4
24.1	2	1.71736682591631E-4
24.12	1	8.58683412958157E-5
24.14	6	5.15210047774894E-4
24.16	1	8.58683412958157E-5
24.18	2	1.71736682591631E-4
24.2	0	0
24.22	-1	-8.58683412958157E-5
24.24	1	8.58683412958157E-5
24.26	-2	-1.71736682591631E-4
24.28	1	8.58683412958157E-5
24.3	-1	-8.58683412958157E-5
24.32	-1	-8.58683412958157E-5
24.34	-1	-8.58683412958157E-5
24.36	4	3.43473365183263E-4
24.38	-2	-1.71736682591631E-4
24.4	-4	-3.43473365183263E-4
24.42	3	2.57605023887447E-4
24.44	-3	-2.57605023887447E-4
24.46	-3	-2.57605023887447E-4
24.48	1	8.58683412958157E-5
24.5	0	0
24.52	-2	-1.71736682591631E-4
24.54	-1	-8.58683412958157E-5
24.56	0	0
24.58	0	0
24.6	4	3.43473365183263E-4
24.62	5	4.29341706479079E-4
24.64	2	1.71736682591631E-4
24.66	0	0
24.68	-5	-4.29341706479079E-4
24.7	-2	-1.71736682591631E-4
24.72	2	1.71736682591631E-4
24.74	0	0
24.76	-1	-8.58683412958157E-5
24.78	-1	-8.58683412958157E-5
24.8	0	0
24.82	-1	-8.58683412958157E-5
24.84	-1	-8.58683412958157E-5
24.86	3	2.57605023887447E-4
24.88	1	8.58683412958157E-5
24.9	-3	-2.57605023887447E-4
24.92	0	0
24.94	1	8.58683412958157E-5
24.96	2	1.71736682591631E-4
24.98	5	4.29341706479079E-4
25	1	8.58683412958157E-5
25.02	0	0
25.04	0	0
25.06	-2	-1.71736682591631E-4
25.08	-1	-8.58683412958157E-5
25.1	0	0
25.12	1	8.58683412958157E-5
25.14	2	1.71736682591631E-4
25.16	7	6.0107838907071E-4
25.18	-2	-1.71736682591631E-4
25.2	-6	-5.15210047774894E-4
25.22	-5	-4.29341706479079E-4
25.24	-2	-1.71736682591631E-4
25.26	-3	-2.57605023887447E-4
25.28	2	1.71736682591631E-4
25.3	3	2.57605023887447E-4
25.32	-4	-3.43473365183263E-4
25.34	-1	-8.58683412958157E-5
25.36	1	8.58683412958157E-5
25.38	2	1.71736682591631E-4
25.4	-2	-1.71736682591631E-4
25.42	2	1.71736682591631E-4
25.44	2	1.71736682591631E-4
25.46	-4	-3.43473365183263E-4
25.48	-4	-3.43473365183263E-4
25.5	-1	-8.58683412958157E-5
25.52	-1	-8.58683412958157E-5
25.54	-2	-1.71736682591631E-4
25.56	-5	-4.29341706479079E-4
25.58	-2	-1.71736682591631E-4
25.6	-2	-1.71736682591631E-4
25.62	1	8.58683412958157E-5
25.64	2	1.71736682591631E-4
25.66	1	8.58683412958157E-5
25.68	-1	-8.58683412958157E-5
25.7	-1	-8.58683412958157E-5
25.72	-1	-8.58683412958157E-5
25.74	1	8.58683412958157E-5
25.76	-4	-3.43473365183263E-4
25.78	1	8.58683412958157E-5
25.8	0	0
25.82	3	2.57605023887447E-4
25.84	0	0
25.86	2	1.71736682591631E-4
25.88	5	4.29341706479079E-4
25.9	2	1.71736682591631E-4
25.92	-1	-8.58683412958157E-5
25.94	1	8.58683412958157E-5
25.96	-1	-8.58683412958157E-5
25.98	-1	-8.58683412958157E-5
26	-3	-2.57605023887447E-4
26.02	-3	-2.57605023887447E-4
26.04	-3	-2.57605023887447E-4
26.06	3	2.57605023887447E-4
26.08	-2	-1.71736682591631E-4
26.1	2	1.71736682591631E-4
26.12	8	6.86946730366526E-4
26.14	-1	-8.58683412958157E-5
26.16	1	8.58683412958157E-5
26.18	-3	-2.57605023887447E-4
26.2	-3	-2.57605023887447E-4
26.22	-4	-3.43473365183263E-4
26.24	-3	-2.57605023887447E-4
26.26	2	1.71736682591631E-4
26.28	4	3.43473365183263E-4
26.3	1	8.58683412958157E-5
26.32	2	1.71736682591631E-4
26.34	0	0
26.36	-3	-2.57605023887447E-4
26.38	3	2.57605023887447E-4
26.4	0	0
26.42	7	6.0107838907071E-4
26.44	6	5.15210047774894E-4
26.46	1	8.58683412958157E-5
26.48	-1	-8.58683412958157E-5
26.5	-3	-2.57605023887447E-4
26.52	-5	-4.29341706479079E-4
26.54	1	8.58683412958157E-5
26.56	0	0
26.58	2	1.71736682591631E-4
26.6	0	0
26.62	2	1.71736682591631E-4
26.64	-3	-2.57605023887447E-4
26.66	-1	-8.58683412958157E-5
26.68	2	1.71736682591631E-4
26.7	0	0
26.72	1	8.58683412958157E-5
26.74	0	0
26.76	-1	-8.58683412958157E-5
26.78	1	8.58683412958157E-5
26.8	4	3.43473365183263E-4
26.82	6	5.15210047774894E-4
26.84	5	4.29341706479079E-4
26.86	0	0
26.88	0	0
26.9	-3	-2.57605023887447E-4
26.92	1	8.58683412958157E-5
26.94	-2	-1.71736682591631E-4
26.96	-3	-2.57605023887447E-4
26.98	5	4.29341706479079E-4
27	1	8.58683412958157E-5
27.02	3	2.57605023887447E-4
27.04	5	4.29341706479079E-4
27.06	-1	-8.58683412958157E-5
27.08	2	1.71736682591631E-4
27.1	6	5.15210047774894E-4
27.12	5	4.29341706479079E-4
27.14	1	8.58683412958157E-5
27.16	5	4.29341706479079E-4
27.18	1	8.58683412958157E-5
27.2	3	2.57605023887447E-4
27.22	0	0
27.24	-1	-8.58683412958157E-5
27.26	0	0
27.28	-6	-5.15210047774894E-4
27.3	6	5.15210047774894E-4
27.32	1	8.58683412958157E-5
27.34	0	0
27.36	1	8.58683412958157E-5
27.38	2	1.71736682591631E-4
27.4	-2	-1.71736682591631E-4
27.42	-7	-6.0107838907071E-4
27.44	-4	-3.43473365183263E-4
27.46	-1	-8.58683412958157E-5
27.48	-2	-1.71736682591631E-4
27.5	-1	-8.58683412958157E-5
27.52	-1	-8.58683412958157E-5
27.54	4	3.43473365183263E-4
27.56	-3	-2.57605023887447E-4
27.58	-2	-1.71736682591631E-4
27.6	-2	-1.71736682591631E-4
27.62	-4	-3.43473365183263E-4
27.64	-2	-1.71736682591631E-4
27.66	2	1.71736682591631E-4
27.68	1	8.58683412958157E-5
27.7	1	8.58683412958157E-5
27.72	3	2.57605023887447E-4
27.74	-3	-2.57605023887447E-4
27.76	-2	-1.71736682591631E-4
27.78	-2	-1.71736682591631E-4
27.8	2	1.71736682591631E-4
27.82	-1	-8.58683412958157E-5
27.84	-4	-3.43473365183263E-4
27.86	6	5.15210047774894E-4
27.88	3	2.57605023887447E-4
27.9	-3	-2.57605023887447E-4
27.92	-2	-1.71736682591631E-4
27.94	0	0
27.96	-1	-8.58683412958157E-5
27.98	0	0
28	-1	-8.58683412958157E-5
28.02	-3	-2.57605023887447E-4
28.04	2	1.71736682591631E-4
28.06	1	8.58683412958157E-5
28.08	1	8.58683412958157E-5
28.1	0	0
28.12	-3	-2.57605023887447E-4
28.14	-3	-2.57605023887447E-4
28.16	0	0
28.18	3	2.57605023887447E-4
28.2	-3	-2.57605023887447E-4
28.22	-5	-4.29341706479079E-4
28.24	-2	-1.71736682591631E-4
28.26	-3	-2.57605023887447E-4
28.28	0	0
28.3	-2	-1.71736682591631E-4
28.32	-4	-3.43473365183263E-4
28.34	1	8.58683412958157E-5
28.36	1	8.58683412958157E-5
28.38	-2	-1.71736682591631E-4
28.4	3	2.57605023887447E-4
28.42	-2	-1.71736682591631E-4
28.44	0	0
28.46	-4	-3.43473365183263E-4
28.48	0	0
28.5	2	1.71736682591631E-4
28.52	3	2.57605023887447E-4
28.54	1	8.58683412958157E-5
28.56	-3	-2.57605023887447E-4
28.58	-3	-2.57605023887447E-4
28.6	-2	-1.71736682591631E-4
28.62	-2	-1.71736682591631E-4
28.64	0	0
28.66	3	2.57605023887447E-4
28.68	-2	-1.71736682591631E-4
28.7	2	1.71736682591631E-4
28.72	-3	-2.57605023887447E-4
28.74	-3	-2.57605023887447E-4
28.76	-6	-5.15210047774894E-4
28.78	-1	-8.58683412958157E-5
28.8	0	0
28.82	2	1.71736682591631E-4
28.84	-3	-2.57605023887447E-4
28.86	-1	-8.58683412958157E-5
28.88	5	4.29341706479079E-4
28.9	-2	-1.71736682591631E-4
28.92	0	0
28.94	5	4.29341706479079E-4
28.96	1	8.58683412958157E-5
28.98	-2	-1.71736682591631E-4
29	3	2.57605023887447E-4
29.02	6	5.15210047774894E-4
29.04	9	7.72815071662341E-4
29.06	1	8.58683412958157E-5
29.08	-1	-8.58683412958157E-5
29.1	-3	-2.57605023887447E-4
29.12	1	8.58683412958157E-5
29.14	-2	-1.71736682591631E-4
29.16	-3	-2.57605023887447E-4
29.18	-4	-3.43473365183263E-4
29.2	-8	-6.86946730366526E-4
29.22	-8	-6.86946730366526E-4
29.24	0	0
29.26	6	5.15210047774894E-4
29.28	5	4.29341706479079E-4
29.3	-5	-4.29341706479079E-4
29.32	-2	-1.71736682591631E-4
29.34	0	0
29.36	-1	-8.58683412958157E-5
29.38	-4	-3.43473365183263E-4
29.4	-1	-8.58683412958157E-5
29.42	1	8.58683412958157E-5
29.44	-1	-8.58683412958157E-5
29.46	-2	-1.71736682591631E-4
29.48	3	2.57605023887447E-4
29.5	-2	-1.71736682591631E-4
29.52	1	8.58683412958157E-5
29.54	-2	-1.71736682591631E-4
29.56	-2	-1.71736682591631E-4
29.58	-4	-3.43473365183263E-4
29.6	-3	-2.57605023887447E-4
29.62	-2	-1.71736682591631E-4
29.64	4	3.43473365183263E-4
29.66	4	3.43473365183263E-4
29.68	1	8.58683412958157E-5
29.7	-3	-2.57605023887447E-4
29.72	3	2.57605023887447E-4
29.74	-3	-2.57605023887447E-4
29.76	-2	-1.71736682591631E-4
29.78	0	0
29.8	0	0
29.82	2	1.71736682591631E-4
29.84	2	1.71736682591631E-4
29.86	-2	-1.71736682591631E-4
29.88	-1	-8.58683412958157E-5
29.9	-5	-4.29341706479079E-4
29.92	-9	-7.72815071662341E-4
29.94	-3	-2.57605023887447E-4
29.96	-1	-8.58683412958157E-5
29.98	2	1.71736682591631E-4
30	6	5.15210047774894E-4
30.02	-5	-4.29341706479079E-4
30.04	-2	-1.71736682591631E-4
30.06	-2	-1.71736682591631E-4
30.08	-1	-8.58683412958157E-5
30.1	1	8.58683412958157E-5
30.12	3	2.57605023887447E-4
30.14	2	1.71736682591631E-4
30.16	-1	-8.58683412958157E-5
30.18	1	8.58683412958157E-5
30.2	2	1.71736682591631E-4
30.22	-2	-1.71736682591631E-4
30.24	2	1.71736682591631E-4
30.26	1	8.58683412958157E-5
30.28	-2	-1.71736682591631E-4
30.3	0	0
30.32	2	1.71736682591631E-4
30.34	2	1.71736682591631E-4
30.36	1	8.58683412958157E-5
30.38	2	1.71736682591631E-4
30.4	-4	-3.43473365183263E-4
30.42	1	8.58683412958157E-5
30.44	0	0
30.46	3	2.57605023887447E-4
30.48	0	0
30.5	-3	-2.57605023887447E-4
30.52	-4	-3.43473365183263E-4
30.54	1	8.58683412958157E-5
30.56	3	2.57605023887447E-4
30.58	1	8.58683412958157E-5
30.6	1	8.58683412958157E-5
30.62	2	1.71736682591631E-4
30.64	1	8.58683412958157E-5
30.66	0	0
30.68	-3	-2.57605023887447E-4
30.7	1	8.58683412958157E-5
30.72	5	4.29341706479079E-4
30.74	3	2.57605023887447E-4
30.76	1	8.58683412958157E-5
30.78	4	3.43473365183263E-4
30.8	0	0
30.82	2	1.71736682591631E-4
30.84	1	8.58683412958157E-5
30.86	4	3.43473365183263E-4
30.88	-1	-8.58683412958157E-5
30.9	1	8.58683412958157E-5
30.92	2	1.71736682591631E-4
30.94	2	1.71736682591631E-4
30.96	0	0
30.98	1	8.58683412958157E-5
31	4	3.43473365183263E-4
31.02	2	1.71736682591631E-4
31.04	1	8.58683412958157E-5
31.06	-4	-3.43473365183263E-4
31.08	-4	-3.43473365183263E-4
31.1	0	0
31.12	-1	-8.58683412958157E-5
31.14	0	0
31.16	4	3.43473365183263E-4
31.18	8	6.86946730366526E-4
31.2	7	6.0107838907071E-4
31.22	3	2.57605023887447E-4
31.24	3	2.57605023887447E-4
31.26	1	8.58683412958157E-5
31.28	1	8.58683412958157E-5
31.3	-1	-8.58683412958157E-5
31.32	-2	-1.71736682591631E-4
31.34	-3	-2.57605023887447E-4
31.36	-5	-4.29341706479079E-4
31.38	0	0
31.4	3	2.57605023887447E-4
31.42	-5	-4.29341706479079E-4
31.44	-5	-4.29341706479079E-4
31.46	-1	-8.58683412958157E-5
31.48	-2	-1.71736682591631E-4
31.5	0	0
31.52	3	2.57605023887447E-4
31.54	-5	-4.29341706479079E-4
31.56	3	2.57605023887447E-4
31.58	-1	-8.58683412958157E-5
31.6	6	5.15210047774894E-4
31.62	4	3.43473365183263E-4
31.64	2	1.71736682591631E-4
31.66	0	0
31.68	4	3.43473365183263E-4
31.7	0	0
31.72	4	3.43473365183263E-4
31.74	-4	-3.43473365183263E-4
31.76	0	0
31.78	-1	-8.58683412958157E-5
31.8	4	3.43473365183263E-4
31.82	1	8.58683412958157E-5
31.84	-1	-8.58683412958157E-5
31.86	7	6.0107838907071E-4
31.88	6	5.15210047774894E-4
31.9	2	1.71736682591631E-4
31.92	3	2.57605023887447E-4
31.94	3	2.57605023887447E-4
31.96	6	5.15210047774894E-4
31.98	6	5.15210047774894E-4
32	2	1.71736682591631E-4
32.02	1	8.58683412958157E-5
32.04	5	4.29341706479079E-4
32.06	5	4.29341706479079E-4
32.08	-2	-1.71736682591631E-4
32.1	-4	-3.43473365183263E-4
32.12	4	3.43473365183263E-4
32.14	0	0
32.16	0	0
32.18	2	1.71736682591631E-4
32.2	2	1.71736682591631E-4
32.22	5	4.29341706479079E-4
32.24	1	8.58683412958157E-5
32.26	-2	-1.71736682591631E-4
32.28	2	1.71736682591631E-4
32.3	1	8.58683412958157E-5
32.32	3	2.57605023887447E-4
32.34	0	0
32.36	-5	-4.29341706479079E-4
32.38	-2	-1.71736682591631E-4
32.4	-1	-8.58683412958157E-5
32.42	0	0
32.44	4	3.43473365183263E-4
32.46	-3	-2.57605023887447E-4
32.48	-7	-6.0107838907071E-4
32.5	-1	-8.58683412958157E-5
32.52	3	2.57605023887447E-4
32.54	-1	-8.58683412958157E-5
32.56	-3	-2.57605023887447E-4
32.58	0	0
32.6	-5	-4.29341706479079E-4
32.62	-8	-6.86946730366526E-4
32.64	-4	-3.43473365183263E-4
32.66	-10	-8.58683412958157E-4
32.68	-5	-4.29341706479079E-4
32.7	-3	-2.57605023887447E-4
32.72	-1	-8.58683412958157E-5
32.74	0	0
32.76	3	2.57605023887447E-4
32.78	3	2.57605023887447E-4
32.8	8	6.86946730366526E-4
32.82	4	3.43473365183263E-4
32.84	3	2.57605023887447E-4
32.86	4	3.43473365183263E-4
32.88	4	3.43473365183263E-4
32.9	3	2.57605023887447E-4
32.92	-5	-4.29341706479079E-4
32.94	-5	-4.29341706479079E-4
32.96	-1	-8.58683412958157E-5
32.98	8	6.86946730366526E-4
33	1	8.58683412958157E-5
33.02	2	1.71736682591631E-4
33.04	4	3.43473365183263E-4
33.06	-1	-8.58683412958157E-5
33.08	2	1.71736682591631E-4
33.1	3	2.57605023887447E-4
33.12	5	4.29341706479079E-4
33.14	2	1.71736682591631E-4
33.16	-2	-1.71736682591631E-4
33.18	1	8.58683412958157E-5
33.2	2	1.71736682591631E-4
33.22	3	2.57605023887447E-4
33.24	0	0
33.26	-4	-3.43473365183263E-4
33.28	4	3.43473365183263E-4
33.3	4	3.43473365183263E-4
33.32	6	5.15210047774894E-4
33.34	4	3.43473365183263E-4
33.36	3	2.57605023887447E-4
33.38	3	2.57605023887447E-4
33.4	5	4.29341706479079E-4
33.42	4	3.43473365183263E-4
33.44	2	1.71736682591631E-4
33.46	-2	-1.71736682591631E-4
33.48	-1	-8.58683412958157E-5
33.5	1	8.58683412958157E-5
33.52	2	1.71736682591631E-4
33.54	3	2.57605023887447E-4
33.56	3	2.57605023887447E-4
33.58	2	1.71736682591631E-4
33.6	-4	-3.43473365183263E-4
33.62	-2	-1.71736682591631E-4
33.64	4	3.43473365183263E-4
33.66	1	8.58683412958157E-5
33.68	-4	-3.43473365183263E-4
33.7	-2	-1.71736682591631E-4
33.72	3	2.57605023887447E-4
33.74	5	4.29341706479079E-4
33.76	3	2.57605023887447E-4
33.78	0	0
33.8	6	5.15210047774894E-4
33.82	-2	-1.71736682591631E-4
33.84	-1	-8.58683412958157E-5
33.86	-2	-1.71736682591631E-4
33.88	-3	-2.57605023887447E-4
33.9	-5	-4.29341706479079E-4
33.92	-1	-8.58683412958157E-5
33.94	2	1.71736682591631E-4
33.96	-3	-2.57605023887447E-4
33.98	-1	-8.58683412958157E-5
34	-1	-8.58683412958157E-5
34.02	0	0
34.04	-2	-1.71736682591631E-4
34.06	4	3.43473365183263E-4
34.08	-4	-3.43473365183263E-4
34.1	-2	-1.71736682591631E-4
34.12	1	8.58683412958157E-5
34.14	-4	-3.43473365183263E-4
34.16	-3	-2.57605023887447E-4
34.18	1	8.58683412958157E-5
34.2	1	8.58683412958157E-5
34.22	2	1.71736682591631E-4
34.24	-5	-4.29341706479079E-4
34.26	-4	-3.43473365183263E-4
34.28	-2	-1.71736682591631E-4
34.3	-1	-8.58683412958157E-5
34.32	-3	-2.57605023887447E-4
34.34	1	8.58683412958157E-5
34.36	-5	-4.29341706479079E-4
34.38	-1	-8.58683412958157E-5
34.4	-1	-8.58683412958157E-5
34.42	4	3.43473365183263E-4
34.44	2	1.71736682591631E-4
34.46	3	2.57605023887447E-4
34.48	0	0
34.5	0	0
34.52	1	8.58683412958157E-5
34.54	-3	-2.57605023887447E-4
34.56	2	1.71736682591631E-4
34.58	3	2.57605023887447E-4
34.6	1	8.58683412958157E-5
34.62	1	8.58683412958157E-5
34.64	1	8.58683412958157E-5
34.66	0	0
34.68	2	1.71736682591631E-4
34.7	2	1.71736682591631E-4
34.72	1	8.58683412958157E-5
34.74	-1	-8.58683412958157E-5
34.76	-2	-1.71736682591631E-4
34.78	-1	-8.58683412958157E-5
34.8	-1	-8.58683412958157E-5
34.82	-2	-1.71736682591631E-4
34.84	0	0
34.86	4	3.43473365183263E-4
34.88	0	0
34.9	-1	-8.58683412958157E-5
34.92	-15	-0.00128802511943724
34.94	-2	-1.71736682591631E-4
34.96	2	1.71736682591631E-4
34.98	-4	-3.43473365183263E-4
35	2	1.71736682591631E-4
35.02	4	3.43473365183263E-4
35.04	1	8.58683412958157E-5
35.06	-3	-2.57605023887447E-4
35.08	1	8.58683412958157E-5
35.1	1	8.58683412958157E-5
35.12	-1	-8.58683412958157E-5
35.14	1	8.58683412958157E-5
35.16	-3	-2.57605023887447E-4
35.18	-9	-7.72815071662341E-4
35.2	0	0
35.22	0	0
35.24	5	4.29341706479079E-4
35.26	1	8.58683412958157E-5
35.28	0	0
35.3	1	8.58683412958157E-5
35.32	2	1.71736682591631E-4
35.34	-6	-5.15210047774894E-4
35.36	2	1.71736682591631E-4
35.38	1	8.58683412958157E-5
35.4	-6	-5.15210047774894E-4
35.42	-3	-2.57605023887447E-4
35.44	0	0
35.46	-2	-1.71736682591631E-4
35.48	0	0
35.5	3	2.57605023887447E-4
35.52	0	0
35.54	-3	-2.57605023887447E-4
35.56	1	8.58683412958157E-5
35.58	0	0
35.6	-2	-1.71736682591631E-4
35.62	0	0
35.64	-2	-1.71736682591631E-4
35.66	2	1.71736682591631E-4
35.68	2	1.71736682591631E-4
35.7	-2	-1.71736682591631E-4
35.72	-1	-8.58683412958157E-5
35.74	-3	-2.57605023887447E-4
35.76	1	8.58683412958157E-5
35.78	-2	-1.71736682591631E-4
35.8	-4	-3.43473365183263E-4
35.82	3	2.57605023887447E-4
35.84	5	4.29341706479079E-4
35.86	-2	-1.71736682591631E-4
35.88	3	2.57605023887447E-4
35.9	2	1.71736682591631E-4
35.92	5	4.29341706479079E-4
35.94	1	8.58683412958157E-5
35.96	1	8.58683412958157E-5
35.98	1	8.58683412958157E-5
36	1	8.58683412958157E-5
36.02	-3	-2.57605023887447E-4
36.04	0	0
36.06	-4	-3.43473365183263E-4
36.08	2	1.71736682591631E-4
36.1	-2	-1.71736682591631E-4
36.12	1	8.58683412958157E-5
36.14	3	2.57605023887447E-4
36.16	2	1.71736682591631E-4
36.18	0	0
36.2	5	4.29341706479079E-4
36.22	3	2.57605023887447E-4
36.24	4	3.43473365183263E-4
36.26	6	5.15210047774894E-4
36.28	2	1.71736682591631E-4
36.3	0	0
36.32	1	8.58683412958157E-5
36.34	0	0
36.36	6	5.15210047774894E-4
36.38	6	5.15210047774894E-4
36.4	-4	-3.43473365183263E-4
36.42	3	2.57605023887447E-4
36.44	1	8.58683412958157E-5
36.46	0	0
36.48	3	2.57605023887447E-4
36.5	0	0
36.52	-2	-1.71736682591631E-4
36.54	0	0
36.56	-3	-2.57605023887447E-4
36.58	-3	-2.57605023887447E-4
36.6	2	1.71736682591631E-4
36.62	6	5.15210047774894E-4
36.64	1	8.58683412958157E-5
36.66	3	2.57605023887447E-4
36.68	4	3.43473365183263E-4
36.7	6	5.15210047774894E-4
36.72	6	5.15210047774894E-4
36.74	3	2.57605023887447E-4
36.76	1	8.58683412958157E-5
36.78	1	8.58683412958157E-5
36.8	3	2.57605023887447E-4
36.82	4	3.43473365183263E-4
36.84	0	0
36.86	5	4.29341706479079E-4
36.88	3	2.57605023887447E-4
36.9	-1	-8.58683412958157E-5
36.92	-2	-1.71736682591631E-4
36.94	3	2.57605023887447E-4
36.96	-2	-1.71736682591631E-4
36.98	-3	-2.57605023887447E-4
37	0	0
37.02	4	3.43473365183263E-4
37.04	-1	-8.58683412958157E-5
37.06	2	1.71736682591631E-4
37.08	-2	-1.71736682591631E-4
37.1	3	2.57605023887447E-4
37.12	6	5.15210047774894E-4
37.14	-3	-2.57605023887447E-4
37.16	-3	-2.57605023887447E-4
37.18	-4	-3.43473365183263E-4
37.2	-4	-3.43473365183263E-4
37.22	1	8.58683412958157E-5
37.24	4	3.43473365183263E-4
37.26	4	3.43473365183263E-4
37.28	2	1.71736682591631E-4
37.3	-2	-1.71736682591631E-4
37.32	-2	-1.71736682591631E-4
37.34	-1	-8.58683412958157E-5
37.36	-4	-3.43473365183263E-4
37.38	-5	-4.29341706479079E-4
37.4	3	2.57605023887447E-4
37.42	-2	-1.71736682591631E-4
37.44	3	2.57605023887447E-4
37.46	2	1.71736682591631E-4
37.48	5	4.29341706479079E-4
37.5	7	6.0107838907071E-4
37.52	1	8.58683412958157E-5
37.54	-2	-1.71736682591631E-4
37.56	1	8.58683412958157E-5
37.58	-1	-8.58683412958157E-5
37.6	2	1.71736682591631E-4
37.62	-1	-8.58683412958157E-5
37.64	1	8.58683412958157E-5
37.66	-1	-8.58683412958157E-5
37.68	0	0
37.7	-3	-2.57605023887447E-4
37.72	-2	-1.71736682591631E-4
37.74	3	2.57605023887447E-4
37.76	0	0
37.78	-3	-2.57605023887447E-4
37.8	2	1.71736682591631E-4
37.82	-1	-8.58683412958157E-5
37.84	-2	-1.71736682591631E-4
37.86	1	8.58683412958157E-5
37.88	3	2.57605023887447E-4
37.9	-1	-8.58683412958157E-5
37.92	1	8.58683412958157E-5
37.94	3	2.57605023887447E-4
37.96	8	6.86946730366526E-4
37.98	3	2.57605023887447E-4
38	1	8.58683412958157E-5
38.02	1	8.58683412958157E-5
38.04	3	2.57605023887447E-4
38.06	-4	-3.43473365183263E-4
38.08	-2	-1.71736682591631E-4
38.1	-3	-2.57605023887447E-4
38.12	0	0
38.14	3	2.57605023887447E-4
38.16	-2	-1.71736682591631E-4
38.18	-1	-8.58683412958157E-5
38.2	0	0
38.22	11	9.44551754253973E-4
38.24	4	3.43473365183263E-4
38.26	-3	-2.57605023887447E-4
38.28	-2	-1.71736682591631E-4
38.3	2	1.71736682591631E-4
38.32	1	8.58683412958157E-5
38.34	2	1.71736682591631E-4
38.36	0	0
38.38	-4	-3.43473365183263E-4
38.4	-2	-1.71736682591631E-4
38.42	0	0
38.44	-4	-3.43473365183263E-4
38.46	-4	-3.43473365183263E-4
38.48	1	8.58683412958157E-5
38.5	4	3.43473365183263E-4
38.52	5	4.29341706479079E-4
38.54	2	1.71736682591631E-4
38.56	0	0
38.58	1	8.58683412958157E-5
38.6	3	2.57605023887447E-4
38.62	-2	-1.71736682591631E-4
38.64	-1	-8.58683412958157E-5
38.66	-3	-2.57605023887447E-4
38.68	3	2.57605023887447E-4
38.7	2	1.71736682591631E-4
38.72	-3	-2.57605023887447E-4
38.74	1	8.58683412958157E-5
38.76	-2	-1.71736682591631E-4
38.78	1	8.58683412958157E-5
38.8	5	4.29341706479079E-4
38.82	2	1.71736682591631E-4
38.84	3	2.57605023887447E-4
38.86	-1	-8.58683412958157E-5
38.88	1	8.58683412958157E-5
38.9	7	6.0107838907071E-4
38.92	7	6.0107838907071E-4
38.94	2	1.71736682591631E-4
38.96	-7	-6.0107838907071E-4
38.98	6	5.15210047774894E-4
39	2	1.71736682591631E-4
39.02	0	0
39.04	-1	-8.58683412958157E-5
39.06	-1	-8.58683412958157E-5
39.08	5	4.29341706479079E-4
39.1	2	1.71736682591631E-4
39.12	4	3.43473365183263E-4
39.14	2	1.71736682591631E-4
39.16	2	1.71736682591631E-4
39.18	-1	-8.58683412958157E-5
39.2	-2	-1.71736682591631E-4
39.22	-3	-2.57605023887447E-4
39.24	5	4.29341706479079E-4
39.26	4	3.43473365183263E-4
39.28	5	4.29341706479079E-4
39.3	7	6.0107838907071E-4
39.32	-2	-1.71736682591631E-4
39.34	2	1.71736682591631E-4
39.36	3	2.57605023887447E-4
39.38	-1	-8.58683412958157E-5
39.4	1	8.58683412958157E-5
39.42	4	3.43473365183263E-4
39.44	-5	-4.29341706479079E-4
39.46	-3	-2.57605023887447E-4
39.48	3	2.57605023887447E-4
39.5	1	8.58683412958157E-5
39.52	7	6.0107838907071E-4
39.54	5	4.29341706479079E-4
39.56	-1	-8.58683412958157E-5
39.58	2	1.71736682591631E-4
39.6	16	0.00137389346073305
39.62	-1	-8.58683412958157E-5
39.64	0	0
39.66	1	8.58683412958157E-5
39.68	3	2.57605023887447E-4
39.7	3	2.57605023887447E-4
39.72	4	3.43473365183263E-4
39.74	-2	-1.71736682591631E-4
39.76	5	4.29341706479079E-4
39.78	0	0
39.8	6	5.15210047774894E-4
39.82	1	8.58683412958157E-5
39.84	0	0
39.86	-3	-2.57605023887447E-4
39.88	-3	-2.57605023887447E-4
39.9	0	0
39.92	3	2.57605023887447E-4
39.94	-1	-8.58683412958157E-5
39.96	-2	-1.71736682591631E-4
39.98	1	8.58683412958157E-5
40	-2	-1.71736682591631E-4
40.02	-1	-8.58683412958157E-5
40.04	-1	-8.58683412958157E-5
40.06	-3	-2.57605023887447E-4
40.08	3	2.57605023887447E-4
40.1	2	1.71736682591631E-4
40.12	2	1.71736682591631E-4
40.14	8	6.86946730366526E-4
40.16	7	6.0107838907071E-4
40.18	2	1.71736682591631E-4
40.2	-3	-2.57605023887447E-4
40.22	0	0
40.24	-1	-8.58683412958157E-5
40.26	0	0
40.28	-4	-3.43473365183263E-4
40.3	-4	-3.43473365183263E-4
40.32	0	0
40.34	3	2.57605023887447E-4
40.36	0	0
40.38	7	6.0107838907071E-4
40.4	3	2.57605023887447E-4
40.42	2	1.71736682591631E-4
40.44	7	6.0107838907071E-4
40.46	3	2.57605023887447E-4
40.48	-7	-6.0107838907071E-4
40.5	2	1.71736682591631E-4
40.52	1	8.58683412958157E-5
40.54	-5	-4.29341706479079E-4
40.56	-3	-2.57605023887447E-4
40.58	1	8.58683412958157E-5
40.6	6	5.15210047774894E-4
40.62	6	5.15210047774894E-4
40.64	2	1.71736682591631E-4
40.66	2	1.71736682591631E-4
40.68	4	3.43473365183263E-4
40.7	-1	-8.58683412958157E-5
40.72	1	8.58683412958157E-5
40.74	-1	-8.58683412958157E-5
40.76	2	1.71736682591631E-4
40.78	1	8.58683412958157E-5
40.8	1	8.58683412958157E-5
40.82	-2	-1.71736682591631E-4
40.84	-1	-8.58683412958157E-5
40.86	7	6.0107838907071E-4
40.88	-1	-8.58683412958157E-5
40.9	1	8.58683412958157E-5
40.92	2	1.71736682591631E-4
40.94	3	2.57605023887447E-4
40.96	6	5.15210047774894E-4
40.98	5	4.29341706479079E-4
41	1	8.58683412958157E-5
41.02	1	8.58683412958157E-5
41.04	2	1.71736682591631E-4
41.06	3	2.57605023887447E-4
41.08	0	0
41.1	2	1.71736682591631E-4
41.12	3	2.57605023887447E-4
41.14	0	0
41.16	-4	-3.43473365183263E-4
41.18	-1	-8.58683412958157E-5
41.2	-1	-8.58683412958157E-5
41.22	-2	-1.71736682591631E-4
41.24	-8	-6.86946730366526E-4
41.26	-3	-2.57605023887447E-4
41.28	4	3.43473365183263E-4
41.3	6	5.15210047774894E-4
41.32	4	3.43473365183263E-4
41.34	0	0
41.36	2	1.71736682591631E-4
41.38	-1	-8.58683412958157E-5
41.4	-1	-8.58683412958157E-5
41.42	-7	-6.0107838907071E-4
41.44	-5	-4.29341706479079E-4
41.46	1	8.58683412958157E-5
41.48	-2	-1.71736682591631E-4
41.5	-2	-1.71736682591631E-4
41.52	-1	-8.58683412958157E-5
41.54	-2	-1.71736682591631E-4
41.56	3	2.57605023887447E-4
41.58	5	4.29341706479079E-4
41.6	3	2.57605023887447E-4
41.62	4	3.43473365183263E-4
41.64	1	8.58683412958157E-5
41.66	1	8.58683412958157E-5
41.68	2	1.71736682591631E-4
41.7	-1	-8.58683412958157E-5
41.72	-1	-8.58683412958157E-5
41.74	-2	-1.71736682591631E-4
41.76	2	1.71736682591631E-4
41.78	-1	-8.58683412958157E-5
41.8	3	2.57605023887447E-4
41.82	1	8.58683412958157E-5
41.84	-1	-8.58683412958157E-5
41.86	2	1.71736682591631E-4
41.88	4	3.43473365183263E-4
41.9	-4	-3.43473365183263E-4
41.92	1	8.58683412958157E-5
41.94	-4	-3.43473365183263E-4
41.96	-4	-3.43473365183263E-4
41.98	-7	-6.0107838907071E-4
42	1	8.58683412958157E-5
42.02	1	8.58683412958157E-5
42.04	1	8.58683412958157E-5
42.06	-1	-8.58683412958157E-5
42.08	2	1.71736682591631E-4
42.1	0	0
42.12	-3	-2.57605023887447E-4
42.14	0	0
42.16	1	8.58683412958157E-5
42.18	-2	-1.71736682591631E-4
42.2	-4	-3.43473365183263E-4
42.22	-1	-8.58683412958157E-5
42.24	-2	-1.71736682591631E-4
42.26	-3	-2.57605023887447E-4
42.28	-1	-8.58683412958157E-5
42.3	-1	-8.58683412958157E-5
42.32	1	8.58683412958157E-5
42.34	-2	-1.71736682591631E-4
42.36	2	1.71736682591631E-4
42.38	4	3.43473365183263E-4
42.4	1	8.58683412958157E-5
42.42	-3	-2.57605023887447E-4
42.44	-4	-3.43473365183263E-4
42.46	-2	-1.71736682591631E-4
42.48	1	8.58683412958157E-5
42.5	-2	-1.71736682591631E-4
42.52	1	8.58683412958157E-5
42.54	4	3.43473365183263E-4
42.56	1	8.58683412958157E-5
42.58	0	0
42.6	-1	-8.58683412958157E-5
42.62	-9	-7.72815071662341E-4
42.64	-1	-8.58683412958157E-5
42.66	2	1.71736682591631E-4
42.68	-2	-1.71736682591631E-4
42.7	4	3.43473365183263E-4
42.72	-3	-2.57605023887447E-4
42.74	-1	-8.58683412958157E-5
42.76	3	2.57605023887447E-4
42.78	-2	-1.71736682591631E-4
42.8	-1	-8.58683412958157E-5
42.82	-4	-3.43473365183263E-4
42.84	-7	-6.0107838907071E-4
42.86	-3	-2.57605023887447E-4
42.88	-8	-6.86946730366526E-4
42.9	-5	-4.29341706479079E-4
42.92	-2	-1.71736682591631E-4
42.94	-2	-1.71736682591631E-4
42.96	-3	-2.57605023887447E-4
42.98	-3	-2.57605023887447E-4
43	-2	-1.71736682591631E-4
43.02	0	0
43.04	4	3.43473365183263E-4
43.06	3	2.57605023887447E-4
43.08	3	2.57605023887447E-4
43.1	0	0
43.12	-7	-6.0107838907071E-4
43.14	1	8.58683412958157E-5
43.16	3	2.57605023887447E-4
43.18	0	0
43.2	-6	-5.15210047774894E-4
43.22	-1	-8.58683412958157E-5
43.24	1	8.58683412958157E-5
43.26	1	8.58683412958157E-5
43.28	4	3.43473365183263E-4
43.3	2	1.71736682591631E-4
43.32	-2	-1.71736682591631E-4
43.34	-6	-5.15210047774894E-4
43.36	-1	-8.58683412958157E-5
43.38	-3	-2.57605023887447E-4
43.4	-7	-6.0107838907071E-4
43.42	-2	-1.71736682591631E-4
43.44	-4	-3.43473365183263E-4
43.46	-1	-8.58683412958157E-5
43.48	-3	-2.57605023887447E-4
43.5	0	0
43.52	0	0
43.54	3	2.57605023887447E-4
43.56	1	8.58683412958157E-5
43.58	1	8.58683412958157E-5
43.6	-6	-5.15210047774894E-4
43.62	-2	-1.71736682591631E-4
43.64	0	0
43.66	1	8.58683412958157E-5
43.68	0	0
43.7	-2	-1.71736682591631E-4
43.72	-3	-2.57605023887447E-4
43.74	-1	-8.58683412958157E-5
43.76	5	4.29341706479079E-4
43.78	2	1.71736682591631E-4
43.8	3	2.57605023887447E-4
43.82	3	2.57605023887447E-4
43.84	7	6.0107838907071E-4
43.86	1	8.58683412958157E-5
43.88	-2	-1.71736682591631E-4
43.9	-7	-6.0107838907071E-4
43.92	-4	-3.43473365183263E-4
43.94	-2	-1.71736682591631E-4
43.96	-3	-2.57605023887447E-4
43.98	-3	-2.57605023887447E-4
44	0	0
44.02	1	8.58683412958157E-5
44.04	-2	-1.71736682591631E-4
44.06	-1	-8.58683412958157E-5
44.08	-2	-1.71736682591631E-4
44.1	5	4.29341706479079E-4
44.12	3	2.57605023887447E-4
44.14	2	1.71736682591631E-4
44.16	-4	-3.43473365183263E-4
44.18	-8	-6.86946730366526E-4
44.2	-6	-5.15210047774894E-4
44.22	-1	-8.58683412958157E-5
44.24	2	1.71736682591631E-4
44.26	-1	-8.58683412958157E-5
44.28	-2	-1.71736682591631E-4
44.3	-10	-8.58683412958157E-4
44.32	-3	-2.57605023887447E-4
44.34	0	0
44.36	1	8.58683412958157E-5
44.38	4	3.43473365183263E-4
44.4	-2	-1.71736682591631E-4
44.42	-2	-1.71736682591631E-4
44.44	-3	-2.57605023887447E-4
44.46	-4	-3.43473365183263E-4
44.48	0	0
44.5	-3	-2.57605023887447E-4
44.52	-1	-8.58683412958157E-5
44.54	-1	-8.58683412958157E-5
44.56	-2	-1.71736682591631E-4
44.58	-4	-3.43473365183263E-4
44.6	-3	-2.57605023887447E-4
44.62	1	8.58683412958157E-5
44.64	4	3.43473365183263E-4
44.66	-2	-1.71736682591631E-4
44.68	3	2.57605023887447E-4
44.7	1	8.58683412958157E-5
44.72	1	8.58683412958157E-5
44.74	3	2.57605023887447E-4
44.76	-13	-0.0011162884368456
44.78	-2	-1.71736682591631E-4
44.8	4	3.43473365183263E-4
44.82	1	8.58683412958157E-5
44.84	0	0
44.86	0	0
44.88	6	5.15210047774894E-4
44.9	3	2.57605023887447E-4
44.92	0	0
44.94	-2	-1.71736682591631E-4
44.96	4	3.43473365183263E-4
44.98	2	1.71736682591631E-4
45	4	3.43473365183263E-4
45.02	3	2.57605023887447E-4
45.04	0	0
45.06	-1	-8.58683412958157E-5
45.08	-3	-2.57605023887447E-4
45.1	-2	-1.71736682591631E-4
45.12	-3	-2.57605023887447E-4
45.14	-3	-2.57605023887447E-4
45.16	-2	-1.71736682591631E-4
45.18	-6	-5.15210047774894E-4
45.2	-3	-2.57605023887447E-4
45.22	0	0
45.24	4	3.43473365183263E-4
45.26	0	0
45.28	0	0
45.3	5	4.29341706479079E-4
45.32	4	3.43473365183263E-4
45.34	2	1.71736682591631E-4
45.36	-2	-1.71736682591631E-4
45.38	2	1.71736682591631E-4
45.4	1	8.58683412958157E-5
45.42	4	3.43473365183263E-4
45.44	2	1.71736682591631E-4
45.46	3	2.57605023887447E-4
45.48	4	3.43473365183263E-4
45.5	-2	-1.71736682591631E-4
45.52	2	1.71736682591631E-4
45.54	0	0
45.56	3	2.57605023887447E-4
45.58	-1	-8.58683412958157E-5
45.6	6	5.15210047774894E-4
45.62	-6	-5.15210047774894E-4
45.64	-4	-3.43473365183263E-4
45.66	1	8.58683412958157E-5
45.68	3	2.57605023887447E-4
45.7	6	5.15210047774894E-4
45.72	1	8.58683412958157E-5
45.74	-4	-3.43473365183263E-4
45.76	-2	-1.71736682591631E-4
45.78	-2	-1.71736682591631E-4
45.8	3	2.57605023887447E-4
45.82	-2	-1.71736682591631E-4
45.84	-1	-8.58683412958157E-5
45.86	-2	-1.71736682591631E-4
45.88	6	5.15210047774894E-4
45.9	0	0
45.92	-1	-8.58683412958157E-5
45.94	-2	-1.71736682591631E-4
45.96	-3	-2.57605023887447E-4
45.98	-5	-4.29341706479079E-4
46	-5	-4.29341706479079E-4
46.02	1	8.58683412958157E-5
46.04	-1	-8.58683412958157E-5
46.06	-3	-2.57605023887447E-4
46.08	1	8.58683412958157E-5
46.1	-1	-8.58683412958157E-5
46.12	-3	-2.57605023887447E-4
46.14	1	8.58683412958157E-5
46.16	8	6.86946730366526E-4
46.18	1	8.58683412958157E-5
46.2	-4	-3.43473365183263E-4
46.22	-4	-3.43473365183263E-4
46.24	-2	-1.71736682591631E-4
46.26	3	2.57605023887447E-4
46.28	-2	-1.71736682591631E-4
46.3	1	8.58683412958157E-5
46.32	-1	-8.58683412958157E-5
46.34	1	8.58683412958157E-5
46.36	0	0
46.38	-1	-8.58683412958157E-5
46.4	0	0
46.42	-1	-8.58683412958157E-5
46.44	-1	-8.58683412958157E-5
46.46	10	8.58683412958157E-4
46.48	4	3.43473365183263E-4
46.5	-4	-3.43473365183263E-4
46.52	0	0
46.54	4	3.43473365183263E-4
46.56	6	5.15210047774894E-4
46.58	-1	-8.58683412958157E-5
46.6	-1	-8.58683412958157E-5
46.62	4	3.43473365183263E-4
46.64	-2	-1.71736682591631E-4
46.66	0	0
46.68	-2	-1.71736682591631E-4
46.7	-3	-2.57605023887447E-4
46.72	-4	-3.43473365183263E-4
46.74	-4	-3.43473365183263E-4
46.76	-2	-1.71736682591631E-4
46.78	-2	-1.71736682591631E-4
46.8	-3	-2.57605023887447E-4
46.82	-5	-4.29341706479079E-4
46.84	4	3.43473365183263E-4
46.86	0	0
46.88	-3	-2.57605023887447E-4
46.9	-3	-2.57605023887447E-4
46.92	-6	-5.15210047774894E-4
46.94	0	0
46.96	4	3.43473365183263E-4
46.98	1	8.58683412958157E-5
47	0	0
47.02	-2	-1.71736682591631E-4
47.04	-4	-3.43473365183263E-4
47.06	-7	-6.0107838907071E-4
47.08	8	6.86946730366526E-4
47.1	4	3.43473365183263E-4
47.12	-4	-3.43473365183263E-4
47.14	0	0
47.16	1	8.58683412958157E-5
47.18	0	0
47.2	2	1.71736682591631E-4
47.22	1	8.58683412958157E-5
47.24	5	4.29341706479079E-4
47.26	-3	-2.57605023887447E-4
47.28	-3	-2.57605023887447E-4
47.3	3	2.57605023887447E-4
47.32	4	3.43473365183263E-4
47.34	-2	-1.71736682591631E-4
47.36	-2	-1.71736682591631E-4
47.38	5	4.29341706479079E-4
47.4	0	0
47.42	0	0
47.44	-2	-1.71736682591631E-4
47.46	5	4.29341706479079E-4
47.48	2	1.71736682591631E-4
47.5	1	8.58683412958157E-5
47.52	-4	-3.43473365183263E-4
47.54	-3	-2.57605023887447E-4
47.56	1	8.58683412958157E-5
47.58	-6	-5.15210047774894E-4
47.6	-5	-4.29341706479079E-4
47.62	5	4.29341706479079E-4
47.64	3	2.57605023887447E-4
47.66	0	0
47.68	-3	-2.57605023887447E-4
47.7	1	8.58683412958157E-5
47.72	-1	-8.58683412958157E-5
47.74	4	3.43473365183263E-4
47.76	2	1.71736682591631E-4
47.78	-1	-8.58683412958157E-5
47.8	0	0
47.82	1	8.58683412958157E-5
47.84	6	5.15210047774894E-4
47.86	1	8.58683412958157E-5
47.88	9	7.72815071662341E-4
47.9	4	3.43473365183263E-4
47.92	1	8.58683412958157E-5
47.94	0	0
47.96	-2	-1.71736682591631E-4
47.98	3	2.57605023887447E-4
48	-2	-1.71736682591631E-4
48.02	2	1.71736682591631E-4
48.04	-1	-8.58683412958157E-5
48.06	-3	-2.57605023887447E-4
48.08	-2	-1.71736682591631E-4
48.1	0	0
48.12	-1	-8.58683412958157E-5
48.14	-9	-7.72815071662341E-4
48.16	-2	-1.71736682591631E-4
48.18	-2	-1.71736682591631E-4
48.2	3	2.57605023887447E-4
48.22	0	0
48.24	2	1.71736682591631E-4
48.26	-1	-8.58683412958157E-5
48.28	3	2.57605023887447E-4
48.3	1	8.58683412958157E-5
48.32	-2	-1.71736682591631E-4
48.34	2	1.71736682591631E-4
48.36	0	0
48.38	1	8.58683412958157E-5
48.4	2	1.71736682591631E-4
48.42	2	1.71736682591631E-4
48.44	1	8.58683412958157E-5
48.46	2	1.71736682591631E-4
48.48	2	1.71736682591631E-4
48.5	4	3.43473365183263E-4
48.52	3	2.57605023887447E-4
48.54	0	0
48.56	2	1.71736682591631E-4
48.58	-2	-1.71736682591631E-4
48.6	-5	-4.29341706479079E-4
48.62	0	0
48.64	0	0
48.66	4	3.43473365183263E-4
48.68	1	8.58683412958157E-5
48.7	1	8.58683412958157E-5
48.72	-1	-8.58683412958157E-5
48.74	-6	-5.15210047774894E-4
48.76	-4	-3.43473365183263E-4
48.78	1	8.58683412958157E-5
48.8	1	8.58683412958157E-5
48.82	3	2.57605023887447E-4
48.84	2	1.71736682591631E-4
48.86	-4	-3.43473365183263E-4
48.88	-2	-1.71736682591631E-4
48.9	1	8.58683412958157E-5
48.92	-1	-8.58683412958157E-5
48.94	-7	-6.0107838907071E-4
48.96	-3	-2.57605023887447E-4
48.98	-3	-2.57605023887447E-4
49	-4	-3.43473365183263E-4
49.02	-4	-3.43473365183263E-4
49.04	-7	-6.0107838907071E-4
49.06	-4	-3.43473365183263E-4
49.08	-12	-0.00103042009554979
49.1	-3	-2.57605023887447E-4
49.12	1	8.58683412958157E-5
49.14	-6	-5.15210047774894E-4
49.16	-1	-8.58683412958157E-5
49.18	1	8.58683412958157E-5
49.2	0	0
49.22	1	8.58683412958157E-5
49.24	1	8.58683412958157E-5
49.26	-2	-1.71736682591631E-4
49.28	-10	-8.58683412958157E-4
49.3	0	0
49.32	-4	-3.43473365183263E-4
49.34	-1	-8.58683412958157E-5
49.36	6	5.15210047774894E-4
49.38	-5	-4.29341706479079E-4
49.4	-3	-2.57605023887447E-4
49.42	-1	-8.58683412958157E-5
49.44	2	1.71736682591631E-4
49.46	-4	-3.43473365183263E-4
49.48	0	0
49.5	-4	-3.43473365183263E-4
49.52	-1	-8.58683412958157E-5
49.54	5	4.29341706479079E-4
49.56	-3	-2.57605023887447E-4
49.58	-1	-8.58683412958157E-5
49.6	9	7.72815071662341E-4
49.62	2	1.71736682591631E-4
49.64	2	1.71736682591631E-4
49.66	2	1.71736682591631E-4
49.68	4	3.43473365183263E-4
49.7	6	5.15210047774894E-4
49.72	-1	-8.58683412958157E-5
49.74	-4	-3.43473365183263E-4
49.76	-3	-2.57605023887447E-4
49.78	-5	-4.29341706479079E-4
49.8	0	0
49.82	0	0
49.84	-2	-1.71736682591631E-4
49.86	3	2.57605023887447E-4
49.88	-2	-1.71736682591631E-4
49.9	-1	-8.58683412958157E-5
49.92	4	3.43473365183263E-4
49.94	-4	-3.43473365183263E-4
49.96	-2	-1.71736682591631E-4
49.98	1	8.58683412958157E-5
50	-2	-1.71736682591631E-4
50.02	-3	-2.57605023887447E-4
50.04	-3	-2.57605023887447E-4
50.06	0	0
50.08	1	8.58683412958157E-5
50.1	5	4.29341706479079E-4
50.12	6	5.15210047774894E-4
50.14	-3	-2.57605023887447E-4
50.16	-4	-3.43473365183263E-4
50.18	-7	-6.0107838907071E-4
50.2	-7	-6.0107838907071E-4
50.22	-5	-4.29341706479079E-4
50.24	-5	-4.29341706479079E-4
50.26	2	1.71736682591631E-4
50.28	1	8.58683412958157E-5
50.3	1	8.58683412958157E-5
50.32	1	8.58683412958157E-5
50.34	3	2.57605023887447E-4
50.36	4	3.43473365183263E-4
50.38	-3	-2.57605023887447E-4
50.4	-2	-1.71736682591631E-4
50.42	-3	-2.57605023887447E-4
50.44	1	8.58683412958157E-5
50.46	3	2.57605023887447E-4
50.48	4	3.43473365183263E-4
50.5	2	1.71736682591631E-4
50.52	4	3.43473365183263E-4
50.54	2	1.71736682591631E-4
50.56	1	8.58683412958157E-5
50.58	-2	-1.71736682591631E-4
50.6	2	1.71736682591631E-4
50.62	1	8.58683412958157E-5
50.64	-2	-1.71736682591631E-4
50.66	-2	-1.71736682591631E-4
50.68	-1	-8.58683412958157E-5
50.7	1	8.58683412958157E-5
50.72	1	8.58683412958157E-5
50.74	2	1.71736682591631E-4
50.76	4	3.43473365183263E-4
50.78	-6	-5.15210047774894E-4
50.8	-3	-2.57605023887447E-4
50.82	1	8.58683412958157E-5
50.84	-1	-8.58683412958157E-5
50.86	-4	-3.43473365183263E-4
50.88	-4	-3.43473365183263E-4
50.9	2	1.71736682591631E-4
50.92	-7	-6.0107838907071E-4
50.94	1	8.58683412958157E-5
50.96	1	8.58683412958157E-5
50.98	0	0
51	-1	-8.58683412958157E-5
51.02	4	3.43473365183263E-4
51.04	-1	-8.58683412958157E-5
51.06	2	1.71736682591631E-4
51.08	6	5.15210047774894E-4
51.1	2	1.71736682591631E-4
51.12	1	8.58683412958157E-5
51.14	1	8.58683412958157E-5
51.16	-2	-1.71736682591631E-4
51.18	2	1.71736682591631E-4
51.2	2	1.71736682591631E-4
51.22	4	3.43473365183263E-4
51.24	-4	-3.43473365183263E-4
51.26	-3	-2.57605023887447E-4
51.28	3	2.57605023887447E-4
51.3	2	1.71736682591631E-4
51.32	0	0
51.34	3	2.57605023887447E-4
51.36	0	0
51.38	1	8.58683412958157E-5
51.4	-22	-0.00188910350850795
51.42	-1	-8.58683412958157E-5
51.44	4	3.43473365183263E-4
51.46	2	1.71736682591631E-4
51.48	2	1.71736682591631E-4
51.5	-2	-1.71736682591631E-4
51.52	-8	-6.86946730366526E-4
51.54	0	0
51.56	1	8.58683412958157E-5
51.58	6	5.15210047774894E-4
51.6	11	9.44551754253973E-4
51.62	0	0
51.64	-4	-3.43473365183263E-4
51.66	-7	-6.0107838907071E-4
51.68	-6	-5.15210047774894E-4
51.7	0	0
51.72	-5	-4.29341706479079E-4
51.74	-2	-1.71736682591631E-4
51.76	-1	-8.58683412958157E-5
51.78	-2	-1.71736682591631E-4
51.8	-5	-4.29341706479079E-4
51.82	-4	-3.43473365183263E-4
51.84	-5	-4.29341706479079E-4
51.86	3	2.57605023887447E-4
51.88	5	4.29341706479079E-4
51.9	5	4.29341706479079E-4
51.92	2	1.71736682591631E-4
51.94	-1	-8.58683412958157E-5
51.96	1	8.58683412958157E-5
51.98	0	0
52	0	0
52.02	-2	-1.71736682591631E-4
52.04	-1	-8.58683412958157E-5
52.06	1	8.58683412958157E-5
52.08	-1	-8.58683412958157E-5
52.1	-1	-8.58683412958157E-5
52.12	-2	-1.71736682591631E-4
52.14	0	0
52.16	3	2.57605023887447E-4
52.18	-3	-2.57605023887447E-4
52.2	3	2.57605023887447E-4
52.22	-3	-2.57605023887447E-4
52.24	-2	-1.71736682591631E-4
52.26	-1	-8.58683412958157E-5
52.28	-6	-5.15210047774894E-4
52.3	-7	-6.0107838907071E-4
52.32	-2	-1.71736682591631E-4
52.34	5	4.29341706479079E-4
52.36	10	8.58683412958157E-4
52.38	4	3.43473365183263E-4
52.4	-3	-2.57605023887447E-4
52.42	-5	-4.29341706479079E-4
52.44	-5	-4.29341706479079E-4
52.46	1	8.58683412958157E-5
52.48	2	1.71736682591631E-4
52.5	3	2.57605023887447E-4
52.52	3	2.57605023887447E-4
52.54	2	1.71736682591631E-4
52.56	4	3.43473365183263E-4
52.58	2	1.71736682591631E-4
52.6	1	8.58683412958157E-5
52.62	0	0
52.64	1	8.58683412958157E-5
52.66	-1	-8.58683412958157E-5
52.68	-1	-8.58683412958157E-5
52.7	-6	-5.15210047774894E-4
52.72	0	0
52.74	-8	-6.86946730366526E-4
52.76	-3	-2.57605023887447E-4
52.78	1	8.58683412958157E-5
52.8	0	0
52.82	2	1.71736682591631E-4
52.84	4	3.43473365183263E-4
52.86	7	6.0107838907071E-4
52.88	5	4.29341706479079E-4
52.9	3	2.57605023887447E-4
52.92	1	8.58683412958157E-5
52.94	2	1.71736682591631E-4
52.96	2	1.71736682591631E-4
52.98	-1	-8.58683412958157E-5
53	0	0
53.02	1	8.58683412958157E-5
53.04	-3	-2.57605023887447E-4
53.06	-2	-1.71736682591631E-4
53.08	-4	-3.43473365183263E-4
53.1	-3	-2.57605023887447E-4
53.12	-1	-8.58683412958157E-5
53.14	0	0
53.16	0	0
53.18	4	3.43473365183263E-4
53.2	0	0
53.22	-1	-8.58683412958157E-5
53.24	-3	-2.57605023887447E-4
53.26	-5	-4.29341706479079E-4
53.28	-6	-5.15210047774894E-4
53.3	1	8.58683412958157E-5
53.32	-1	-8.58683412958157E-5
53.34	0	0
53.36	-6	-5.15210047774894E-4
53.38	-2	-1.71736682591631E-4
53.4	4	3.43473365183263E-4
53.42	6	5.15210047774894E-4
53.44	5	4.29341706479079E-4
53.46	7	6.0107838907071E-4
53.48	3	2.57605023887447E-4
53.5	1	8.58683412958157E-5
53.52	3	2.57605023887447E-4
53.54	5	4.29341706479079E-4
53.56	4	3.43473365183263E-4
53.58	-5	-4.29341706479079E-4
53.6	2	1.71736682591631E-4
53.62	2	1.71736682591631E-4
53.64	3	2.57605023887447E-4
53.66	3	2.57605023887447E-4
53.68	2	1.71736682591631E-4
53.7	2	1.71736682591631E-4
53.72	-3	-2.57605023887447E-4
53.74	-3	-2.57605023887447E-4
53.76	-2	-1.71736682591631E-4
53.78	0	0
53.8	-2	-1.71736682591631E-4
53.82	-1	-8.58683412958157E-5
53.84	0	0
53.86	-3	-2.57605023887447E-4
53.88	-7	-6.0107838907071E-4
53.9	1	8.58683412958157E-5
53.92	5	4.29341706479079E-4
53.94	0	0
53.96	-3	-2.57605023887447E-4
53.98	-1	-8.58683412958157E-5
54	-1	-8.58683412958157E-5
54.02	0	0
54.04	0	0
54.06	3	2.57605023887447E-4
54.08	0	0
54.1	-2	-1.71736682591631E-4
54.12	4	3.43473365183263E-4
54.14	1	8.58683412958157E-5
54.16	-4	-3.43473365183263E-4
54.18	-5	-4.29341706479079E-4
54.2	4	3.43473365183263E-4
54.22	1	8.58683412958157E-5
54.24	-1	-8.58683412958157E-5
54.26	-3	-2.57605023887447E-4
54.28	3	2.57605023887447E-4
54.3	5	4.29341706479079E-4
54.32	-4	-3.43473365183263E-4
54.34	-5	-4.29341706479079E-4
54.36	1	8.58683412958157E-5
54.38	0	0
54.4	4	3.43473365183263E-4
54.42	-1	-8.58683412958157E-5
54.44	-1	-8.58683412958157E-5
54.46	1	8.58683412958157E-5
54.48	-3	-2.57605023887447E-4
54.5	0	0
54.52	2	1.71736682591631E-4
54.54	0	0
54.56	1	8.58683412958157E-5
54.58	2	1.71736682591631E-4
54.6	-1	-8.58683412958157E-5
54.62	0	0
54.64	-3	-2.57605023887447E-4
54.66	3	2.57605023887447E-4
54.68	-1	-8.58683412958157E-5
54.7	2	1.71736682591631E-4
54.72	-1	-8.58683412958157E-5
54.74	-4	-3.43473365183263E-4
54.76	-1	-8.58683412958157E-5
54.78	4	3.43473365183263E-4
54.8	-2	-1.71736682591631E-4
54.82	0	0
54.84	3	2.57605023887447E-4
54.86	0	0
54.88	4	3.43473365183263E-4
54.9	2	1.71736682591631E-4
54.92	0	0
54.94	1	8.58683412958157E-5
54.96	2	1.71736682591631E-4
54.98	-3	-2.57605023887447E-4
55	-15	-0.00128802511943724
55.02	1	8.58683412958157E-5
55.04	5	4.29341706479079E-4
55.06	4	3.43473365183263E-4
55.08	1	8.58683412958157E-5
55.1	-2	-1.71736682591631E-4
55.12	-8	-6.86946730366526E-4
55.14	-2	-1.71736682591631E-4
55.16	-1	-8.58683412958157E-5
55.18	-2	-1.71736682591631E-4
55.2	2	1.71736682591631E-4
55.22	1	8.58683412958157E-5
55.24	-1	-8.58683412958157E-5
55.26	3	2.57605023887447E-4
55.28	4	3.43473365183263E-4
55.3	4	3.43473365183263E-4
55.32	7	6.0107838907071E-4
55.34	6	5.15210047774894E-4
55.36	-6	-5.15210047774894E-4
55.38	-3	-2.57605023887447E-4
55.4	1	8.58683412958157E-5
55.42	1	8.58683412958157E-5
55.44	-3	-2.57605023887447E-4
55.46	0	0
55.48	1	8.58683412958157E-5
55.5	1	8.58683412958157E-5
55.52	-1	-8.58683412958157E-5
55.54	0	0
55.56	-1	-8.58683412958157E-5
55.58	0	0
55.6	2	1.71736682591631E-4
55.62	-3	-2.57605023887447E-4
55.64	2	1.71736682591631E-4
55.66	-2	-1.71736682591631E-4
55.68	-2	-1.71736682591631E-4
55.7	-5	-4.29341706479079E-4
55.72	-3	-2.57605023887447E-4
55.74	5	4.29341706479079E-4
55.76	0	0
55.78	-1	-8.58683412958157E-5
55.8	-4	-3.43473365183263E-4
55.82	-2	-1.71736682591631E-4
55.84	1	8.58683412958157E-5
55.86	1	8.58683412958157E-5
55.88	3	2.57605023887447E-4
55.9	-1	-8.58683412958157E-5
55.92	1	8.58683412958157E-5
55.94	1	8.58683412958157E-5
55.96	3	2.57605023887447E-4
55.98	4	3.43473365183263E-4
56	-1	-8.58683412958157E-5
56.02	4	3.43473365183263E-4
56.04	5	4.29341706479079E-4
56.06	-3	-2.57605023887447E-4
56.08	-1	-8.58683412958157E-5
56.1	-1	-8.58683412958157E-5
56.12	1	8.58683412958157E-5
56.14	-1	-8.58683412958157E-5
56.16	-6	-5.15210047774894E-4
56.18	-2	-1.71736682591631E-4
56.2	2	1.71736682591631E-4
56.22	-1	-8.58683412958157E-5
56.24	-1	-8.58683412958157E-5
56.26	-6	-5.15210047774894E-4
56.28	-3	-2.57605023887447E-4
56.3	-5	-4.29341706479079E-4
56.32	1	8.58683412958157E-5
56.34	0	0
56.36	-4	-3.43473365183263E-4
56.38	2	1.71736682591631E-4
56.4	3	2.57605023887447E-4
56.42	5	4.29341706479079E-4
56.44	-4	-3.43473365183263E-4
56.46	1	8.58683412958157E-5
56.48	2	1.71736682591631E-4
56.5	-4	-3.43473365183263E-4
56.52	-3	-2.57605023887447E-4
56.54	-1	-8.58683412958157E-5
56.56	-1	-8.58683412958157E-5
56.58	4	3.43473365183263E-4
56.6	-1	-8.58683412958157E-5
56.62	-1	-8.58683412958157E-5
56.64	-2	-1.71736682591631E-4
56.66	-3	-2.57605023887447E-4
56.68	-3	-2.57605023887447E-4
56.7	2	1.71736682591631E-4
56.72	1	8.58683412958157E-5
56.74	2	1.71736682591631E-4
56.76	2	1.71736682591631E-4
56.78	0	0
56.8	1	8.58683412958157E-5
56.82	-1	-8.58683412958157E-5
56.84	4	3.43473365183263E-4
56.86	3	2.57605023887447E-4
56.88	1	8.58683412958157E-5
56.9	1	8.58683412958157E-5
56.92	0	0
56.94	3	2.57605023887447E-4
56.96	1	8.58683412958157E-5
56.98	1	8.58683412958157E-5
57	-2	-1.71736682591631E-4
57.02	-3	-2.57605023887447E-4
57.04	-5	-4.29341706479079E-4
57.06	-2	-1.71736682591631E-4
57.08	3	2.57605023887447E-4
57.1	9	7.72815071662341E-4
57.12	4	3.43473365183263E-4
57.14	2	1.71736682591631E-4
57.16	3	2.57605023887447E-4
57.18	4	3.43473365183263E-4
57.2	-4	-3.43473365183263E-4
57.22	-2	-1.71736682591631E-4
57.24	-1	-8.58683412958157E-5
57.26	3	2.57605023887447E-4
57.28	0	0
57.3	1	8.58683412958157E-5
57.32	0	0
57.34	1	8.58683412958157E-5
57.36	5	4.29341706479079E-4
57.38	4	3.43473365183263E-4
57.4	-2	-1.71736682591631E-4
57.42	-1	-8.58683412958157E-5
57.44	1	8.58683412958157E-5
57.46	-3	-2.57605023887447E-4
57.48	-5	-4.29341706479079E-4
57.5	1	8.58683412958157E-5
57.52	-1	-8.58683412958157E-5
57.54	-1	-8.58683412958157E-5
57.56	-4	-3.43473365183263E-4
57.58	-1	-8.58683412958157E-5
57.6	-2	-1.71736682591631E-4
57.62	-1	-8.58683412958157E-5
57.64	-5	-4.29341706479079E-4
57.66	-2	-1.71736682591631E-4
57.68	7	6.0107838907071E-4
57.7	2	1.71736682591631E-4
57.72	1	8.58683412958157E-5
57.74	-3	-2.57605023887447E-4
57.76	0	0
57.78	6	5.15210047774894E-4
57.8	7	6.0107838907071E-4
57.82	9	7.72815071662341E-4
57.84	0	0
57.86	-1	-8.58683412958157E-5
57.88	2	1.71736682591631E-4
57.9	0	0
57.92	2	1.71736682591631E-4
57.94	-1	-8.58683412958157E-5
57.96	-2	-1.71736682591631E-4
57.98	0	0
58	3	2.57605023887447E-4
58.02	-1	-8.58683412958157E-5
58.04	0	0
58.06	-6	-5.15210047774894E-4
58.08	-3	-2.57605023887447E-4
58.1	-2	-1.71736682591631E-4
58.12	-5	-4.29341706479079E-4
58.14	5	4.29341706479079E-4
58.16	3	2.57605023887447E-4
58.18	2	1.71736682591631E-4
58.2	6	5.15210047774894E-4
58.22	1	8.58683412958157E-5
58.24	-4	-3.43473365183263E-4
58.26	-2	-1.71736682591631E-4
58.28	-1	-8.58683412958157E-5
58.3	6	5.15210047774894E-4
58.32	6	5.15210047774894E-4
58.34	0	0
58.36	0	0
58.38	3	2.57605023887447E-4
58.4	6	5.15210047774894E-4
58.42	1	8.58683412958157E-5
58.44	-2	-1.71736682591631E-4
58.46	-2	-1.71736682591631E-4
58.48	3	2.57605023887447E-4
58.5	0	0
58.52	3	2.57605023887447E-4
58.54	1	8.58683412958157E-5
58.56	-5	-4.29341706479079E-4
58.58	-3	-2.57605023887447E-4
58.6	1	8.58683412958157E-5
58.62	6	5.15210047774894E-4
58.64	1	8.58683412958157E-5
58.66	0	0
58.68	3	2.57605023887447E-4
58.7	5	4.29341706479079E-4
58.72	-1	-8.58683412958157E-5
58.74	-2	-1.71736682591631E-4
58.76	1	8.58683412958157E-5
58.78	0	0
58.8	5	4.29341706479079E-4
58.82	6	5.15210047774894E-4
58.84	-4	-3.43473365183263E-4
58.86	3	2.57605023887447E-4
58.88	-2	-1.71736682591631E-4
58.9	-2	-1.71736682591631E-4
58.92	-2	-1.71736682591631E-4
58.94	-3	-2.57605023887447E-4
58.96	0	0
58.98	-3	-2.57605023887447E-4
59	-1	-8.58683412958157E-5
59.02	4	3.43473365183263E-4
59.04	1	8.58683412958157E-5
59.06	-1	-8.58683412958157E-5
59.08	-1	-8.58683412958157E-5
59.1	-1	-8.58683412958157E-5
59.12	2	1.71736682591631E-4
59.14	-1	-8.58683412958157E-5
59.16	-1	-8.58683412958157E-5
59.18	-4	-3.43473365183263E-4
59.2	-1	-8.58683412958157E-5
59.22	-2	-1.71736682591631E-4
59.24	-3	-2.57605023887447E-4
59.26	-1	-8.58683412958157E-5
59.28	-2	-1.71736682591631E-4
59.3	-2	-1.71736682591631E-4
59.32	-3	-2.57605023887447E-4
59.34	0	0
59.36	2	1.71736682591631E-4
59.38	0	0
59.4	-2	-1.71736682591631E-4
59.42	-1	-8.58683412958157E-5
59.44	-8	-6.86946730366526E-4
59.46	0	0
59.48	-2	-1.71736682591631E-4
59.5	1	8.58683412958157E-5
59.52	1	8.58683412958157E-5
59.54	8	6.86946730366526E-4
59.56	5	4.29341706479079E-4
59.58	-1	-8.58683412958157E-5
59.6	-2	-1.71736682591631E-4
59.62	-3	-2.57605023887447E-4
59.64	-5	-4.29341706479079E-4
59.66	-3	-2.57605023887447E-4
59.68	0	0
59.7	3	2.57605023887447E-4
59.72	-2	-1.71736682591631E-4
59.74	4	3.43473365183263E-4
59.76	0	0
59.78	-3	-2.57605023887447E-4
59.8	2	1.71736682591631E-4
59.82	2	1.71736682591631E-4
59.84	1	8.58683412958157E-5
59.86	2	1.71736682591631E-4
59.88	2	1.71736682591631E-4
59.9	0	0
59.92	0	0
59.94	-4	-3.43473365183263E-4
59.96	-2	-1.71736682591631E-4
59.98	5	4.29341706479079E-4
60	-2	-1.71736682591631E-4
60.02	-2	-1.71736682591631E-4
60.04	-1	-8.58683412958157E-5
60.06	1	8.58683412958157E-5
60.08	-5	-4.29341706479079E-4
60.1	-2	-1.71736682591631E-4
60.12	-8	-6.86946730366526E-4
60.14	1	8.58683412958157E-5
60.16	1	8.58683412958157E-5
60.18	0	0
60.2	-2	-1.71736682591631E-4
60.22	-4	-3.43473365183263E-4
60.24	-2	-1.71736682591631E-4
60.26	-2	-1.71736682591631E-4
60.28	3	2.57605023887447E-4
60.3	7	6.0107838907071E-4
60.32	0	0
60.34	-6	-5.15210047774894E-4
60.36	-5	-4.29341706479079E-4
60.38	1	8.58683412958157E-5
60.4	4	3.43473365183263E-4
60.42	2	1.71736682591631E-4
60.44	-2	-1.71736682591631E-4
60.46	3	2.57605023887447E-4
60.48	2	1.71736682591631E-4
60.5	-1	-8.58683412958157E-5
60.52	1	8.58683412958157E-5
60.54	1	8.58683412958157E-5
60.56	4	3.43473365183263E-4
60.58	3	2.57605023887447E-4
60.6	1	8.58683412958157E-5
60.62	-2	-1.71736682591631E-4
60.64	1	8.58683412958157E-5
60.66	3	2.57605023887447E-4
60.68	5	4.29341706479079E-4
60.7	7	6.0107838907071E-4
60.72	-1	-8.58683412958157E-5
60.74	2	1.71736682591631E-4
60.76	-3	-2.57605023887447E-4
60.78	-1	-8.58683412958157E-5
60.8	-4	-3.43473365183263E-4
60.82	0	0
60.84	1	8.58683412958157E-5
60.86	1	8.58683412958157E-5
60.88	-4	-3.43473365183263E-4
60.9	2	1.71736682591631E-4
60.92	1	8.58683412958157E-5
60.94	-2	-1.71736682591631E-4
60.96	-3	-2.57605023887447E-4
60.98	-4	-3.43473365183263E-4
61	-2	-1.71736682591631E-4
61.02	3	2.57605023887447E-4
61.04	2	1.71736682591631E-4
61.06	2	1.71736682591631E-4
61.08	2	1.71736682591631E-4
61.1	1	8.58683412958157E-5
61.12	2	1.71736682591631E-4
61.14	2	1.71736682591631E-4
61.16	-7	-6.0107838907071E-4
61.18	-6	-5.15210047774894E-4
61.2	0	0
61.22	-3	-2.57605023887447E-4
61.24	-4	-3.43473365183263E-4
61.26	2	1.71736682591631E-4
61.28	4	3.43473365183263E-4
61.3	0	0
61.32	-6	-5.15210047774894E-4
61.34	-4	-3.43473365183263E-4
61.36	2	1.71736682591631E-4
61.38	4	3.43473365183263E-4
61.4	3	2.57605023887447E-4
61.42	-1	-8.58683412958157E-5
61.44	2	1.71736682591631E-4
61.46	6	5.15210047774894E-4
61.48	2	1.71736682591631E-4
61.5	0	0
61.52	-6	-5.15210047774894E-4
61.54	1	8.58683412958157E-5
61.56	-3	-2.57605023887447E-4
61.58	-6	-5.15210047774894E-4
61.6	-4	-3.43473365183263E-4
61.62	0	0
61.64	-1	-8.58683412958157E-5
61.66	1	8.58683412958157E-5
61.68	1	8.58683412958157E-5
61.7	4	3.43473365183263E-4
61.72	3	2.57605023887447E-4
61.74	2	1.71736682591631E-4
61.76	6	5.15210047774894E-4
61.78	7	6.0107838907071E-4
61.8	-4	-3.43473365183263E-4
61.82	-3	-2.57605023887447E-4
61.84	-5	-4.29341706479079E-4
61.86	1	8.58683412958157E-5
61.88	-1	-8.58683412958157E-5
61.9	3	2.57605023887447E-4
61.92	2	1.71736682591631E-4
61.94	2	1.71736682591631E-4
61.96	-1	-8.58683412958157E-5
61.98	-1	-8.58683412958157E-5
62	0	0
62.02	7	6.0107838907071E-4
62.04	-1	-8.58683412958157E-5
62.06	-4	-3.43473365183263E-4
62.08	-1	-8.58683412958157E-5
62.1	-1	-8.58683412958157E-5
62.12	-7	-6.0107838907071E-4
62.14	-5	-4.29341706479079E-4
62.16	-1	-8.58683412958157E-5
62.18	-3	-2.57605023887447E-4
62.2	-1	-8.58683412958157E-5
62.22	5	4.29341706479079E-4
62.24	3	2.57605023887447E-4
62.26	3	2.57605023887447E-4
62.28	0	0
62.3	-2	-1.71736682591631E-4
62.32	-2	-1.71736682591631E-4
62.34	-2	-1.71736682591631E-4
62.36	-3	-2.57605023887447E-4
62.38	-3	-2.57605023887447E-4
62.4	2	1.71736682591631E-4
62.42	2	1.71736682591631E-4
62.44	-1	-8.58683412958157E-5
62.46	-2	-1.71736682591631E-4
62.48	-1	-8.58683412958157E-5
62.5	0	0
62.52	3	2.57605023887447E-4
62.54	6	5.15210047774894E-4
62.56	0	0
62.58	5	4.29341706479079E-4
62.6	0	0
62.62	-1	-8.58683412958157E-5
62.64	4	3.43473365183263E-4
62.66	7	6.0107838907071E-4
62.68	0	0
62.7	-5	-4.29341706479079E-4
62.72	0	0
62.74	3	2.57605023887447E-4
62.76	0	0
62.78	0	0
62.8	4	3.43473365183263E-4
62.82	8	6.86946730366526E-4
62.84	0	0
62.86	1	8.58683412958157E-5
62.88	1	8.58683412958157E-5
62.9	0	0
62.92	1	8.58683412958157E-5
62.94	1	8.58683412958157E-5
62.96	1	8.58683412958157E-5
62.98	-2	-1.71736682591631E-4
63	1	8.58683412958157E-5
63.02	-1	-8.58683412958157E-5
63.04	3	2.57605023887447E-4
63.06	-1	-8.58683412958157E-5
63.08	0	0
63.1	0	0
63.12	0	0
63.14	1	8.58683412958157E-5
63.16	1	8.58683412958157E-5
63.18	-3	-2.57605023887447E-4
63.2	-2	-1.71736682591631E-4
63.22	3	2.57605023887447E-4
63.24	-1	-8.58683412958157E-5
63.26	1	8.58683412958157E-5
63.28	0	0
63.3	1	8.58683412958157E-5
63.32	1	8.58683412958157E-5
63.34	-2	-1.71736682591631E-4
63.36	-1	-8.58683412958157E-5
63.38	-1	-8.58683412958157E-5
63.4	5	4.29341706479079E-4
63.42	2	1.71736682591631E-4
63.44	0	0
63.46	1	8.58683412958157E-5
63.48	-1	-8.58683412958157E-5
63.5	-2	-1.71736682591631E-4
63.52	1	8.58683412958157E-5
63.54	2	1.71736682591631E-4
63.56	0	0
63.58	-2	-1.71736682591631E-4
63.6	0	0
63.62	-3	-2.57605023887447E-4
63.64	-4	-3.43473365183263E-4
63.66	1	8.58683412958157E-5
63.68	1	8.58683412958157E-5
63.7	1	8.58683412958157E-5
63.72	0	0
63.74	4	3.43473365183263E-4
63.76	5	4.29341706479079E-4
63.78	2	1.71736682591631E-4
63.8	-1	-8.58683412958157E-5
63.82	-3	-2.57605023887447E-4
63.84	2	1.71736682591631E-4
63.86	-2	-1.71736682591631E-4
63.88	-3	-2.57605023887447E-4
63.9	-4	-3.43473365183263E-4
63.92	-2	-1.71736682591631E-4
63.94	-1	-8.58683412958157E-5
63.96	3	2.57605023887447E-4
63.98	2	1.71736682591631E-4
64	-1	-8.58683412958157E-5
64.02	0	0
64.04	2	1.71736682591631E-4
64.06	0	0
64.08	-5	-4.29341706479079E-4
64.1	-6	-5.15210047774894E-4
64.12	-4	-3.43473365183263E-4
64.14	-4	-3.43473365183263E-4
64.16	1	8.58683412958157E-5
64.18	-3	-2.57605023887447E-4
64.2	-4	-3.43473365183263E-4
64.22	0	0
64.24	-2	-1.71736682591631E-4
64.26	0	0
64.28	0	0
64.3	-2	-1.71736682591631E-4
64.32	-3	-2.57605023887447E-4
64.34	6	5.15210047774894E-4
64.36	5	4.29341706479079E-4
64.38	8	6.86946730366526E-4
64.4	2	1.71736682591631E-4
64.42	3	2.57605023887447E-4
64.44	1	8.58683412958157E-5
64.46	-2	-1.71736682591631E-4
64.48	-2	-1.71736682591631E-4
64.5	-1	-8.58683412958157E-5
64.52	-3	-2.57605023887447E-4
64.54	1	8.58683412958157E-5
64.56	-3	-2.57605023887447E-4
64.58	-2	-1.71736682591631E-4
64.6	2	1.71736682591631E-4
64.62	2	1.71736682591631E-4
64.64	3	2.57605023887447E-4
64.66	0	0
64.68	1	8.58683412958157E-5
64.7	2	1.71736682591631E-4
64.72	6	5.15210047774894E-4
64.74	-2	-1.71736682591631E-4
64.76	0	0
64.78	-1	-8.58683412958157E-5
64.8	2	1.71736682591631E-4
64.82	-2	-1.71736682591631E-4
64.84	-3	-2.57605023887447E-4
64.86	-2	-1.71736682591631E-4
64.88	-2	-1.71736682591631E-4
64.9	-3	-2.57605023887447E-4
64.92	-4	-3.43473365183263E-4
64.94	-3	-2.57605023887447E-4
64.96	0	0
64.98	-2	-1.71736682591631E-4
65	-2	-1.71736682591631E-4
65.02	2	1.71736682591631E-4
65.04	5	4.29341706479079E-4
65.06	0	0
65.08	-2	-1.71736682591631E-4
65.1	4	3.43473365183263E-4
65.12	2	1.71736682591631E-4
65.14	-5	-4.29341706479079E-4
65.16	-2	-1.71736682591631E-4
65.18	0	0
65.2	1	8.58683412958157E-5
65.22	2	1.71736682591631E-4
65.24	5	4.29341706479079E-4
65.26	5	4.29341706479079E-4
65.28	5	4.29341706479079E-4
65.3	-3	-2.57605023887447E-4
65.32	1	8.58683412958157E-5
65.34	3	2.57605023887447E-4
65.36	3	2.57605023887447E-4
65.38	2	1.71736682591631E-4
65.4	0	0
65.42	-5	-4.29341706479079E-4
65.44	-3	-2.57605023887447E-4
65.46	1	8.58683412958157E-5
65.48	-1	-8.58683412958157E-5
65.5	-1	-8.58683412958157E-5
65.52	-2	-1.71736682591631E-4
65.54	0	0
65.56	-3	-2.57605023887447E-4
65.58	-6	-5.15210047774894E-4
65.6	2	1.71736682591631E-4
65.62	3	2.57605023887447E-4
65.64	5	4.29341706479079E-4
65.66	0	0
65.68	1	8.58683412958157E-5
65.7	1	8.58683412958157E-5
65.72	1	8.58683412958157E-5
65.74	3	2.57605023887447E-4
65.76	-2	-1.71736682591631E-4
65.78	0	0
65.8	0	0
65.82	2	1.71736682591631E-4
65.84	-5	-4.29341706479079E-4
65.86	-3	-2.57605023887447E-4
65.88	1	8.58683412958157E-5
65.9	3	2.57605023887447E-4
65.92	1	8.58683412958157E-5
65.94	-2	-1.71736682591631E-4
65.96	-2	-1.71736682591631E-4
65.98	1	8.58683412958157E-5
66	2	1.71736682591631E-4
66.02	-3	-2.57605023887447E-4
66.04	-3	-2.57605023887447E-4
66.06	-2	-1.71736682591631E-4
66.08	1	8.58683412958157E-5
66.1	8	6.86946730366526E-4
66.12	3	2.57605023887447E-4
66.14	1	8.58683412958157E-5
66.16	-3	-2.57605023887447E-4
66.18	-2	-1.71736682591631E-4
66.2	2	1.71736682591631E-4
66.22	-3	-2.57605023887447E-4
66.24	1	8.58683412958157E-5
66.26	0	0
66.28	1	8.58683412958157E-5
66.3	2	1.71736682591631E-4
66.32	2	1.71736682591631E-4
66.34	0	0
66.36	2	1.71736682591631E-4
66.38	4	3.43473365183263E-4
66.4	-3	-2.57605023887447E-4
66.42	-1	-8.58683412958157E-5
66.44	2	1.71736682591631E-4
66.46	-1	-8.58683412958157E-5
66.48	1	8.58683412958157E-5
66.5	-2	-1.71736682591631E-4
66.52	1	8.58683412958157E-5
66.54	4	3.43473365183263E-4
66.56	-2	-1.71736682591631E-4
66.58	-3	-2.57605023887447E-4
66.6	1	8.58683412958157E-5
66.62	0	0
66.64	-3	-2.57605023887447E-4
66.66	3	2.57605023887447E-4
66.68	2	1.71736682591631E-4
66.7	-4	-3.43473365183263E-4
66.72	3	2.57605023887447E-4
66.74	2	1.71736682591631E-4
66.76	-3	-2.57605023887447E-4
66.78	-1	-8.58683412958157E-5
66.8	-2	-1.71736682591631E-4
66.82	1	8.58683412958157E-5
66.84	-2	-1.71736682591631E-4
66.86	3	2.57605023887447E-4
66.88	-1	-8.58683412958157E-5
66.9	-4	-3.43473365183263E-4
66.92	0	0
66.94	0	0
66.96	-5	-4.29341706479079E-4
66.98	0	0
67	1	8.58683412958157E-5
67.02	6	5.15210047774894E-4
67.04	3	2.57605023887447E-4
67.06	-2	-1.71736682591631E-4
67.08	-1	-8.58683412958157E-5
67.1	-4	-3.43473365183263E-4
67.12	-4	-3.43473365183263E-4
67.14	2	1.71736682591631E-4
67.16	4	3.43473365183263E-4
67.18	3	2.57605023887447E-4
67.2	2	1.71736682591631E-4
67.22	-2	-1.71736682591631E-4
67.24	0	0
67.26	1	8.58683412958157E-5
67.28	0	0
67.3	-4	-3.43473365183263E-4
67.32	-4	-3.43473365183263E-4
67.34	0	0
67.36	0	0
67.38	0	0
67.4	4	3.43473365183263E-4
67.42	4	3.43473365183263E-4
67.44	3	2.57605023887447E-4
67.46	4	3.43473365183263E-4
67.48	0	0
67.5	-3	-2.57605023887447E-4
67.52	-4	-3.43473365183263E-4
67.54	0	0
67.56	0	0
67.58	2	1.71736682591631E-4
67.6	0	0
67.62	0	0
67.64	5	4.29341706479079E-4
67.66	4	3.43473365183263E-4
67.68	1	8.58683412958157E-5
67.7	1	8.58683412958157E-5
67.72	1	8.58683412958157E-5
67.74	-1	-8.58683412958157E-5
67.76	2	1.71736682591631E-4
67.78	4	3.43473365183263E-4
67.8	5	4.29341706479079E-4
67.82	6	5.15210047774894E-4
67.84	1	8.58683412958157E-5
67.86	4	3.43473365183263E-4
67.88	-1	-8.58683412958157E-5
67.9	1	8.58683412958157E-5
67.92	-4	-3.43473365183263E-4
67.94	-2	-1.71736682591631E-4
67.96	-1	-8.58683412958157E-5
67.98	-2	-1.71736682591631E-4
68	-3	-2.57605023887447E-4
68.02	-5	-4.29341706479079E-4
68.04	-3	-2.57605023887447E-4
68.06	3	2.57605023887447E-4
68.08	0	0
68.1	0	0
68.12	1	8.58683412958157E-5
68.14	-4	-3.43473365183263E-4
68.16	0	0
68.18	-5	-4.29341706479079E-4
68.2	-6	-5.15210047774894E-4
68.22	-2	-1.71736682591631E-4
68.24	-3	-2.57605023887447E-4
68.26	-4	-3.43473365183263E-4
68.28	-1	-8.58683412958157E-5
68.3	0	0
68.32	1	8.58683412958157E-5
68.34	1	8.58683412958157E-5
68.36	-2	-1.71736682591631E-4
68.38	1	8.58683412958157E-5
68.4	1	8.58683412958157E-5
68.42	2	1.71736682591631E-4
68.44	4	3.43473365183263E-4
68.46	-2	-1.71736682591631E-4
68.48	0	0
68.5	0	0
68.52	-1	-8.58683412958157E-5
68.54	-1	-8.58683412958157E-5
68.56	3	2.57605023887447E-4
68.58	-5	-4.29341706479079E-4
68.6	4	3.43473365183263E-4
68.62	3	2.57605023887447E-4
68.64	0	0
68.66	0	0
68.68	-1	-8.58683412958157E-5
68.7	-1	-8.58683412958157E-5
68.72	-3	-2.57605023887447E-4
68.74	1	8.58683412958157E-5
68.76	4	3.43473365183263E-4
68.78	4	3.43473365183263E-4
68.8	-1	-8.58683412958157E-5
68.82	-1	-8.58683412958157E-5
68.84	4	3.43473365183263E-4
68.86	1	8.58683412958157E-5
68.88	0	0
68.9	0	0
68.92	-2	-1.71736682591631E-4
68.94	3	2.57605023887447E-4
68.96	1	8.58683412958157E-5
68.98	-2	-1.71736682591631E-4
69	-2	-1.71736682591631E-4
69.02	0	0
69.04	-1	-8.58683412958157E-5
69.06	3	2.57605023887447E-4
69.08	1	8.58683412958157E-5
69.1	-1	-8.58683412958157E-5
69.12	-3	-2.57605023887447E-4
69.14	-2	-1.71736682591631E-4
69.16	5	4.29341706479079E-4
69.18	0	0
69.2	-5	-4.29341706479079E-4
69.22	-3	-2.57605023887447E-4
69.24	2	1.71736682591631E-4
69.26	-2	-1.71736682591631E-4
69.28	4	3.43473365183263E-4
69.3	1	8.58683412958157E-5
69.32	0	0
69.34	0	0
69.36	-4	-3.43473365183263E-4
69.38	-9	-7.72815071662341E-4
69.4	-2	-1.71736682591631E-4
69.42	0	0
69.44	1	8.58683412958157E-5
69.46	0	0
69.48	4	3.43473365183263E-4
69.5	4	3.43473365183263E-4
69.52	1	8.58683412958157E-5
69.54	2	1.71736682591631E-4
69.56	1	8.58683412958157E-5
69.58	2	1.71736682591631E-4
69.6	6	5.15210047774894E-4
69.62	0	0
69.64	-3	-2.57605023887447E-4
69.66	-2	-1.71736682591631E-4
69.68	-3	-2.57605023887447E-4
69.7	0	0
69.72	-3	-2.57605023887447E-4
69.74	-1	-8.58683412958157E-5
69.76	2	1.71736682591631E-4
69.78	8	6.86946730366526E-4
69.8	4	3.43473365183263E-4
69.82	-2	-1.71736682591631E-4
69.84	-5	-4.29341706479079E-4
69.86	2	1.71736682591631E-4
69.88	5	4.29341706479079E-4
69.9	5	4.29341706479079E-4
69.92	1	8.58683412958157E-5
69.94	0	0
69.96	1	8.58683412958157E-5
69.98	-2	-1.71736682591631E-4
70	-1	-8.58683412958157E-5
70.02	1	8.58683412958157E-5
70.04	-1	-8.58683412958157E-5
70.06	-1	-8.58683412958157E-5
70.08	-5	-4.29341706479079E-4
70.1	0	0
70.12	4	3.43473365183263E-4
70.14	2	1.71736682591631E-4
70.16	0	0
70.18	-1	-8.58683412958157E-5
70.2	-2	-1.71736682591631E-4
70.22	1	8.58683412958157E-5
70.24	2	1.71736682591631E-4
70.26	4	3.43473365183263E-4
70.28	7	6.0107838907071E-4
70.3	1	8.58683412958157E-5
70.32	1	8.58683412958157E-5
70.34	2	1.71736682591631E-4
70.36	-2	-1.71736682591631E-4
70.38	-5	-4.29341706479079E-4
70.4	-3	-2.57605023887447E-4
70.42	-1	-8.58683412958157E-5
70.44	3	2.57605023887447E-4
70.46	0	0
70.48	1	8.58683412958157E-5
70.5	4	3.43473365183263E-4
70.52	3	2.57605023887447E-4
70.54	3	2.57605023887447E-4
70.56	-1	-8.58683412958157E-5
70.58	-1	-8.58683412958157E-5
70.6	0	0
70.62	1	8.58683412958157E-5
70.64	-1	-8.58683412958157E-5
70.66	-1	-8.58683412958157E-5
70.68	1	8.58683412958157E-5
70.7	-1	-8.58683412958157E-5
70.72	-3	-2.57605023887447E-4
70.74	-1	-8.58683412958157E-5
70.76	2	1.71736682591631E-4
70.78	3	2.57605023887447E-4
70.8	-2	-1.71736682591631E-4
70.82	7	6.0107838907071E-4
70.84	-1	-8.58683412958157E-5
70.86	-4	-3.43473365183263E-4
70.88	-2	-1.71736682591631E-4
70.9	4	3.43473365183263E-4
70.92	2	1.71736682591631E-4
70.94	4	3.43473365183263E-4
70.96	1	8.58683412958157E-5
70.98	9	7.72815071662341E-4
71	4	3.43473365183263E-4
71.02	3	2.57605023887447E-4
71.04	2	1.71736682591631E-4
71.06	2	1.71736682591631E-4
71.08	0	0
71.1	3	2.57605023887447E-4
71.12	0	0
71.14	0	0
71.16	-2	-1.71736682591631E-4
71.18	0	0
71.2	2	1.71736682591631E-4
71.22	-1	-8.58683412958157E-5
71.24	0	0
71.26	-1	-8.58683412958157E-5
71.28	-2	-1.71736682591631E-4
71.3	-2	-1.71736682591631E-4
71.32	-2	-1.71736682591631E-4
71.34	0	0
71.36	1	8.58683412958157E-5
71.38	-2	-1.71736682591631E-4
71.4	-7	-6.0107838907071E-4
71.42	-6	-5.15210047774894E-4
71.44	-2	-1.71736682591631E-4
71.46	0	0
71.48	1	8.58683412958157E-5
71.5	0	0
71.52	-4	-3.43473365183263E-4
71.54	-4	-3.43473365183263E-4
71.56	1	8.58683412958157E-5
71.58	1	8.58683412958157E-5
71.6	-3	-2.57605023887447E-4
71.62	-3	-2.57605023887447E-4
71.64	-1	-8.58683412958157E-5
71.66	0	0
71.68	0	0
71.7	1	8.58683412958157E-5
71.72	0	0
71.74	0	0
71.76	1	8.58683412958157E-5
71.78	3	2.57605023887447E-4
71.8	2	1.71736682591631E-4
71.82	0	0
71.84	2	1.71736682591631E-4
71.86	3	2.57605023887447E-4
71.88	0	0
71.9	-3	-2.57605023887447E-4
71.92	-4	-3.43473365183263E-4
71.94	-5	-4.29341706479079E-4
71.96	0	0
71.98	-2	-1.71736682591631E-4
72	2	1.71736682591631E-4
72.02	6	5.15210047774894E-4
72.04	4	3.43473365183263E-4
72.06	0	0
72.08	-2	-1.71736682591631E-4
72.1	0	0
72.12	-4	-3.43473365183263E-4
72.14	-1	-8.58683412958157E-5
72.16	-1	-8.58683412958157E-5
72.18	-6	-5.15210047774894E-4
72.2	-2	-1.71736682591631E-4
72.22	-3	-2.57605023887447E-4
72.24	-7	-6.0107838907071E-4
72.26	-4	-3.43473365183263E-4
72.28	-3	-2.57605023887447E-4
72.3	-2	-1.71736682591631E-4
72.32	-1	-8.58683412958157E-5
72.34	-3	-2.57605023887447E-4
72.36	2	1.71736682591631E-4
72.38	-3	-2.57605023887447E-4
72.4	-2	-1.71736682591631E-4
72.42	0	0
72.44	-2	-1.71736682591631E-4
72.46	-1	-8.58683412958157E-5
72.48	-3	-2.57605023887447E-4
72.5	-1	-8.58683412958157E-5
72.52	1	8.58683412958157E-5
72.54	-1	-8.58683412958157E-5
72.56	1	8.58683412958157E-5
72.58	-3	-2.57605023887447E-4
72.6	4	3.43473365183263E-4
72.62	4	3.43473365183263E-4
72.64	-5	-4.29341706479079E-4
72.66	2	1.71736682591631E-4
72.68	-2	-1.71736682591631E-4
72.7	0	0
72.72	-1	-8.58683412958157E-5
72.74	-1	-8.58683412958157E-5
72.76	4	3.43473365183263E-4
72.78	1	8.58683412958157E-5
72.8	-2	-1.71736682591631E-4
72.82	-2	-1.71736682591631E-4
72.84	-5	-4.29341706479079E-4
72.86	2	1.71736682591631E-4
72.88	-2	-1.71736682591631E-4
72.9	-2	-1.71736682591631E-4
72.92	0	0
72.94	-2	-1.71736682591631E-4
72.96	2	1.71736682591631E-4
72.98	4	3.43473365183263E-4
73	-1	-8.58683412958157E-5
73.02	-4	-3.43473365183263E-4
73.04	1	8.58683412958157E-5
73.06	0	0
73.08	-2	-1.71736682591631E-4
73.1	2	1.71736682591631E-4
73.12	2	1.71736682591631E-4
73.14	-2	-1.71736682591631E-4
73.16	-1	-8.58683412958157E-5
73.18	-2	-1.71736682591631E-4
73.2	-3	-2.57605023887447E-4
73.22	-2	-1.71736682591631E-4
73.24	3	2.57605023887447E-4
73.26	1	8.58683412958157E-5
73.28	-1	-8.58683412958157E-5
73.3	-1	-8.58683412958157E-5
73.32	1	8.58683412958157E-5
73.34	2	1.71736682591631E-4
73.36	2	1.71736682591631E-4
73.38	-1	-8.58683412958157E-5
73.4	0	0
73.42	3	2.57605023887447E-4
73.44	-2	-1.71736682591631E-4
73.46	1	8.58683412958157E-5
73.48	5	4.29341706479079E-4
73.5	4	3.43473365183263E-4
73.52	5	4.29341706479079E-4
73.54	2	1.71736682591631E-4
73.56	-3	-2.57605023887447E-4
73.58	1	8.58683412958157E-5
73.6	0	0
73.62	-2	-1.71736682591631E-4
73.64	-1	-8.58683412958157E-5
73.66	-1	-8.58683412958157E-5
73.68	-2	-1.71736682591631E-4
73.7	-4	-3.43473365183263E-4
73.72	-4	-3.43473365183263E-4
73.74	0	0
73.76	0	0
73.78	-2	-1.71736682591631E-4
73.8	6	5.15210047774894E-4
73.82	-2	-1.71736682591631E-4
73.84	1	8.58683412958157E-5
73.86	1	8.58683412958157E-5
73.88	4	3.43473365183263E-4
73.9	3	2.57605023887447E-4
73.92	2	1.71736682591631E-4
73.94	0	0
73.96	-2	-1.71736682591631E-4
73.98	-1	-8.58683412958157E-5
74	-3	-2.57605023887447E-4
74.02	1	8.58683412958157E-5
74.04	2	1.71736682591631E-4
74.06	2	1.71736682591631E-4
74.08	0	0
74.1	2	1.71736682591631E-4
74.12	2	1.71736682591631E-4
74.14	4	3.43473365183263E-4
74.16	1	8.58683412958157E-5
74.18	0	0
74.2	0	0
74.22	-2	-1.71736682591631E-4
74.24	1	8.58683412958157E-5
74.26	3	2.57605023887447E-4
74.28	-1	-8.58683412958157E-5
74.3	2	1.71736682591631E-4
74.32	7	6.0107838907071E-4
74.34	0	0
74.36	-4	-3.43473365183263E-4
74.38	-5	-4.29341706479079E-4
74.4	0	0
74.42	-1	-8.58683412958157E-5
74.44	-1	-8.58683412958157E-5
74.46	0	0
74.48	0	0
74.5	2	1.71736682591631E-4
74.52	-4	-3.43473365183263E-4
74.54	-8	-6.86946730366526E-4
74.56	-4	-3.43473365183263E-4
74.58	-3	-2.57605023887447E-4
74.6	2	1.71736682591631E-4
74.62	1	8.58683412958157E-5
74.64	0	0
74.66	0	0
74.68	0	0
74.7	1	8.58683412958157E-5
74.72	-2	-1.71736682591631E-4
74.74	1	8.58683412958157E-5
74.76	2	1.71736682591631E-4
74.78	4	3.43473365183263E-4
74.8	-3	-2.57605023887447E-4
74.82	-1	-8.58683412958157E-5
74.84	3	2.57605023887447E-4
74.86	-2	-1.71736682591631E-4
74.88	0	0
74.9	0	0
74.92	-3	-2.57605023887447E-4
74.94	-3	-2.57605023887447E-4
74.96	-2	-1.71736682591631E-4
74.98	-1	-8.58683412958157E-5
