Time [µs]	v0J7	v0J7
	50k shots	50k shots
Laser Power [mJ]		power corrected
0	--	--
0.02	--	--
0.04	--	--
0.06	--	--
0.08	--	--
0.1	--	--
0.12	--	--
0.14	--	--
0.16	--	--
0.18	--	--
0.2	--	--
0.22	--	--
0.24	--	--
0.26	--	--
0.28	--	--
0.3	--	--
0.32	--	--
0.34	--	--
0.36	--	--
0.38	--	--
0.4	--	--
0.42	--	--
0.44	--	--
0.46	--	--
0.48	--	--
0.5	--	--
0.52	--	--
0.54	--	--
0.56	--	--
0.58	--	--
0.6	--	--
0.62	--	--
0.64	--	--
0.66	--	--
0.68	--	--
0.7	--	--
0.72	--	--
0.74	--	--
0.76	--	--
0.78	--	--
0.8	--	--
0.82	--	--
0.84	--	--
0.86	--	--
0.88	--	--
0.9	--	--
0.92	--	--
0.94	--	--
0.96	--	--
0.98	--	--
1	--	--
1.02	--	--
1.04	--	--
1.06	--	--
1.08	--	--
1.1	--	--
1.12	--	--
1.14	--	--
1.16	--	--
1.18	--	--
1.2	--	--
1.22	--	--
1.24	--	--
1.26	--	--
1.28	--	--
1.3	--	--
1.32	--	--
1.34	--	--
1.36	--	--
1.38	--	--
1.4	--	--
1.42	--	--
1.44	--	--
1.46	--	--
1.48	--	--
1.5	--	--
1.52	--	--
1.54	--	--
1.56	--	--
1.58	--	--
1.6	--	--
1.62	5	1.57502753600148E-4
1.64	7	2.20503855040208E-4
1.66	-3	-9.4501652160089E-5
1.68	-6	-1.89003304320178E-4
1.7	1	3.15005507200297E-5
1.72	1	3.15005507200297E-5
1.74	0	0
1.76	6	1.89003304320178E-4
1.78	8	2.52004405760237E-4
1.8	4	1.26002202880119E-4
1.82	2	6.30011014400594E-5
1.84	2	6.30011014400594E-5
1.86	12	3.78006608640356E-4
1.88	12	3.78006608640356E-4
1.9	6	1.89003304320178E-4
1.92	-2	-6.30011014400594E-5
1.94	4	1.26002202880119E-4
1.96	10	3.15005507200297E-4
1.98	17	5.35509362240505E-4
2	11	3.46506057920326E-4
2.02	-8	-2.52004405760237E-4
2.04	-4	-1.26002202880119E-4
2.06	-16	-5.04008811520475E-4
2.08	-15	-4.72508260800445E-4
2.1	3	9.4501652160089E-5
2.12	17	5.35509362240505E-4
2.14	15	4.72508260800445E-4
2.16	11	3.46506057920326E-4
2.18	-10	-3.15005507200297E-4
2.2	10	3.15005507200297E-4
2.22	15	4.72508260800445E-4
2.24	5	1.57502753600148E-4
2.26	-2	-6.30011014400594E-5
2.28	2	6.30011014400594E-5
2.3	1	3.15005507200297E-5
2.32	-17	-5.35509362240505E-4
2.34	-3	-9.4501652160089E-5
2.36	-1	-3.15005507200297E-5
2.38	-1	-3.15005507200297E-5
2.4	1	3.15005507200297E-5
2.42	-2	-6.30011014400594E-5
2.44	9	2.83504956480267E-4
2.46	2	6.30011014400594E-5
2.48	-14	-4.41007710080415E-4
2.5	-3	-9.4501652160089E-5
2.52	8	2.52004405760237E-4
2.54	1	3.15005507200297E-5
2.56	-7	-2.20503855040208E-4
2.58	-4	-1.26002202880119E-4
2.6	2	6.30011014400594E-5
2.62	3	9.4501652160089E-5
2.64	-7	-2.20503855040208E-4
2.66	-3	-9.4501652160089E-5
2.68	-5	-1.57502753600148E-4
2.7	0	0
2.72	-3	-9.4501652160089E-5
2.74	-1	-3.15005507200297E-5
2.76	12	3.78006608640356E-4
2.78	5	1.57502753600148E-4
2.8	-6	-1.89003304320178E-4
2.82	-3	-9.4501652160089E-5
2.84	-1	-3.15005507200297E-5
2.86	-1	-3.15005507200297E-5
2.88	5	1.57502753600148E-4
2.9	2	6.30011014400594E-5
2.92	4	1.26002202880119E-4
2.94	0	0
2.96	1	3.15005507200297E-5
2.98	2	6.30011014400594E-5
3	13	4.09507159360386E-4
3.02	5	1.57502753600148E-4
3.04	8	2.52004405760237E-4
3.06	8	2.52004405760237E-4
3.08	-10	-3.15005507200297E-4
3.1	-12	-3.78006608640356E-4
3.12	-5	-1.57502753600148E-4
3.14	-3	-9.4501652160089E-5
3.16	-2	-6.30011014400594E-5
3.18	2	6.30011014400594E-5
3.2	7	2.20503855040208E-4
3.22	2	6.30011014400594E-5
3.24	3	9.4501652160089E-5
3.26	-5	-1.57502753600148E-4
3.28	-8	-2.52004405760237E-4
3.3	-3	-9.4501652160089E-5
3.32	3	9.4501652160089E-5
3.34	6	1.89003304320178E-4
3.36	26	8.19014318720772E-4
3.38	-4	-1.26002202880119E-4
3.4	-5	-1.57502753600148E-4
3.42	-3	-9.4501652160089E-5
3.44	2	6.30011014400594E-5
3.46	13	4.09507159360386E-4
3.48	9	2.83504956480267E-4
3.5	6	1.89003304320178E-4
3.52	0	0
3.54	9	2.83504956480267E-4
3.56	-6	-1.89003304320178E-4
3.58	-4	-1.26002202880119E-4
3.6	8	2.52004405760237E-4
3.62	14	4.41007710080415E-4
3.64	-1	-3.15005507200297E-5
3.66	6	1.89003304320178E-4
3.68	7	2.20503855040208E-4
3.7	-7	-2.20503855040208E-4
3.72	-3	-9.4501652160089E-5
3.74	2	6.30011014400594E-5
3.76	5	1.57502753600148E-4
3.78	-4	-1.26002202880119E-4
3.8	-3	-9.4501652160089E-5
3.82	24	7.56013217280712E-4
3.84	0	0
3.86	1	3.15005507200297E-5
3.88	-3	-9.4501652160089E-5
3.9	3	9.4501652160089E-5
3.92	-6	-1.89003304320178E-4
3.94	-17	-5.35509362240505E-4
3.96	8	2.52004405760237E-4
3.98	6	1.89003304320178E-4
4	2	6.30011014400594E-5
4.02	7	2.20503855040208E-4
4.04	-6	-1.89003304320178E-4
4.06	-7	-2.20503855040208E-4
4.08	-1	-3.15005507200297E-5
4.1	1	3.15005507200297E-5
4.12	1	3.15005507200297E-5
4.14	3	9.4501652160089E-5
4.16	-8	-2.52004405760237E-4
4.18	-3	-9.4501652160089E-5
4.2	1	3.15005507200297E-5
4.22	3	9.4501652160089E-5
4.24	-5	-1.57502753600148E-4
4.26	-3	-9.4501652160089E-5
4.28	-1	-3.15005507200297E-5
4.3	-4	-1.26002202880119E-4
4.32	2	6.30011014400594E-5
4.34	8	2.52004405760237E-4
4.36	-2	-6.30011014400594E-5
4.38	2	6.30011014400594E-5
4.4	1	3.15005507200297E-5
4.42	10	3.15005507200297E-4
4.44	20	6.30011014400594E-4
4.46	13	4.09507159360386E-4
4.48	0	0
4.5	4	1.26002202880119E-4
4.52	1	3.15005507200297E-5
4.54	-2	-6.30011014400594E-5
4.56	-2	-6.30011014400594E-5
4.58	-7	-2.20503855040208E-4
4.6	-13	-4.09507159360386E-4
4.62	5	1.57502753600148E-4
4.64	-4	-1.26002202880119E-4
4.66	3	9.4501652160089E-5
4.68	0	0
4.7	-10	-3.15005507200297E-4
4.72	-18	-5.67009912960534E-4
4.74	0	0
4.76	5	1.57502753600148E-4
4.78	14	4.41007710080415E-4
4.8	12	3.78006608640356E-4
4.82	23	7.24512666560683E-4
4.84	-6	-1.89003304320178E-4
4.86	-10	-3.15005507200297E-4
4.88	-6	-1.89003304320178E-4
4.9	-9	-2.83504956480267E-4
4.92	0	0
4.94	7	2.20503855040208E-4
4.96	-9	-2.83504956480267E-4
4.98	-31	-9.7651707232092E-4
5	-12	-3.78006608640356E-4
5.02	21	6.61511565120623E-4
5.04	25	7.87513768000742E-4
5.06	23	7.24512666560683E-4
5.08	14	4.41007710080415E-4
5.1	6	1.89003304320178E-4
5.12	12	3.78006608640356E-4
5.14	15	4.72508260800445E-4
5.16	7	2.20503855040208E-4
5.18	-2	-6.30011014400594E-5
5.2	9	2.83504956480267E-4
5.22	1	3.15005507200297E-5
5.24	10	3.15005507200297E-4
5.26	17	5.35509362240505E-4
5.28	6	1.89003304320178E-4
5.3	5	1.57502753600148E-4
5.32	-2	-6.30011014400594E-5
5.34	-1	-3.15005507200297E-5
5.36	1	3.15005507200297E-5
5.38	4	1.26002202880119E-4
5.4	-14	-4.41007710080415E-4
5.42	-8	-2.52004405760237E-4
5.44	-1	-3.15005507200297E-5
5.46	16	5.04008811520475E-4
5.48	5	1.57502753600148E-4
5.5	9	2.83504956480267E-4
5.52	4	1.26002202880119E-4
5.54	-7	-2.20503855040208E-4
5.56	-12	-3.78006608640356E-4
5.58	5	1.57502753600148E-4
5.6	17	5.35509362240505E-4
5.62	8	2.52004405760237E-4
5.64	0	0
5.66	5	1.57502753600148E-4
5.68	15	4.72508260800445E-4
5.7	12	3.78006608640356E-4
5.72	-2	-6.30011014400594E-5
5.74	-6	-1.89003304320178E-4
5.76	7	2.20503855040208E-4
5.78	7	2.20503855040208E-4
5.8	18	5.67009912960534E-4
5.82	20	6.30011014400594E-4
5.84	-3	-9.4501652160089E-5
5.86	17	5.35509362240505E-4
5.88	18	5.67009912960534E-4
5.9	29	9.13515970880861E-4
5.92	22	6.93012115840653E-4
5.94	20	6.30011014400594E-4
5.96	21	6.61511565120623E-4
5.98	16	5.04008811520475E-4
6	28	8.82015420160831E-4
6.02	18	5.67009912960534E-4
6.04	31	9.7651707232092E-4
6.06	36	0.00113401982592107
6.08	29	9.13515970880861E-4
6.1	32	0.00100801762304095
6.12	26	8.19014318720772E-4
6.14	45	0.00141752478240134
6.16	39	0.00122852147808116
6.18	27	8.50514869440801E-4
6.2	44	0.00138602423168131
6.22	51	0.00160652808672151
6.24	77	0.00242554240544228
6.26	80	0.00252004405760237
6.28	68	0.00214203744896202
6.3	78	0.00245704295616231
6.32	87	0.00274054791264258
6.34	100	0.00315005507200297
6.36	113	0.00355956223136335
6.38	103	0.00324455672416306
6.4	78	0.00245704295616231
6.42	118	0.0037170649849635
6.44	132	0.00415807269504392
6.46	123	0.00387456773856365
6.48	106	0.00333905837632315
6.5	127	0.00400056994144377
6.52	124	0.00390606828928368
6.54	103	0.00324455672416306
6.56	113	0.00355956223136335
6.58	129	0.00406357104288383
6.6	117	0.00368556443424347
6.62	114	0.00359106278208338
6.64	129	0.00406357104288383
6.66	146	0.00459908040512433
6.68	149	0.00469358205728442
6.7	138	0.0043470759993641
6.72	123	0.00387456773856365
6.74	155	0.0048825853616046
6.76	118	0.0037170649849635
6.78	150	0.00472508260800445
6.8	134	0.00422107379648398
6.82	132	0.00415807269504392
6.84	115	0.00362256333280341
6.86	121	0.00381156663712359
6.88	107	0.00337055892704318
6.9	80	0.00252004405760237
6.92	105	0.00330755782560312
6.94	115	0.00362256333280341
6.96	126	0.00396906939072374
6.98	148	0.00466208150656439
7	107	0.00337055892704318
7.02	130	0.00409507159360386
7.04	107	0.00337055892704318
7.06	114	0.00359106278208338
7.08	111	0.00349656112992329
7.1	74	0.0023310407532822
7.12	77	0.00242554240544228
7.14	79	0.00248854350688234
7.16	75	0.00236254130400223
7.18	80	0.00252004405760237
7.2	88	0.00277204846336261
7.22	91	0.0028665501155227
7.24	90	0.00283504956480267
7.26	71	0.00223653910112211
7.28	85	0.00267754681120252
7.3	49	0.00154352698528145
7.32	70	0.00220503855040208
7.34	72	0.00226803965184214
7.36	88	0.00277204846336261
7.38	64	0.0020160352460819
7.4	64	0.0020160352460819
7.42	65	0.00204753579680193
7.44	60	0.00189003304320178
7.46	58	0.00182703194176172
7.48	65	0.00204753579680193
7.5	50	0.00157502753600148
7.52	69	0.00217353799968205
7.54	50	0.00157502753600148
7.56	36	0.00113401982592107
7.58	55	0.00173253028960163
7.6	40	0.00126002202880119
7.62	37	0.0011655203766411
7.64	37	0.0011655203766411
7.66	38	0.00119702092736113
7.68	24	7.56013217280712E-4
7.7	33	0.00103951817376098
7.72	22	6.93012115840653E-4
7.74	21	6.61511565120623E-4
7.76	12	3.78006608640356E-4
7.78	15	4.72508260800445E-4
7.8	27	8.50514869440801E-4
7.82	33	0.00103951817376098
7.84	38	0.00119702092736113
7.86	32	0.00100801762304095
7.88	65	0.00204753579680193
7.9	33	0.00103951817376098
7.92	32	0.00100801762304095
7.94	33	0.00103951817376098
7.96	36	0.00113401982592107
7.98	32	0.00100801762304095
8	7	2.20503855040208E-4
8.02	-4	-1.26002202880119E-4
8.04	-9	-2.83504956480267E-4
8.06	-7	-2.20503855040208E-4
8.08	-2	-6.30011014400594E-5
8.1	7	2.20503855040208E-4
8.12	20	6.30011014400594E-4
8.14	24	7.56013217280712E-4
8.16	20	6.30011014400594E-4
8.18	10	3.15005507200297E-4
8.2	30	9.4501652160089E-4
8.22	32	0.00100801762304095
8.24	27	8.50514869440801E-4
8.26	37	0.0011655203766411
8.28	33	0.00103951817376098
8.3	21	6.61511565120623E-4
8.32	6	1.89003304320178E-4
8.34	11	3.46506057920326E-4
8.36	12	3.78006608640356E-4
8.38	22	6.93012115840653E-4
8.4	8	2.52004405760237E-4
8.42	-11	-3.46506057920326E-4
8.44	33	0.00103951817376098
8.46	28	8.82015420160831E-4
8.48	25	7.87513768000742E-4
8.5	15	4.72508260800445E-4
8.52	19	5.98510463680564E-4
8.54	15	4.72508260800445E-4
8.56	11	3.46506057920326E-4
8.58	8	2.52004405760237E-4
8.6	5	1.57502753600148E-4
8.62	-9	-2.83504956480267E-4
8.64	-6	-1.89003304320178E-4
8.66	21	6.61511565120623E-4
8.68	25	7.87513768000742E-4
8.7	20	6.30011014400594E-4
8.72	29	9.13515970880861E-4
8.74	23	7.24512666560683E-4
8.76	5	1.57502753600148E-4
8.78	18	5.67009912960534E-4
8.8	21	6.61511565120623E-4
8.82	6	1.89003304320178E-4
8.84	5	1.57502753600148E-4
8.86	17	5.35509362240505E-4
8.88	-11	-3.46506057920326E-4
8.9	-5	-1.57502753600148E-4
8.92	-11	-3.46506057920326E-4
8.94	0	0
8.96	8	2.52004405760237E-4
8.98	21	6.61511565120623E-4
9	18	5.67009912960534E-4
9.02	8	2.52004405760237E-4
9.04	26	8.19014318720772E-4
9.06	19	5.98510463680564E-4
9.08	0	0
9.1	-10	-3.15005507200297E-4
9.12	-11	-3.46506057920326E-4
9.14	9	2.83504956480267E-4
9.16	14	4.41007710080415E-4
9.18	19	5.98510463680564E-4
9.2	13	4.09507159360386E-4
9.22	25	7.87513768000742E-4
9.24	24	7.56013217280712E-4
9.26	5	1.57502753600148E-4
9.28	-7	-2.20503855040208E-4
9.3	2	6.30011014400594E-5
9.32	-4	-1.26002202880119E-4
9.34	6	1.89003304320178E-4
9.36	9	2.83504956480267E-4
9.38	0	0
9.4	-3	-9.4501652160089E-5
9.42	-6	-1.89003304320178E-4
9.44	4	1.26002202880119E-4
9.46	9	2.83504956480267E-4
9.48	16	5.04008811520475E-4
9.5	10	3.15005507200297E-4
9.52	-6	-1.89003304320178E-4
9.54	7	2.20503855040208E-4
9.56	1	3.15005507200297E-5
9.58	4	1.26002202880119E-4
9.6	-3	-9.4501652160089E-5
9.62	-3	-9.4501652160089E-5
9.64	0	0
9.66	15	4.72508260800445E-4
9.68	15	4.72508260800445E-4
9.7	-3	-9.4501652160089E-5
9.72	-12	-3.78006608640356E-4
9.74	-14	-4.41007710080415E-4
9.76	1	3.15005507200297E-5
9.78	-1	-3.15005507200297E-5
9.8	9	2.83504956480267E-4
9.82	9	2.83504956480267E-4
9.84	3	9.4501652160089E-5
9.86	-3	-9.4501652160089E-5
9.88	-17	-5.35509362240505E-4
9.9	3	9.4501652160089E-5
9.92	18	5.67009912960534E-4
9.94	1	3.15005507200297E-5
9.96	2	6.30011014400594E-5
9.98	1	3.15005507200297E-5
10	2	6.30011014400594E-5
10.02	9	2.83504956480267E-4
10.04	5	1.57502753600148E-4
10.06	-1	-3.15005507200297E-5
10.08	3	9.4501652160089E-5
10.1	11	3.46506057920326E-4
10.12	-2	-6.30011014400594E-5
10.14	7	2.20503855040208E-4
10.16	28	8.82015420160831E-4
10.18	-1	-3.15005507200297E-5
10.2	-7	-2.20503855040208E-4
10.22	-2	-6.30011014400594E-5
10.24	0	0
10.26	-2	-6.30011014400594E-5
10.28	8	2.52004405760237E-4
10.3	7	2.20503855040208E-4
10.32	6	1.89003304320178E-4
10.34	7	2.20503855040208E-4
10.36	10	3.15005507200297E-4
10.38	5	1.57502753600148E-4
10.4	1	3.15005507200297E-5
10.42	8	2.52004405760237E-4
10.44	4	1.26002202880119E-4
10.46	3	9.4501652160089E-5
10.48	0	0
10.5	11	3.46506057920326E-4
10.52	11	3.46506057920326E-4
10.54	8	2.52004405760237E-4
10.56	1	3.15005507200297E-5
10.58	0	0
10.6	-6	-1.89003304320178E-4
10.62	9	2.83504956480267E-4
10.64	10	3.15005507200297E-4
10.66	7	2.20503855040208E-4
10.68	1	3.15005507200297E-5
10.7	-7	-2.20503855040208E-4
10.72	1	3.15005507200297E-5
10.74	7	2.20503855040208E-4
10.76	9	2.83504956480267E-4
10.78	9	2.83504956480267E-4
10.8	-3	-9.4501652160089E-5
10.82	-1	-3.15005507200297E-5
10.84	-4	-1.26002202880119E-4
10.86	12	3.78006608640356E-4
10.88	5	1.57502753600148E-4
10.9	-1	-3.15005507200297E-5
10.92	5	1.57502753600148E-4
10.94	6	1.89003304320178E-4
10.96	5	1.57502753600148E-4
10.98	-1	-3.15005507200297E-5
11	0	0
11.02	-2	-6.30011014400594E-5
11.04	2	6.30011014400594E-5
11.06	4	1.26002202880119E-4
11.08	12	3.78006608640356E-4
11.1	2	6.30011014400594E-5
11.12	4	1.26002202880119E-4
11.14	4	1.26002202880119E-4
11.16	10	3.15005507200297E-4
11.18	18	5.67009912960534E-4
11.2	12	3.78006608640356E-4
11.22	6	1.89003304320178E-4
11.24	-3	-9.4501652160089E-5
11.26	1	3.15005507200297E-5
11.28	9	2.83504956480267E-4
11.3	16	5.04008811520475E-4
11.32	5	1.57502753600148E-4
11.34	1	3.15005507200297E-5
11.36	-1	-3.15005507200297E-5
11.38	5	1.57502753600148E-4
11.4	2	6.30011014400594E-5
11.42	11	3.46506057920326E-4
11.44	12	3.78006608640356E-4
11.46	5	1.57502753600148E-4
11.48	9	2.83504956480267E-4
11.5	-1	-3.15005507200297E-5
11.52	-2	-6.30011014400594E-5
11.54	13	4.09507159360386E-4
11.56	-4	-1.26002202880119E-4
11.58	-1	-3.15005507200297E-5
11.6	2	6.30011014400594E-5
11.62	-4	-1.26002202880119E-4
11.64	-4	-1.26002202880119E-4
11.66	7	2.20503855040208E-4
11.68	16	5.04008811520475E-4
11.7	14	4.41007710080415E-4
11.72	16	5.04008811520475E-4
11.74	4	1.26002202880119E-4
11.76	4	1.26002202880119E-4
11.78	11	3.46506057920326E-4
11.8	12	3.78006608640356E-4
11.82	12	3.78006608640356E-4
11.84	7	2.20503855040208E-4
11.86	5	1.57502753600148E-4
11.88	9	2.83504956480267E-4
11.9	-9	-2.83504956480267E-4
11.92	6	1.89003304320178E-4
11.94	0	0
11.96	6	1.89003304320178E-4
11.98	-4	-1.26002202880119E-4
12	-5	-1.57502753600148E-4
12.02	-11	-3.46506057920326E-4
12.04	2	6.30011014400594E-5
12.06	12	3.78006608640356E-4
12.08	10	3.15005507200297E-4
12.1	6	1.89003304320178E-4
12.12	1	3.15005507200297E-5
12.14	0	0
12.16	1	3.15005507200297E-5
12.18	3	9.4501652160089E-5
12.2	13	4.09507159360386E-4
12.22	12	3.78006608640356E-4
12.24	-5	-1.57502753600148E-4
12.26	-2	-6.30011014400594E-5
12.28	4	1.26002202880119E-4
12.3	5	1.57502753600148E-4
12.32	3	9.4501652160089E-5
12.34	8	2.52004405760237E-4
12.36	6	1.89003304320178E-4
12.38	4	1.26002202880119E-4
12.4	4	1.26002202880119E-4
12.42	12	3.78006608640356E-4
12.44	7	2.20503855040208E-4
12.46	8	2.52004405760237E-4
12.48	12	3.78006608640356E-4
12.5	2	6.30011014400594E-5
12.52	-3	-9.4501652160089E-5
12.54	1	3.15005507200297E-5
12.56	-6	-1.89003304320178E-4
12.58	10	3.15005507200297E-4
12.6	7	2.20503855040208E-4
12.62	3	9.4501652160089E-5
12.64	11	3.46506057920326E-4
12.66	7	2.20503855040208E-4
12.68	6	1.89003304320178E-4
12.7	15	4.72508260800445E-4
12.72	14	4.41007710080415E-4
12.74	3	9.4501652160089E-5
12.76	8	2.52004405760237E-4
12.78	-1	-3.15005507200297E-5
12.8	-5	-1.57502753600148E-4
12.82	1	3.15005507200297E-5
12.84	22	6.93012115840653E-4
12.86	1	3.15005507200297E-5
12.88	4	1.26002202880119E-4
12.9	3	9.4501652160089E-5
12.92	-2	-6.30011014400594E-5
12.94	-4	-1.26002202880119E-4
12.96	4	1.26002202880119E-4
12.98	1	3.15005507200297E-5
13	2	6.30011014400594E-5
13.02	5	1.57502753600148E-4
13.04	7	2.20503855040208E-4
13.06	0	0
13.08	3	9.4501652160089E-5
13.1	5	1.57502753600148E-4
13.12	3	9.4501652160089E-5
13.14	8	2.52004405760237E-4
13.16	5	1.57502753600148E-4
13.18	-4	-1.26002202880119E-4
13.2	-4	-1.26002202880119E-4
13.22	0	0
13.24	-9	-2.83504956480267E-4
13.26	-8	-2.52004405760237E-4
13.28	-2	-6.30011014400594E-5
13.3	-7	-2.20503855040208E-4
13.32	-3	-9.4501652160089E-5
13.34	-5	-1.57502753600148E-4
13.36	-2	-6.30011014400594E-5
13.38	-1	-3.15005507200297E-5
13.4	4	1.26002202880119E-4
13.42	2	6.30011014400594E-5
13.44	2	6.30011014400594E-5
13.46	-6	-1.89003304320178E-4
13.48	3	9.4501652160089E-5
13.5	14	4.41007710080415E-4
13.52	4	1.26002202880119E-4
13.54	-2	-6.30011014400594E-5
13.56	-3	-9.4501652160089E-5
13.58	2	6.30011014400594E-5
13.6	3	9.4501652160089E-5
13.62	1	3.15005507200297E-5
13.64	1	3.15005507200297E-5
13.66	2	6.30011014400594E-5
13.68	7	2.20503855040208E-4
13.7	2	6.30011014400594E-5
13.72	5	1.57502753600148E-4
13.74	7	2.20503855040208E-4
13.76	11	3.46506057920326E-4
13.78	6	1.89003304320178E-4
13.8	2	6.30011014400594E-5
13.82	6	1.89003304320178E-4
13.84	6	1.89003304320178E-4
13.86	-2	-6.30011014400594E-5
13.88	0	0
13.9	12	3.78006608640356E-4
13.92	3	9.4501652160089E-5
13.94	-1	-3.15005507200297E-5
13.96	4	1.26002202880119E-4
13.98	2	6.30011014400594E-5
14	2	6.30011014400594E-5
14.02	-8	-2.52004405760237E-4
14.04	1	3.15005507200297E-5
14.06	9	2.83504956480267E-4
14.08	6	1.89003304320178E-4
14.1	2	6.30011014400594E-5
14.12	0	0
14.14	10	3.15005507200297E-4
14.16	-1	-3.15005507200297E-5
14.18	2	6.30011014400594E-5
14.2	7	2.20503855040208E-4
14.22	4	1.26002202880119E-4
14.24	3	9.4501652160089E-5
14.26	5	1.57502753600148E-4
14.28	5	1.57502753600148E-4
14.3	1	3.15005507200297E-5
14.32	-4	-1.26002202880119E-4
14.34	6	1.89003304320178E-4
14.36	8	2.52004405760237E-4
14.38	-3	-9.4501652160089E-5
14.4	8	2.52004405760237E-4
14.42	4	1.26002202880119E-4
14.44	10	3.15005507200297E-4
14.46	6	1.89003304320178E-4
14.48	3	9.4501652160089E-5
14.5	0	0
14.52	8	2.52004405760237E-4
14.54	2	6.30011014400594E-5
14.56	9	2.83504956480267E-4
14.58	0	0
14.6	-2	-6.30011014400594E-5
14.62	8	2.52004405760237E-4
14.64	6	1.89003304320178E-4
14.66	6	1.89003304320178E-4
14.68	5	1.57502753600148E-4
14.7	-1	-3.15005507200297E-5
14.72	4	1.26002202880119E-4
14.74	2	6.30011014400594E-5
14.76	2	6.30011014400594E-5
14.78	6	1.89003304320178E-4
14.8	-5	-1.57502753600148E-4
14.82	-2	-6.30011014400594E-5
14.84	-1	-3.15005507200297E-5
14.86	1	3.15005507200297E-5
14.88	2	6.30011014400594E-5
14.9	1	3.15005507200297E-5
14.92	3	9.4501652160089E-5
14.94	9	2.83504956480267E-4
14.96	-5	-1.57502753600148E-4
14.98	8	2.52004405760237E-4
15	7	2.20503855040208E-4
15.02	1	3.15005507200297E-5
15.04	-3	-9.4501652160089E-5
15.06	-4	-1.26002202880119E-4
15.08	-2	-6.30011014400594E-5
15.1	-3	-9.4501652160089E-5
15.12	4	1.26002202880119E-4
15.14	-2	-6.30011014400594E-5
15.16	4	1.26002202880119E-4
15.18	6	1.89003304320178E-4
15.2	0	0
15.22	-5	-1.57502753600148E-4
15.24	-8	-2.52004405760237E-4
15.26	6	1.89003304320178E-4
15.28	1	3.15005507200297E-5
15.3	-3	-9.4501652160089E-5
15.32	1	3.15005507200297E-5
15.34	4	1.26002202880119E-4
15.36	8	2.52004405760237E-4
15.38	2	6.30011014400594E-5
15.4	3	9.4501652160089E-5
15.42	3	9.4501652160089E-5
15.44	-2	-6.30011014400594E-5
15.46	-9	-2.83504956480267E-4
15.48	-7	-2.20503855040208E-4
15.5	-9	-2.83504956480267E-4
15.52	-4	-1.26002202880119E-4
15.54	-6	-1.89003304320178E-4
15.56	-3	-9.4501652160089E-5
15.58	0	0
15.6	0	0
15.62	3	9.4501652160089E-5
15.64	11	3.46506057920326E-4
15.66	1	3.15005507200297E-5
15.68	-3	-9.4501652160089E-5
15.7	0	0
15.72	-2	-6.30011014400594E-5
15.74	4	1.26002202880119E-4
15.76	-1	-3.15005507200297E-5
15.78	-3	-9.4501652160089E-5
15.8	8	2.52004405760237E-4
15.82	11	3.46506057920326E-4
15.84	9	2.83504956480267E-4
15.86	2	6.30011014400594E-5
15.88	6	1.89003304320178E-4
15.9	2	6.30011014400594E-5
15.92	6	1.89003304320178E-4
15.94	3	9.4501652160089E-5
15.96	11	3.46506057920326E-4
15.98	10	3.15005507200297E-4
16	11	3.46506057920326E-4
16.02	0	0
16.04	7	2.20503855040208E-4
16.06	-3	-9.4501652160089E-5
16.08	-3	-9.4501652160089E-5
16.1	-6	-1.89003304320178E-4
16.12	-1	-3.15005507200297E-5
16.14	6	1.89003304320178E-4
16.16	4	1.26002202880119E-4
16.18	-1	-3.15005507200297E-5
16.2	6	1.89003304320178E-4
16.22	0	0
16.24	5	1.57502753600148E-4
16.26	-3	-9.4501652160089E-5
16.28	3	9.4501652160089E-5
16.3	-1	-3.15005507200297E-5
16.32	-9	-2.83504956480267E-4
16.34	1	3.15005507200297E-5
16.36	7	2.20503855040208E-4
16.38	1	3.15005507200297E-5
16.4	-4	-1.26002202880119E-4
16.42	-1	-3.15005507200297E-5
16.44	1	3.15005507200297E-5
16.46	-1	-3.15005507200297E-5
16.48	2	6.30011014400594E-5
16.5	4	1.26002202880119E-4
16.52	9	2.83504956480267E-4
16.54	4	1.26002202880119E-4
16.56	6	1.89003304320178E-4
16.58	1	3.15005507200297E-5
16.6	-5	-1.57502753600148E-4
16.62	-1	-3.15005507200297E-5
16.64	1	3.15005507200297E-5
16.66	3	9.4501652160089E-5
16.68	0	0
16.7	-7	-2.20503855040208E-4
16.72	-7	-2.20503855040208E-4
16.74	0	0
16.76	4	1.26002202880119E-4
16.78	9	2.83504956480267E-4
16.8	5	1.57502753600148E-4
16.82	-3	-9.4501652160089E-5
16.84	1	3.15005507200297E-5
16.86	3	9.4501652160089E-5
16.88	-1	-3.15005507200297E-5
16.9	0	0
16.92	-3	-9.4501652160089E-5
16.94	8	2.52004405760237E-4
16.96	9	2.83504956480267E-4
16.98	6	1.89003304320178E-4
17	-2	-6.30011014400594E-5
17.02	8	2.52004405760237E-4
17.04	4	1.26002202880119E-4
17.06	0	0
17.08	-4	-1.26002202880119E-4
17.1	-4	-1.26002202880119E-4
17.12	7	2.20503855040208E-4
17.14	3	9.4501652160089E-5
17.16	6	1.89003304320178E-4
17.18	2	6.30011014400594E-5
17.2	6	1.89003304320178E-4
17.22	7	2.20503855040208E-4
17.24	10	3.15005507200297E-4
17.26	0	0
17.28	-4	-1.26002202880119E-4
17.3	0	0
17.32	-3	-9.4501652160089E-5
17.34	-7	-2.20503855040208E-4
17.36	-6	-1.89003304320178E-4
17.38	3	9.4501652160089E-5
17.4	0	0
17.42	3	9.4501652160089E-5
17.44	1	3.15005507200297E-5
17.46	5	1.57502753600148E-4
17.48	7	2.20503855040208E-4
17.5	-1	-3.15005507200297E-5
17.52	1	3.15005507200297E-5
17.54	-4	-1.26002202880119E-4
17.56	0	0
17.58	0	0
17.6	-6	-1.89003304320178E-4
17.62	4	1.26002202880119E-4
17.64	1	3.15005507200297E-5
17.66	1	3.15005507200297E-5
17.68	5	1.57502753600148E-4
17.7	-8	-2.52004405760237E-4
17.72	-5	-1.57502753600148E-4
17.74	1	3.15005507200297E-5
17.76	1	3.15005507200297E-5
17.78	2	6.30011014400594E-5
17.8	2	6.30011014400594E-5
17.82	5	1.57502753600148E-4
17.84	0	0
17.86	4	1.26002202880119E-4
17.88	5	1.57502753600148E-4
17.9	-2	-6.30011014400594E-5
17.92	4	1.26002202880119E-4
17.94	0	0
17.96	-4	-1.26002202880119E-4
17.98	8	2.52004405760237E-4
18	2	6.30011014400594E-5
18.02	-2	-6.30011014400594E-5
18.04	5	1.57502753600148E-4
18.06	-4	-1.26002202880119E-4
18.08	-2	-6.30011014400594E-5
18.1	2	6.30011014400594E-5
18.12	7	2.20503855040208E-4
18.14	8	2.52004405760237E-4
18.16	0	0
18.18	2	6.30011014400594E-5
18.2	2	6.30011014400594E-5
18.22	-2	-6.30011014400594E-5
18.24	1	3.15005507200297E-5
18.26	3	9.4501652160089E-5
18.28	7	2.20503855040208E-4
18.3	3	9.4501652160089E-5
18.32	-8	-2.52004405760237E-4
18.34	-2	-6.30011014400594E-5
18.36	-10	-3.15005507200297E-4
18.38	-10	-3.15005507200297E-4
18.4	-5	-1.57502753600148E-4
18.42	1	3.15005507200297E-5
18.44	5	1.57502753600148E-4
18.46	12	3.78006608640356E-4
18.48	3	9.4501652160089E-5
18.5	0	0
18.52	2	6.30011014400594E-5
18.54	-1	-3.15005507200297E-5
18.56	4	1.26002202880119E-4
18.58	3	9.4501652160089E-5
18.6	5	1.57502753600148E-4
18.62	-2	-6.30011014400594E-5
18.64	-2	-6.30011014400594E-5
18.66	-6	-1.89003304320178E-4
18.68	2	6.30011014400594E-5
18.7	-1	-3.15005507200297E-5
18.72	-8	-2.52004405760237E-4
18.74	-2	-6.30011014400594E-5
18.76	-2	-6.30011014400594E-5
18.78	2	6.30011014400594E-5
18.8	0	0
18.82	-5	-1.57502753600148E-4
18.84	-1	-3.15005507200297E-5
18.86	4	1.26002202880119E-4
18.88	7	2.20503855040208E-4
18.9	5	1.57502753600148E-4
18.92	1	3.15005507200297E-5
18.94	-2	-6.30011014400594E-5
18.96	-4	-1.26002202880119E-4
18.98	5	1.57502753600148E-4
19	5	1.57502753600148E-4
19.02	-3	-9.4501652160089E-5
19.04	-2	-6.30011014400594E-5
19.06	-1	-3.15005507200297E-5
19.08	6	1.89003304320178E-4
19.1	0	0
19.12	3	9.4501652160089E-5
19.14	0	0
19.16	-2	-6.30011014400594E-5
19.18	-2	-6.30011014400594E-5
19.2	-3	-9.4501652160089E-5
19.22	3	9.4501652160089E-5
19.24	3	9.4501652160089E-5
19.26	-4	-1.26002202880119E-4
19.28	-6	-1.89003304320178E-4
19.3	3	9.4501652160089E-5
19.32	0	0
19.34	0	0
19.36	-2	-6.30011014400594E-5
19.38	5	1.57502753600148E-4
19.4	1	3.15005507200297E-5
19.42	2	6.30011014400594E-5
19.44	4	1.26002202880119E-4
19.46	9	2.83504956480267E-4
19.48	-2	-6.30011014400594E-5
19.5	-2	-6.30011014400594E-5
19.52	-2	-6.30011014400594E-5
19.54	3	9.4501652160089E-5
19.56	2	6.30011014400594E-5
19.58	-7	-2.20503855040208E-4
19.6	0	0
19.62	10	3.15005507200297E-4
19.64	12	3.78006608640356E-4
19.66	8	2.52004405760237E-4
19.68	1	3.15005507200297E-5
19.7	0	0
19.72	2	6.30011014400594E-5
19.74	1	3.15005507200297E-5
19.76	-1	-3.15005507200297E-5
19.78	0	0
19.8	0	0
19.82	-7	-2.20503855040208E-4
19.84	-3	-9.4501652160089E-5
19.86	0	0
19.88	8	2.52004405760237E-4
19.9	2	6.30011014400594E-5
19.92	6	1.89003304320178E-4
19.94	5	1.57502753600148E-4
19.96	1	3.15005507200297E-5
19.98	8	2.52004405760237E-4
20	3	9.4501652160089E-5
20.02	5	1.57502753600148E-4
20.04	1	3.15005507200297E-5
20.06	-5	-1.57502753600148E-4
20.08	-5	-1.57502753600148E-4
20.1	3	9.4501652160089E-5
20.12	5	1.57502753600148E-4
20.14	-1	-3.15005507200297E-5
20.16	-7	-2.20503855040208E-4
20.18	2	6.30011014400594E-5
20.2	9	2.83504956480267E-4
20.22	6	1.89003304320178E-4
20.24	1	3.15005507200297E-5
20.26	2	6.30011014400594E-5
20.28	-12	-3.78006608640356E-4
20.3	2	6.30011014400594E-5
20.32	6	1.89003304320178E-4
20.34	5	1.57502753600148E-4
20.36	5	1.57502753600148E-4
20.38	6	1.89003304320178E-4
20.4	2	6.30011014400594E-5
20.42	-8	-2.52004405760237E-4
20.44	-9	-2.83504956480267E-4
20.46	-7	-2.20503855040208E-4
20.48	-9	-2.83504956480267E-4
20.5	-1	-3.15005507200297E-5
20.52	6	1.89003304320178E-4
20.54	2	6.30011014400594E-5
20.56	3	9.4501652160089E-5
20.58	2	6.30011014400594E-5
20.6	4	1.26002202880119E-4
20.62	-5	-1.57502753600148E-4
20.64	-5	-1.57502753600148E-4
20.66	-8	-2.52004405760237E-4
20.68	0	0
20.7	2	6.30011014400594E-5
20.72	4	1.26002202880119E-4
20.74	-2	-6.30011014400594E-5
20.76	6	1.89003304320178E-4
20.78	-1	-3.15005507200297E-5
20.8	-4	-1.26002202880119E-4
20.82	-1	-3.15005507200297E-5
20.84	-2	-6.30011014400594E-5
20.86	-4	-1.26002202880119E-4
20.88	6	1.89003304320178E-4
20.9	3	9.4501652160089E-5
20.92	3	9.4501652160089E-5
20.94	-2	-6.30011014400594E-5
20.96	-2	-6.30011014400594E-5
20.98	2	6.30011014400594E-5
21	-5	-1.57502753600148E-4
21.02	-8	-2.52004405760237E-4
21.04	-1	-3.15005507200297E-5
21.06	1	3.15005507200297E-5
21.08	10	3.15005507200297E-4
21.1	9	2.83504956480267E-4
21.12	-1	-3.15005507200297E-5
21.14	-3	-9.4501652160089E-5
21.16	3	9.4501652160089E-5
21.18	9	2.83504956480267E-4
21.2	6	1.89003304320178E-4
21.22	10	3.15005507200297E-4
21.24	8	2.52004405760237E-4
21.26	3	9.4501652160089E-5
21.28	1	3.15005507200297E-5
21.3	-5	-1.57502753600148E-4
21.32	-3	-9.4501652160089E-5
21.34	-2	-6.30011014400594E-5
21.36	8	2.52004405760237E-4
21.38	2	6.30011014400594E-5
21.4	-1	-3.15005507200297E-5
21.42	-2	-6.30011014400594E-5
21.44	-2	-6.30011014400594E-5
21.46	-3	-9.4501652160089E-5
21.48	-3	-9.4501652160089E-5
21.5	0	0
21.52	0	0
21.54	5	1.57502753600148E-4
21.56	2	6.30011014400594E-5
21.58	0	0
21.6	0	0
21.62	-4	-1.26002202880119E-4
21.64	1	3.15005507200297E-5
21.66	2	6.30011014400594E-5
21.68	9	2.83504956480267E-4
21.7	4	1.26002202880119E-4
21.72	1	3.15005507200297E-5
21.74	-3	-9.4501652160089E-5
21.76	-4	-1.26002202880119E-4
21.78	-7	-2.20503855040208E-4
21.8	-5	-1.57502753600148E-4
21.82	-9	-2.83504956480267E-4
21.84	-2	-6.30011014400594E-5
21.86	8	2.52004405760237E-4
21.88	0	0
21.9	-4	-1.26002202880119E-4
21.92	1	3.15005507200297E-5
21.94	1	3.15005507200297E-5
21.96	5	1.57502753600148E-4
21.98	9	2.83504956480267E-4
22	-2	-6.30011014400594E-5
22.02	-3	-9.4501652160089E-5
22.04	3	9.4501652160089E-5
22.06	-3	-9.4501652160089E-5
22.08	-1	-3.15005507200297E-5
22.1	6	1.89003304320178E-4
22.12	-1	-3.15005507200297E-5
22.14	-3	-9.4501652160089E-5
22.16	3	9.4501652160089E-5
22.18	3	9.4501652160089E-5
22.2	0	0
22.22	3	9.4501652160089E-5
22.24	3	9.4501652160089E-5
22.26	-9	-2.83504956480267E-4
22.28	-2	-6.30011014400594E-5
22.3	-5	-1.57502753600148E-4
22.32	-1	-3.15005507200297E-5
22.34	-2	-6.30011014400594E-5
22.36	4	1.26002202880119E-4
22.38	3	9.4501652160089E-5
22.4	2	6.30011014400594E-5
22.42	-4	-1.26002202880119E-4
22.44	0	0
22.46	-1	-3.15005507200297E-5
22.48	-3	-9.4501652160089E-5
22.5	0	0
22.52	2	6.30011014400594E-5
22.54	-1	-3.15005507200297E-5
22.56	5	1.57502753600148E-4
22.58	0	0
22.6	3	9.4501652160089E-5
22.62	7	2.20503855040208E-4
22.64	-1	-3.15005507200297E-5
22.66	-2	-6.30011014400594E-5
22.68	-7	-2.20503855040208E-4
22.7	-2	-6.30011014400594E-5
22.72	2	6.30011014400594E-5
22.74	-2	-6.30011014400594E-5
22.76	-12	-3.78006608640356E-4
22.78	-5	-1.57502753600148E-4
22.8	4	1.26002202880119E-4
22.82	2	6.30011014400594E-5
22.84	2	6.30011014400594E-5
22.86	6	1.89003304320178E-4
22.88	8	2.52004405760237E-4
22.9	-1	-3.15005507200297E-5
22.92	-3	-9.4501652160089E-5
22.94	-2	-6.30011014400594E-5
22.96	1	3.15005507200297E-5
22.98	0	0
23	1	3.15005507200297E-5
23.02	1	3.15005507200297E-5
23.04	6	1.89003304320178E-4
23.06	-5	-1.57502753600148E-4
23.08	-8	-2.52004405760237E-4
23.1	-4	-1.26002202880119E-4
23.12	6	1.89003304320178E-4
23.14	-4	-1.26002202880119E-4
23.16	0	0
23.18	7	2.20503855040208E-4
23.2	3	9.4501652160089E-5
23.22	-4	-1.26002202880119E-4
23.24	1	3.15005507200297E-5
23.26	-11	-3.46506057920326E-4
23.28	-10	-3.15005507200297E-4
23.3	-4	-1.26002202880119E-4
23.32	4	1.26002202880119E-4
23.34	3	9.4501652160089E-5
23.36	2	6.30011014400594E-5
23.38	-2	-6.30011014400594E-5
23.4	0	0
23.42	0	0
23.44	3	9.4501652160089E-5
23.46	-1	-3.15005507200297E-5
23.48	5	1.57502753600148E-4
23.5	14	4.41007710080415E-4
23.52	7	2.20503855040208E-4
23.54	7	2.20503855040208E-4
23.56	0	0
23.58	3	9.4501652160089E-5
23.6	-1	-3.15005507200297E-5
23.62	7	2.20503855040208E-4
23.64	2	6.30011014400594E-5
23.66	-3	-9.4501652160089E-5
23.68	-1	-3.15005507200297E-5
23.7	-5	-1.57502753600148E-4
23.72	-2	-6.30011014400594E-5
23.74	-5	-1.57502753600148E-4
23.76	-9	-2.83504956480267E-4
23.78	0	0
23.8	1	3.15005507200297E-5
23.82	3	9.4501652160089E-5
23.84	1	3.15005507200297E-5
23.86	-4	-1.26002202880119E-4
23.88	3	9.4501652160089E-5
23.9	1	3.15005507200297E-5
23.92	2	6.30011014400594E-5
23.94	-1	-3.15005507200297E-5
23.96	4	1.26002202880119E-4
23.98	8	2.52004405760237E-4
24	7	2.20503855040208E-4
24.02	5	1.57502753600148E-4
24.04	3	9.4501652160089E-5
24.06	-1	-3.15005507200297E-5
24.08	-4	-1.26002202880119E-4
24.1	3	9.4501652160089E-5
24.12	5	1.57502753600148E-4
24.14	2	6.30011014400594E-5
24.16	6	1.89003304320178E-4
24.18	4	1.26002202880119E-4
24.2	4	1.26002202880119E-4
24.22	3	9.4501652160089E-5
24.24	0	0
24.26	-3	-9.4501652160089E-5
24.28	-3	-9.4501652160089E-5
24.3	-5	-1.57502753600148E-4
24.32	1	3.15005507200297E-5
24.34	5	1.57502753600148E-4
24.36	1	3.15005507200297E-5
24.38	1	3.15005507200297E-5
24.4	5	1.57502753600148E-4
24.42	3	9.4501652160089E-5
24.44	2	6.30011014400594E-5
24.46	-8	-2.52004405760237E-4
24.48	-2	-6.30011014400594E-5
24.5	0	0
24.52	-8	-2.52004405760237E-4
24.54	0	0
24.56	13	4.09507159360386E-4
24.58	4	1.26002202880119E-4
24.6	1	3.15005507200297E-5
24.62	3	9.4501652160089E-5
24.64	-7	-2.20503855040208E-4
24.66	-3	-9.4501652160089E-5
24.68	-4	-1.26002202880119E-4
24.7	-6	-1.89003304320178E-4
24.72	0	0
24.74	4	1.26002202880119E-4
24.76	9	2.83504956480267E-4
24.78	6	1.89003304320178E-4
24.8	8	2.52004405760237E-4
24.82	-2	-6.30011014400594E-5
24.84	3	9.4501652160089E-5
24.86	6	1.89003304320178E-4
24.88	8	2.52004405760237E-4
24.9	8	2.52004405760237E-4
24.92	-4	-1.26002202880119E-4
24.94	3	9.4501652160089E-5
24.96	8	2.52004405760237E-4
24.98	-1	-3.15005507200297E-5
25	2	6.30011014400594E-5
25.02	2	6.30011014400594E-5
25.04	-8	-2.52004405760237E-4
25.06	-1	-3.15005507200297E-5
25.08	-1	-3.15005507200297E-5
25.1	1	3.15005507200297E-5
25.12	1	3.15005507200297E-5
25.14	-3	-9.4501652160089E-5
25.16	3	9.4501652160089E-5
25.18	6	1.89003304320178E-4
25.2	2	6.30011014400594E-5
25.22	4	1.26002202880119E-4
25.24	6	1.89003304320178E-4
25.26	2	6.30011014400594E-5
25.28	2	6.30011014400594E-5
25.3	2	6.30011014400594E-5
25.32	1	3.15005507200297E-5
25.34	-4	-1.26002202880119E-4
25.36	-4	-1.26002202880119E-4
25.38	-14	-4.41007710080415E-4
25.4	2	6.30011014400594E-5
25.42	-2	-6.30011014400594E-5
25.44	-5	-1.57502753600148E-4
25.46	-2	-6.30011014400594E-5
25.48	-1	-3.15005507200297E-5
25.5	-1	-3.15005507200297E-5
25.52	-6	-1.89003304320178E-4
25.54	-10	-3.15005507200297E-4
25.56	4	1.26002202880119E-4
25.58	4	1.26002202880119E-4
25.6	-4	-1.26002202880119E-4
25.62	-4	-1.26002202880119E-4
25.64	3	9.4501652160089E-5
25.66	3	9.4501652160089E-5
25.68	0	0
25.7	-6	-1.89003304320178E-4
25.72	0	0
25.74	-1	-3.15005507200297E-5
25.76	0	0
25.78	2	6.30011014400594E-5
25.8	8	2.52004405760237E-4
25.82	3	9.4501652160089E-5
25.84	-2	-6.30011014400594E-5
25.86	1	3.15005507200297E-5
25.88	7	2.20503855040208E-4
25.9	5	1.57502753600148E-4
25.92	-7	-2.20503855040208E-4
25.94	-9	-2.83504956480267E-4
25.96	-5	-1.57502753600148E-4
25.98	-1	-3.15005507200297E-5
26	3	9.4501652160089E-5
26.02	-1	-3.15005507200297E-5
26.04	0	0
26.06	-3	-9.4501652160089E-5
26.08	-7	-2.20503855040208E-4
26.1	-4	-1.26002202880119E-4
26.12	10	3.15005507200297E-4
26.14	2	6.30011014400594E-5
26.16	5	1.57502753600148E-4
26.18	4	1.26002202880119E-4
26.2	8	2.52004405760237E-4
26.22	3	9.4501652160089E-5
26.24	0	0
26.26	-2	-6.30011014400594E-5
26.28	3	9.4501652160089E-5
26.3	4	1.26002202880119E-4
26.32	-2	-6.30011014400594E-5
26.34	3	9.4501652160089E-5
26.36	-1	-3.15005507200297E-5
26.38	1	3.15005507200297E-5
26.4	-2	-6.30011014400594E-5
26.42	7	2.20503855040208E-4
26.44	6	1.89003304320178E-4
26.46	1	3.15005507200297E-5
26.48	6	1.89003304320178E-4
26.5	10	3.15005507200297E-4
26.52	14	4.41007710080415E-4
26.54	5	1.57502753600148E-4
26.56	-1	-3.15005507200297E-5
26.58	-2	-6.30011014400594E-5
26.6	-1	-3.15005507200297E-5
26.62	3	9.4501652160089E-5
26.64	-4	-1.26002202880119E-4
26.66	-2	-6.30011014400594E-5
26.68	-5	-1.57502753600148E-4
26.7	-1	-3.15005507200297E-5
26.72	-2	-6.30011014400594E-5
26.74	0	0
26.76	-2	-6.30011014400594E-5
26.78	-5	-1.57502753600148E-4
26.8	-1	-3.15005507200297E-5
26.82	1	3.15005507200297E-5
26.84	1	3.15005507200297E-5
26.86	-2	-6.30011014400594E-5
26.88	-1	-3.15005507200297E-5
26.9	2	6.30011014400594E-5
26.92	1	3.15005507200297E-5
26.94	10	3.15005507200297E-4
26.96	4	1.26002202880119E-4
26.98	-1	-3.15005507200297E-5
27	-3	-9.4501652160089E-5
27.02	0	0
27.04	9	2.83504956480267E-4
27.06	2	6.30011014400594E-5
27.08	-4	-1.26002202880119E-4
27.1	-9	-2.83504956480267E-4
27.12	1	3.15005507200297E-5
27.14	-2	-6.30011014400594E-5
27.16	4	1.26002202880119E-4
27.18	-2	-6.30011014400594E-5
27.2	0	0
27.22	1	3.15005507200297E-5
27.24	-1	-3.15005507200297E-5
27.26	8	2.52004405760237E-4
27.28	5	1.57502753600148E-4
27.3	3	9.4501652160089E-5
27.32	5	1.57502753600148E-4
27.34	2	6.30011014400594E-5
27.36	1	3.15005507200297E-5
27.38	-3	-9.4501652160089E-5
27.4	5	1.57502753600148E-4
27.42	3	9.4501652160089E-5
27.44	5	1.57502753600148E-4
27.46	7	2.20503855040208E-4
27.48	5	1.57502753600148E-4
27.5	-6	-1.89003304320178E-4
27.52	-3	-9.4501652160089E-5
27.54	2	6.30011014400594E-5
27.56	3	9.4501652160089E-5
27.58	0	0
27.6	-1	-3.15005507200297E-5
27.62	5	1.57502753600148E-4
27.64	0	0
27.66	13	4.09507159360386E-4
27.68	5	1.57502753600148E-4
27.7	3	9.4501652160089E-5
27.72	-4	-1.26002202880119E-4
27.74	2	6.30011014400594E-5
27.76	1	3.15005507200297E-5
27.78	-2	-6.30011014400594E-5
27.8	-4	-1.26002202880119E-4
27.82	-5	-1.57502753600148E-4
27.84	-2	-6.30011014400594E-5
27.86	2	6.30011014400594E-5
27.88	-1	-3.15005507200297E-5
27.9	-6	-1.89003304320178E-4
27.92	-3	-9.4501652160089E-5
27.94	-6	-1.89003304320178E-4
27.96	2	6.30011014400594E-5
27.98	2	6.30011014400594E-5
28	2	6.30011014400594E-5
28.02	-2	-6.30011014400594E-5
28.04	-4	-1.26002202880119E-4
28.06	3	9.4501652160089E-5
28.08	0	0
28.1	7	2.20503855040208E-4
28.12	2	6.30011014400594E-5
28.14	3	9.4501652160089E-5
28.16	0	0
28.18	5	1.57502753600148E-4
28.2	-1	-3.15005507200297E-5
28.22	3	9.4501652160089E-5
28.24	-3	-9.4501652160089E-5
28.26	3	9.4501652160089E-5
28.28	0	0
28.3	-9	-2.83504956480267E-4
28.32	5	1.57502753600148E-4
28.34	2	6.30011014400594E-5
28.36	5	1.57502753600148E-4
28.38	4	1.26002202880119E-4
28.4	3	9.4501652160089E-5
28.42	1	3.15005507200297E-5
28.44	-4	-1.26002202880119E-4
28.46	6	1.89003304320178E-4
28.48	-3	-9.4501652160089E-5
28.5	3	9.4501652160089E-5
28.52	3	9.4501652160089E-5
28.54	3	9.4501652160089E-5
28.56	2	6.30011014400594E-5
28.58	2	6.30011014400594E-5
28.6	7	2.20503855040208E-4
28.62	8	2.52004405760237E-4
28.64	5	1.57502753600148E-4
28.66	0	0
28.68	-1	-3.15005507200297E-5
28.7	4	1.26002202880119E-4
28.72	0	0
28.74	6	1.89003304320178E-4
28.76	-3	-9.4501652160089E-5
28.78	-4	-1.26002202880119E-4
28.8	6	1.89003304320178E-4
28.82	7	2.20503855040208E-4
28.84	4	1.26002202880119E-4
28.86	-4	-1.26002202880119E-4
28.88	0	0
28.9	4	1.26002202880119E-4
28.92	-1	-3.15005507200297E-5
28.94	-4	-1.26002202880119E-4
28.96	0	0
28.98	-2	-6.30011014400594E-5
29	-2	-6.30011014400594E-5
29.02	-3	-9.4501652160089E-5
29.04	-2	-6.30011014400594E-5
29.06	-3	-9.4501652160089E-5
29.08	4	1.26002202880119E-4
29.1	1	3.15005507200297E-5
29.12	2	6.30011014400594E-5
29.14	-1	-3.15005507200297E-5
29.16	-1	-3.15005507200297E-5
29.18	0	0
29.2	-2	-6.30011014400594E-5
29.22	-8	-2.52004405760237E-4
29.24	5	1.57502753600148E-4
29.26	-1	-3.15005507200297E-5
29.28	-5	-1.57502753600148E-4
29.3	-6	-1.89003304320178E-4
29.32	1	3.15005507200297E-5
29.34	1	3.15005507200297E-5
29.36	3	9.4501652160089E-5
29.38	2	6.30011014400594E-5
29.4	9	2.83504956480267E-4
29.42	8	2.52004405760237E-4
29.44	3	9.4501652160089E-5
29.46	-3	-9.4501652160089E-5
29.48	-3	-9.4501652160089E-5
29.5	0	0
29.52	-1	-3.15005507200297E-5
29.54	2	6.30011014400594E-5
29.56	9	2.83504956480267E-4
29.58	-8	-2.52004405760237E-4
29.6	-1	-3.15005507200297E-5
29.62	12	3.78006608640356E-4
29.64	-11	-3.46506057920326E-4
29.66	-4	-1.26002202880119E-4
29.68	1	3.15005507200297E-5
29.7	0	0
29.72	0	0
29.74	6	1.89003304320178E-4
29.76	-3	-9.4501652160089E-5
29.78	7	2.20503855040208E-4
29.8	4	1.26002202880119E-4
29.82	2	6.30011014400594E-5
29.84	5	1.57502753600148E-4
29.86	9	2.83504956480267E-4
29.88	5	1.57502753600148E-4
29.9	1	3.15005507200297E-5
29.92	-10	-3.15005507200297E-4
29.94	-11	-3.46506057920326E-4
29.96	-2	-6.30011014400594E-5
29.98	7	2.20503855040208E-4
30	3	9.4501652160089E-5
30.02	5	1.57502753600148E-4
30.04	0	0
30.06	-4	-1.26002202880119E-4
30.08	-1	-3.15005507200297E-5
30.1	0	0
30.12	-1	-3.15005507200297E-5
30.14	-2	-6.30011014400594E-5
30.16	-2	-6.30011014400594E-5
30.18	0	0
30.2	-5	-1.57502753600148E-4
30.22	-4	-1.26002202880119E-4
30.24	-10	-3.15005507200297E-4
30.26	-11	-3.46506057920326E-4
30.28	-5	-1.57502753600148E-4
30.3	5	1.57502753600148E-4
30.32	3	9.4501652160089E-5
30.34	7	2.20503855040208E-4
30.36	0	0
30.38	4	1.26002202880119E-4
30.4	7	2.20503855040208E-4
30.42	1	3.15005507200297E-5
30.44	0	0
30.46	-3	-9.4501652160089E-5
30.48	5	1.57502753600148E-4
30.5	-3	-9.4501652160089E-5
30.52	-6	-1.89003304320178E-4
30.54	-1	-3.15005507200297E-5
30.56	-1	-3.15005507200297E-5
30.58	7	2.20503855040208E-4
30.6	11	3.46506057920326E-4
30.62	3	9.4501652160089E-5
30.64	0	0
30.66	-1	-3.15005507200297E-5
30.68	-6	-1.89003304320178E-4
30.7	-1	-3.15005507200297E-5
30.72	3	9.4501652160089E-5
30.74	-2	-6.30011014400594E-5
30.76	1	3.15005507200297E-5
30.78	-3	-9.4501652160089E-5
30.8	7	2.20503855040208E-4
30.82	0	0
30.84	-7	-2.20503855040208E-4
30.86	-7	-2.20503855040208E-4
30.88	0	0
30.9	5	1.57502753600148E-4
30.92	9	2.83504956480267E-4
30.94	8	2.52004405760237E-4
30.96	3	9.4501652160089E-5
30.98	-16	-5.04008811520475E-4
31	-7	-2.20503855040208E-4
31.02	-5	-1.57502753600148E-4
31.04	7	2.20503855040208E-4
31.06	4	1.26002202880119E-4
31.08	-1	-3.15005507200297E-5
31.1	-9	-2.83504956480267E-4
31.12	-2	-6.30011014400594E-5
31.14	3	9.4501652160089E-5
31.16	2	6.30011014400594E-5
31.18	7	2.20503855040208E-4
31.2	1	3.15005507200297E-5
31.22	-3	-9.4501652160089E-5
31.24	1	3.15005507200297E-5
31.26	1	3.15005507200297E-5
31.28	5	1.57502753600148E-4
31.3	6	1.89003304320178E-4
31.32	-2	-6.30011014400594E-5
31.34	-2	-6.30011014400594E-5
31.36	-5	-1.57502753600148E-4
31.38	2	6.30011014400594E-5
31.4	0	0
31.42	-7	-2.20503855040208E-4
31.44	0	0
31.46	-7	-2.20503855040208E-4
31.48	5	1.57502753600148E-4
31.5	3	9.4501652160089E-5
31.52	-1	-3.15005507200297E-5
31.54	-2	-6.30011014400594E-5
31.56	0	0
31.58	3	9.4501652160089E-5
31.6	1	3.15005507200297E-5
31.62	7	2.20503855040208E-4
31.64	7	2.20503855040208E-4
31.66	3	9.4501652160089E-5
31.68	5	1.57502753600148E-4
31.7	-2	-6.30011014400594E-5
31.72	1	3.15005507200297E-5
31.74	2	6.30011014400594E-5
31.76	-2	-6.30011014400594E-5
31.78	3	9.4501652160089E-5
31.8	1	3.15005507200297E-5
31.82	2	6.30011014400594E-5
31.84	-5	-1.57502753600148E-4
31.86	-2	-6.30011014400594E-5
31.88	1	3.15005507200297E-5
31.9	2	6.30011014400594E-5
31.92	-3	-9.4501652160089E-5
31.94	-9	-2.83504956480267E-4
31.96	-3	-9.4501652160089E-5
31.98	3	9.4501652160089E-5
32	-5	-1.57502753600148E-4
32.02	-3	-9.4501652160089E-5
32.04	-1	-3.15005507200297E-5
32.06	7	2.20503855040208E-4
32.08	-5	-1.57502753600148E-4
32.1	-4	-1.26002202880119E-4
32.12	8	2.52004405760237E-4
32.14	9	2.83504956480267E-4
32.16	-5	-1.57502753600148E-4
32.18	-3	-9.4501652160089E-5
32.2	8	2.52004405760237E-4
32.22	6	1.89003304320178E-4
32.24	3	9.4501652160089E-5
32.26	8	2.52004405760237E-4
32.28	-2	-6.30011014400594E-5
32.3	1	3.15005507200297E-5
32.32	-5	-1.57502753600148E-4
32.34	0	0
32.36	3	9.4501652160089E-5
32.38	-1	-3.15005507200297E-5
32.4	-3	-9.4501652160089E-5
32.42	6	1.89003304320178E-4
32.44	1	3.15005507200297E-5
32.46	2	6.30011014400594E-5
32.48	-6	-1.89003304320178E-4
32.5	0	0
32.52	4	1.26002202880119E-4
32.54	0	0
32.56	3	9.4501652160089E-5
32.58	-2	-6.30011014400594E-5
32.6	-8	-2.52004405760237E-4
32.62	1	3.15005507200297E-5
32.64	6	1.89003304320178E-4
32.66	2	6.30011014400594E-5
32.68	-1	-3.15005507200297E-5
32.7	4	1.26002202880119E-4
32.72	6	1.89003304320178E-4
32.74	-2	-6.30011014400594E-5
32.76	2	6.30011014400594E-5
32.78	3	9.4501652160089E-5
32.8	-1	-3.15005507200297E-5
32.82	1	3.15005507200297E-5
32.84	1	3.15005507200297E-5
32.86	-5	-1.57502753600148E-4
32.88	0	0
32.9	-7	-2.20503855040208E-4
32.92	0	0
32.94	-1	-3.15005507200297E-5
32.96	2	6.30011014400594E-5
32.98	1	3.15005507200297E-5
33	4	1.26002202880119E-4
33.02	3	9.4501652160089E-5
33.04	-10	-3.15005507200297E-4
33.06	-8	-2.52004405760237E-4
33.08	-4	-1.26002202880119E-4
33.1	4	1.26002202880119E-4
33.12	1	3.15005507200297E-5
33.14	-5	-1.57502753600148E-4
33.16	-3	-9.4501652160089E-5
33.18	-8	-2.52004405760237E-4
33.2	0	0
33.22	1	3.15005507200297E-5
33.24	6	1.89003304320178E-4
33.26	-2	-6.30011014400594E-5
33.28	-4	-1.26002202880119E-4
33.3	2	6.30011014400594E-5
33.32	3	9.4501652160089E-5
33.34	-8	-2.52004405760237E-4
33.36	-1	-3.15005507200297E-5
33.38	-4	-1.26002202880119E-4
33.4	-5	-1.57502753600148E-4
33.42	-2	-6.30011014400594E-5
33.44	7	2.20503855040208E-4
33.46	3	9.4501652160089E-5
33.48	-1	-3.15005507200297E-5
33.5	-3	-9.4501652160089E-5
33.52	1	3.15005507200297E-5
33.54	4	1.26002202880119E-4
33.56	-2	-6.30011014400594E-5
33.58	-5	-1.57502753600148E-4
33.6	-1	-3.15005507200297E-5
33.62	-2	-6.30011014400594E-5
33.64	2	6.30011014400594E-5
33.66	-5	-1.57502753600148E-4
33.68	-1	-3.15005507200297E-5
33.7	-5	-1.57502753600148E-4
33.72	-2	-6.30011014400594E-5
33.74	-5	-1.57502753600148E-4
33.76	0	0
33.78	4	1.26002202880119E-4
33.8	-3	-9.4501652160089E-5
33.82	-4	-1.26002202880119E-4
33.84	-5	-1.57502753600148E-4
33.86	2	6.30011014400594E-5
33.88	1	3.15005507200297E-5
33.9	-5	-1.57502753600148E-4
33.92	-5	-1.57502753600148E-4
33.94	2	6.30011014400594E-5
33.96	1	3.15005507200297E-5
33.98	0	0
34	0	0
34.02	-4	-1.26002202880119E-4
34.04	-2	-6.30011014400594E-5
34.06	-2	-6.30011014400594E-5
34.08	8	2.52004405760237E-4
34.1	3	9.4501652160089E-5
34.12	-1	-3.15005507200297E-5
34.14	-8	-2.52004405760237E-4
34.16	0	0
34.18	2	6.30011014400594E-5
34.2	5	1.57502753600148E-4
34.22	4	1.26002202880119E-4
34.24	0	0
34.26	0	0
34.28	2	6.30011014400594E-5
34.3	2	6.30011014400594E-5
34.32	1	3.15005507200297E-5
34.34	-1	-3.15005507200297E-5
34.36	-1	-3.15005507200297E-5
34.38	5	1.57502753600148E-4
34.4	-3	-9.4501652160089E-5
34.42	-2	-6.30011014400594E-5
34.44	0	0
34.46	-3	-9.4501652160089E-5
34.48	2	6.30011014400594E-5
34.5	-1	-3.15005507200297E-5
34.52	-2	-6.30011014400594E-5
34.54	0	0
34.56	2	6.30011014400594E-5
34.58	-4	-1.26002202880119E-4
34.6	-7	-2.20503855040208E-4
34.62	-3	-9.4501652160089E-5
34.64	1	3.15005507200297E-5
34.66	4	1.26002202880119E-4
34.68	1	3.15005507200297E-5
34.7	-2	-6.30011014400594E-5
34.72	-3	-9.4501652160089E-5
34.74	-6	-1.89003304320178E-4
34.76	4	1.26002202880119E-4
34.78	2	6.30011014400594E-5
34.8	0	0
34.82	1	3.15005507200297E-5
34.84	3	9.4501652160089E-5
34.86	-6	-1.89003304320178E-4
34.88	-2	-6.30011014400594E-5
34.9	-9	-2.83504956480267E-4
34.92	6	1.89003304320178E-4
34.94	7	2.20503855040208E-4
34.96	5	1.57502753600148E-4
34.98	5	1.57502753600148E-4
35	-1	-3.15005507200297E-5
35.02	3	9.4501652160089E-5
35.04	1	3.15005507200297E-5
35.06	4	1.26002202880119E-4
35.08	2	6.30011014400594E-5
35.1	1	3.15005507200297E-5
35.12	1	3.15005507200297E-5
35.14	-3	-9.4501652160089E-5
35.16	-3	-9.4501652160089E-5
35.18	8	2.52004405760237E-4
35.2	8	2.52004405760237E-4
35.22	-2	-6.30011014400594E-5
35.24	-7	-2.20503855040208E-4
35.26	-2	-6.30011014400594E-5
35.28	5	1.57502753600148E-4
35.3	4	1.26002202880119E-4
35.32	2	6.30011014400594E-5
35.34	-5	-1.57502753600148E-4
35.36	-6	-1.89003304320178E-4
35.38	0	0
35.4	2	6.30011014400594E-5
35.42	3	9.4501652160089E-5
35.44	-8	-2.52004405760237E-4
35.46	0	0
35.48	3	9.4501652160089E-5
35.5	-4	-1.26002202880119E-4
35.52	-6	-1.89003304320178E-4
35.54	-4	-1.26002202880119E-4
35.56	5	1.57502753600148E-4
35.58	-2	-6.30011014400594E-5
35.6	-3	-9.4501652160089E-5
35.62	-13	-4.09507159360386E-4
35.64	-1	-3.15005507200297E-5
35.66	-5	-1.57502753600148E-4
35.68	-11	-3.46506057920326E-4
35.7	-4	-1.26002202880119E-4
35.72	-4	-1.26002202880119E-4
35.74	-5	-1.57502753600148E-4
35.76	1	3.15005507200297E-5
35.78	-2	-6.30011014400594E-5
35.8	-7	-2.20503855040208E-4
35.82	-3	-9.4501652160089E-5
35.84	-6	-1.89003304320178E-4
35.86	-2	-6.30011014400594E-5
35.88	4	1.26002202880119E-4
35.9	0	0
35.92	4	1.26002202880119E-4
35.94	6	1.89003304320178E-4
35.96	7	2.20503855040208E-4
35.98	2	6.30011014400594E-5
36	4	1.26002202880119E-4
36.02	-6	-1.89003304320178E-4
36.04	-6	-1.89003304320178E-4
36.06	6	1.89003304320178E-4
36.08	1	3.15005507200297E-5
36.1	-2	-6.30011014400594E-5
36.12	2	6.30011014400594E-5
36.14	0	0
36.16	-2	-6.30011014400594E-5
36.18	1	3.15005507200297E-5
36.2	-7	-2.20503855040208E-4
36.22	-3	-9.4501652160089E-5
36.24	3	9.4501652160089E-5
36.26	-5	-1.57502753600148E-4
36.28	1	3.15005507200297E-5
36.3	0	0
36.32	-3	-9.4501652160089E-5
36.34	-4	-1.26002202880119E-4
36.36	-4	-1.26002202880119E-4
36.38	1	3.15005507200297E-5
36.4	-2	-6.30011014400594E-5
36.42	-4	-1.26002202880119E-4
36.44	-5	-1.57502753600148E-4
36.46	-3	-9.4501652160089E-5
36.48	0	0
36.5	0	0
36.52	-2	-6.30011014400594E-5
36.54	0	0
36.56	-5	-1.57502753600148E-4
36.58	4	1.26002202880119E-4
36.6	7	2.20503855040208E-4
36.62	1	3.15005507200297E-5
36.64	2	6.30011014400594E-5
36.66	1	3.15005507200297E-5
36.68	2	6.30011014400594E-5
36.7	1	3.15005507200297E-5
36.72	2	6.30011014400594E-5
36.74	-8	-2.52004405760237E-4
36.76	-4	-1.26002202880119E-4
36.78	-2	-6.30011014400594E-5
36.8	-2	-6.30011014400594E-5
36.82	-11	-3.46506057920326E-4
36.84	-8	-2.52004405760237E-4
36.86	1	3.15005507200297E-5
36.88	5	1.57502753600148E-4
36.9	8	2.52004405760237E-4
36.92	0	0
36.94	1	3.15005507200297E-5
36.96	-2	-6.30011014400594E-5
36.98	-4	-1.26002202880119E-4
37	4	1.26002202880119E-4
37.02	2	6.30011014400594E-5
37.04	-1	-3.15005507200297E-5
37.06	2	6.30011014400594E-5
37.08	10	3.15005507200297E-4
37.1	6	1.89003304320178E-4
37.12	4	1.26002202880119E-4
37.14	9	2.83504956480267E-4
37.16	7	2.20503855040208E-4
37.18	17	5.35509362240505E-4
37.2	4	1.26002202880119E-4
37.22	3	9.4501652160089E-5
37.24	-2	-6.30011014400594E-5
37.26	4	1.26002202880119E-4
37.28	4	1.26002202880119E-4
37.3	-1	-3.15005507200297E-5
37.32	-4	-1.26002202880119E-4
37.34	3	9.4501652160089E-5
37.36	4	1.26002202880119E-4
37.38	-7	-2.20503855040208E-4
37.4	-4	-1.26002202880119E-4
37.42	0	0
37.44	-3	-9.4501652160089E-5
37.46	-1	-3.15005507200297E-5
37.48	-8	-2.52004405760237E-4
37.5	-4	-1.26002202880119E-4
37.52	6	1.89003304320178E-4
37.54	-1	-3.15005507200297E-5
37.56	7	2.20503855040208E-4
37.58	0	0
37.6	3	9.4501652160089E-5
37.62	2	6.30011014400594E-5
37.64	-3	-9.4501652160089E-5
37.66	-8	-2.52004405760237E-4
37.68	-2	-6.30011014400594E-5
37.7	5	1.57502753600148E-4
37.72	0	0
37.74	2	6.30011014400594E-5
37.76	-1	-3.15005507200297E-5
37.78	-3	-9.4501652160089E-5
37.8	-2	-6.30011014400594E-5
37.82	11	3.46506057920326E-4
37.84	7	2.20503855040208E-4
37.86	2	6.30011014400594E-5
37.88	3	9.4501652160089E-5
37.9	1	3.15005507200297E-5
37.92	5	1.57502753600148E-4
37.94	4	1.26002202880119E-4
37.96	5	1.57502753600148E-4
37.98	-6	-1.89003304320178E-4
38	0	0
38.02	2	6.30011014400594E-5
38.04	2	6.30011014400594E-5
38.06	-2	-6.30011014400594E-5
38.08	0	0
38.1	0	0
38.12	-8	-2.52004405760237E-4
38.14	-1	-3.15005507200297E-5
38.16	-8	-2.52004405760237E-4
38.18	0	0
38.2	8	2.52004405760237E-4
38.22	-2	-6.30011014400594E-5
38.24	-2	-6.30011014400594E-5
38.26	-1	-3.15005507200297E-5
38.28	7	2.20503855040208E-4
38.3	5	1.57502753600148E-4
38.32	1	3.15005507200297E-5
38.34	-3	-9.4501652160089E-5
38.36	1	3.15005507200297E-5
38.38	3	9.4501652160089E-5
38.4	-4	-1.26002202880119E-4
38.42	-4	-1.26002202880119E-4
38.44	-11	-3.46506057920326E-4
38.46	-3	-9.4501652160089E-5
38.48	2	6.30011014400594E-5
38.5	-2	-6.30011014400594E-5
38.52	5	1.57502753600148E-4
38.54	8	2.52004405760237E-4
38.56	3	9.4501652160089E-5
38.58	5	1.57502753600148E-4
38.6	4	1.26002202880119E-4
38.62	1	3.15005507200297E-5
38.64	-1	-3.15005507200297E-5
38.66	4	1.26002202880119E-4
38.68	4	1.26002202880119E-4
38.7	6	1.89003304320178E-4
38.72	1	3.15005507200297E-5
38.74	1	3.15005507200297E-5
38.76	-3	-9.4501652160089E-5
38.78	-9	-2.83504956480267E-4
38.8	6	1.89003304320178E-4
38.82	-18	-5.67009912960534E-4
38.84	1	3.15005507200297E-5
38.86	10	3.15005507200297E-4
38.88	5	1.57502753600148E-4
38.9	-5	-1.57502753600148E-4
38.92	2	6.30011014400594E-5
38.94	6	1.89003304320178E-4
38.96	-1	-3.15005507200297E-5
38.98	2	6.30011014400594E-5
39	0	0
39.02	4	1.26002202880119E-4
39.04	7	2.20503855040208E-4
39.06	-4	-1.26002202880119E-4
39.08	-10	-3.15005507200297E-4
39.1	-7	-2.20503855040208E-4
39.12	-6	-1.89003304320178E-4
39.14	10	3.15005507200297E-4
39.16	6	1.89003304320178E-4
39.18	1	3.15005507200297E-5
39.2	-4	-1.26002202880119E-4
39.22	-6	-1.89003304320178E-4
39.24	-6	-1.89003304320178E-4
39.26	-8	-2.52004405760237E-4
39.28	-8	-2.52004405760237E-4
39.3	-5	-1.57502753600148E-4
39.32	7	2.20503855040208E-4
39.34	-2	-6.30011014400594E-5
39.36	-4	-1.26002202880119E-4
39.38	0	0
39.4	-4	-1.26002202880119E-4
39.42	2	6.30011014400594E-5
39.44	2	6.30011014400594E-5
39.46	-3	-9.4501652160089E-5
39.48	-2	-6.30011014400594E-5
39.5	0	0
39.52	-5	-1.57502753600148E-4
39.54	0	0
39.56	-6	-1.89003304320178E-4
39.58	-6	-1.89003304320178E-4
39.6	-2	-6.30011014400594E-5
39.62	-4	-1.26002202880119E-4
39.64	6	1.89003304320178E-4
39.66	-1	-3.15005507200297E-5
39.68	-9	-2.83504956480267E-4
39.7	0	0
39.72	8	2.52004405760237E-4
39.74	3	9.4501652160089E-5
39.76	-4	-1.26002202880119E-4
39.78	-7	-2.20503855040208E-4
39.8	-4	-1.26002202880119E-4
39.82	-12	-3.78006608640356E-4
39.84	-5	-1.57502753600148E-4
39.86	6	1.89003304320178E-4
39.88	1	3.15005507200297E-5
39.9	-7	-2.20503855040208E-4
39.92	-3	-9.4501652160089E-5
39.94	-1	-3.15005507200297E-5
39.96	1	3.15005507200297E-5
39.98	-4	-1.26002202880119E-4
40	-5	-1.57502753600148E-4
40.02	-8	-2.52004405760237E-4
40.04	-6	-1.89003304320178E-4
40.06	2	6.30011014400594E-5
40.08	-3	-9.4501652160089E-5
40.1	-5	-1.57502753600148E-4
40.12	-8	-2.52004405760237E-4
40.14	1	3.15005507200297E-5
40.16	7	2.20503855040208E-4
40.18	2	6.30011014400594E-5
40.2	2	6.30011014400594E-5
40.22	6	1.89003304320178E-4
40.24	2	6.30011014400594E-5
40.26	1	3.15005507200297E-5
40.28	-3	-9.4501652160089E-5
40.3	7	2.20503855040208E-4
40.32	-1	-3.15005507200297E-5
40.34	-3	-9.4501652160089E-5
40.36	-1	-3.15005507200297E-5
40.38	4	1.26002202880119E-4
40.4	10	3.15005507200297E-4
40.42	1	3.15005507200297E-5
40.44	-3	-9.4501652160089E-5
40.46	-7	-2.20503855040208E-4
40.48	-2	-6.30011014400594E-5
40.5	3	9.4501652160089E-5
40.52	3	9.4501652160089E-5
40.54	5	1.57502753600148E-4
40.56	4	1.26002202880119E-4
40.58	8	2.52004405760237E-4
40.6	0	0
40.62	3	9.4501652160089E-5
40.64	1	3.15005507200297E-5
40.66	8	2.52004405760237E-4
40.68	5	1.57502753600148E-4
40.7	1	3.15005507200297E-5
40.72	0	0
40.74	2	6.30011014400594E-5
40.76	4	1.26002202880119E-4
40.78	2	6.30011014400594E-5
40.8	0	0
40.82	0	0
40.84	9	2.83504956480267E-4
40.86	6	1.89003304320178E-4
40.88	-2	-6.30011014400594E-5
40.9	-3	-9.4501652160089E-5
40.92	7	2.20503855040208E-4
40.94	2	6.30011014400594E-5
40.96	-6	-1.89003304320178E-4
40.98	2	6.30011014400594E-5
41	-8	-2.52004405760237E-4
41.02	-6	-1.89003304320178E-4
41.04	10	3.15005507200297E-4
41.06	9	2.83504956480267E-4
41.08	2	6.30011014400594E-5
41.1	12	3.78006608640356E-4
41.12	7	2.20503855040208E-4
41.14	9	2.83504956480267E-4
41.16	0	0
41.18	-3	-9.4501652160089E-5
41.2	-5	-1.57502753600148E-4
41.22	0	0
41.24	2	6.30011014400594E-5
41.26	-5	-1.57502753600148E-4
41.28	-7	-2.20503855040208E-4
41.3	-6	-1.89003304320178E-4
41.32	0	0
41.34	5	1.57502753600148E-4
41.36	6	1.89003304320178E-4
41.38	3	9.4501652160089E-5
41.4	5	1.57502753600148E-4
41.42	-6	-1.89003304320178E-4
41.44	-5	-1.57502753600148E-4
41.46	5	1.57502753600148E-4
41.48	-3	-9.4501652160089E-5
41.5	10	3.15005507200297E-4
41.52	0	0
41.54	3	9.4501652160089E-5
41.56	5	1.57502753600148E-4
41.58	1	3.15005507200297E-5
41.6	-1	-3.15005507200297E-5
41.62	2	6.30011014400594E-5
41.64	-2	-6.30011014400594E-5
41.66	0	0
41.68	2	6.30011014400594E-5
41.7	3	9.4501652160089E-5
41.72	6	1.89003304320178E-4
41.74	1	3.15005507200297E-5
41.76	7	2.20503855040208E-4
41.78	3	9.4501652160089E-5
41.8	1	3.15005507200297E-5
41.82	5	1.57502753600148E-4
41.84	-3	-9.4501652160089E-5
41.86	-2	-6.30011014400594E-5
41.88	-7	-2.20503855040208E-4
41.9	-3	-9.4501652160089E-5
41.92	-7	-2.20503855040208E-4
41.94	-2	-6.30011014400594E-5
41.96	0	0
41.98	-4	-1.26002202880119E-4
42	6	1.89003304320178E-4
42.02	2	6.30011014400594E-5
42.04	4	1.26002202880119E-4
42.06	1	3.15005507200297E-5
42.08	-3	-9.4501652160089E-5
42.1	-3	-9.4501652160089E-5
42.12	1	3.15005507200297E-5
42.14	6	1.89003304320178E-4
42.16	-21	-6.61511565120623E-4
42.18	3	9.4501652160089E-5
42.2	6	1.89003304320178E-4
42.22	4	1.26002202880119E-4
42.24	2	6.30011014400594E-5
42.26	3	9.4501652160089E-5
42.28	6	1.89003304320178E-4
42.3	6	1.89003304320178E-4
42.32	1	3.15005507200297E-5
42.34	6	1.89003304320178E-4
42.36	0	0
42.38	-1	-3.15005507200297E-5
42.4	1	3.15005507200297E-5
42.42	2	6.30011014400594E-5
42.44	11	3.46506057920326E-4
42.46	5	1.57502753600148E-4
42.48	9	2.83504956480267E-4
42.5	-5	-1.57502753600148E-4
42.52	-2	-6.30011014400594E-5
42.54	-6	-1.89003304320178E-4
42.56	-7	-2.20503855040208E-4
42.58	0	0
42.6	2	6.30011014400594E-5
42.62	6	1.89003304320178E-4
42.64	-3	-9.4501652160089E-5
42.66	2	6.30011014400594E-5
42.68	4	1.26002202880119E-4
42.7	1	3.15005507200297E-5
42.72	-5	-1.57502753600148E-4
42.74	-4	-1.26002202880119E-4
42.76	0	0
42.78	3	9.4501652160089E-5
42.8	1	3.15005507200297E-5
42.82	-1	-3.15005507200297E-5
42.84	0	0
42.86	1	3.15005507200297E-5
42.88	-5	-1.57502753600148E-4
42.9	-5	-1.57502753600148E-4
42.92	-4	-1.26002202880119E-4
42.94	5	1.57502753600148E-4
42.96	-2	-6.30011014400594E-5
42.98	6	1.89003304320178E-4
43	0	0
43.02	4	1.26002202880119E-4
43.04	3	9.4501652160089E-5
43.06	4	1.26002202880119E-4
43.08	16	5.04008811520475E-4
43.1	2	6.30011014400594E-5
43.12	0	0
43.14	1	3.15005507200297E-5
43.16	9	2.83504956480267E-4
43.18	2	6.30011014400594E-5
43.2	2	6.30011014400594E-5
43.22	3	9.4501652160089E-5
43.24	1	3.15005507200297E-5
43.26	6	1.89003304320178E-4
43.28	2	6.30011014400594E-5
43.3	-4	-1.26002202880119E-4
43.32	-11	-3.46506057920326E-4
43.34	4	1.26002202880119E-4
43.36	7	2.20503855040208E-4
43.38	10	3.15005507200297E-4
43.4	5	1.57502753600148E-4
43.42	-1	-3.15005507200297E-5
43.44	13	4.09507159360386E-4
43.46	-7	-2.20503855040208E-4
43.48	-10	-3.15005507200297E-4
43.5	-2	-6.30011014400594E-5
43.52	-3	-9.4501652160089E-5
43.54	3	9.4501652160089E-5
43.56	-4	-1.26002202880119E-4
43.58	-5	-1.57502753600148E-4
43.6	0	0
43.62	4	1.26002202880119E-4
43.64	4	1.26002202880119E-4
43.66	1	3.15005507200297E-5
43.68	-1	-3.15005507200297E-5
43.7	-1	-3.15005507200297E-5
43.72	5	1.57502753600148E-4
43.74	2	6.30011014400594E-5
43.76	-3	-9.4501652160089E-5
43.78	1	3.15005507200297E-5
43.8	-3	-9.4501652160089E-5
43.82	7	2.20503855040208E-4
43.84	1	3.15005507200297E-5
43.86	-7	-2.20503855040208E-4
43.88	-4	-1.26002202880119E-4
43.9	-5	-1.57502753600148E-4
43.92	-5	-1.57502753600148E-4
43.94	4	1.26002202880119E-4
43.96	1	3.15005507200297E-5
43.98	6	1.89003304320178E-4
44	0	0
44.02	-5	-1.57502753600148E-4
44.04	2	6.30011014400594E-5
44.06	4	1.26002202880119E-4
44.08	-1	-3.15005507200297E-5
44.1	-3	-9.4501652160089E-5
44.12	4	1.26002202880119E-4
44.14	2	6.30011014400594E-5
44.16	1	3.15005507200297E-5
44.18	2	6.30011014400594E-5
44.2	-4	-1.26002202880119E-4
44.22	-1	-3.15005507200297E-5
44.24	-1	-3.15005507200297E-5
44.26	-3	-9.4501652160089E-5
44.28	11	3.46506057920326E-4
44.3	-12	-3.78006608640356E-4
44.32	-2	-6.30011014400594E-5
44.34	5	1.57502753600148E-4
44.36	4	1.26002202880119E-4
44.38	7	2.20503855040208E-4
44.4	-3	-9.4501652160089E-5
44.42	-11	-3.46506057920326E-4
44.44	1	3.15005507200297E-5
44.46	-3	-9.4501652160089E-5
44.48	-9	-2.83504956480267E-4
44.5	-9	-2.83504956480267E-4
44.52	2	6.30011014400594E-5
44.54	3	9.4501652160089E-5
44.56	-3	-9.4501652160089E-5
44.58	-2	-6.30011014400594E-5
44.6	-10	-3.15005507200297E-4
44.62	-7	-2.20503855040208E-4
44.64	-4	-1.26002202880119E-4
44.66	3	9.4501652160089E-5
44.68	1	3.15005507200297E-5
44.7	-3	-9.4501652160089E-5
44.72	-4	-1.26002202880119E-4
44.74	-5	-1.57502753600148E-4
44.76	2	6.30011014400594E-5
44.78	9	2.83504956480267E-4
44.8	3	9.4501652160089E-5
44.82	6	1.89003304320178E-4
44.84	4	1.26002202880119E-4
44.86	-2	-6.30011014400594E-5
44.88	0	0
44.9	1	3.15005507200297E-5
44.92	6	1.89003304320178E-4
44.94	2	6.30011014400594E-5
44.96	-4	-1.26002202880119E-4
44.98	2	6.30011014400594E-5
45	-1	-3.15005507200297E-5
45.02	0	0
45.04	-5	-1.57502753600148E-4
45.06	7	2.20503855040208E-4
45.08	1	3.15005507200297E-5
45.1	3	9.4501652160089E-5
45.12	0	0
45.14	2	6.30011014400594E-5
45.16	1	3.15005507200297E-5
45.18	-5	-1.57502753600148E-4
45.2	-9	-2.83504956480267E-4
45.22	2	6.30011014400594E-5
45.24	9	2.83504956480267E-4
45.26	-1	-3.15005507200297E-5
45.28	-3	-9.4501652160089E-5
45.3	-5	-1.57502753600148E-4
45.32	-1	-3.15005507200297E-5
45.34	-4	-1.26002202880119E-4
45.36	-3	-9.4501652160089E-5
45.38	7	2.20503855040208E-4
45.4	2	6.30011014400594E-5
45.42	-3	-9.4501652160089E-5
45.44	0	0
45.46	0	0
45.48	5	1.57502753600148E-4
45.5	3	9.4501652160089E-5
45.52	9	2.83504956480267E-4
45.54	3	9.4501652160089E-5
45.56	0	0
45.58	-3	-9.4501652160089E-5
45.6	1	3.15005507200297E-5
45.62	-3	-9.4501652160089E-5
45.64	2	6.30011014400594E-5
45.66	3	9.4501652160089E-5
45.68	2	6.30011014400594E-5
45.7	0	0
45.72	0	0
45.74	2	6.30011014400594E-5
45.76	1	3.15005507200297E-5
45.78	-14	-4.41007710080415E-4
45.8	-3	-9.4501652160089E-5
45.82	4	1.26002202880119E-4
45.84	8	2.52004405760237E-4
45.86	-4	-1.26002202880119E-4
45.88	-5	-1.57502753600148E-4
45.9	4	1.26002202880119E-4
45.92	15	4.72508260800445E-4
45.94	-2	-6.30011014400594E-5
45.96	-8	-2.52004405760237E-4
45.98	-2	-6.30011014400594E-5
46	-8	-2.52004405760237E-4
46.02	2	6.30011014400594E-5
46.04	0	0
46.06	3	9.4501652160089E-5
46.08	1	3.15005507200297E-5
46.1	2	6.30011014400594E-5
46.12	-6	-1.89003304320178E-4
46.14	2	6.30011014400594E-5
46.16	4	1.26002202880119E-4
46.18	0	0
46.2	-4	-1.26002202880119E-4
46.22	-5	-1.57502753600148E-4
46.24	10	3.15005507200297E-4
46.26	6	1.89003304320178E-4
46.28	4	1.26002202880119E-4
46.3	-6	-1.89003304320178E-4
46.32	-2	-6.30011014400594E-5
46.34	0	0
46.36	5	1.57502753600148E-4
46.38	-2	-6.30011014400594E-5
46.4	-3	-9.4501652160089E-5
46.42	-7	-2.20503855040208E-4
46.44	-5	-1.57502753600148E-4
46.46	-5	-1.57502753600148E-4
46.48	-5	-1.57502753600148E-4
46.5	-5	-1.57502753600148E-4
46.52	-5	-1.57502753600148E-4
46.54	-9	-2.83504956480267E-4
46.56	-4	-1.26002202880119E-4
46.58	-11	-3.46506057920326E-4
46.6	-6	-1.89003304320178E-4
46.62	0	0
46.64	-1	-3.15005507200297E-5
46.66	4	1.26002202880119E-4
46.68	0	0
46.7	0	0
46.72	-5	-1.57502753600148E-4
46.74	-5	-1.57502753600148E-4
46.76	-8	-2.52004405760237E-4
46.78	4	1.26002202880119E-4
46.8	-11	-3.46506057920326E-4
46.82	-7	-2.20503855040208E-4
46.84	-6	-1.89003304320178E-4
46.86	-4	-1.26002202880119E-4
46.88	-4	-1.26002202880119E-4
46.9	1	3.15005507200297E-5
46.92	0	0
46.94	3	9.4501652160089E-5
46.96	-4	-1.26002202880119E-4
46.98	6	1.89003304320178E-4
47	-8	-2.52004405760237E-4
47.02	10	3.15005507200297E-4
47.04	3	9.4501652160089E-5
47.06	-4	-1.26002202880119E-4
47.08	-4	-1.26002202880119E-4
47.1	-3	-9.4501652160089E-5
47.12	6	1.89003304320178E-4
47.14	4	1.26002202880119E-4
47.16	-8	-2.52004405760237E-4
47.18	1	3.15005507200297E-5
47.2	2	6.30011014400594E-5
47.22	1	3.15005507200297E-5
47.24	8	2.52004405760237E-4
47.26	-1	-3.15005507200297E-5
47.28	-2	-6.30011014400594E-5
47.3	6	1.89003304320178E-4
47.32	4	1.26002202880119E-4
47.34	-1	-3.15005507200297E-5
47.36	1	3.15005507200297E-5
47.38	-1	-3.15005507200297E-5
47.4	-3	-9.4501652160089E-5
47.42	1	3.15005507200297E-5
47.44	3	9.4501652160089E-5
47.46	0	0
47.48	3	9.4501652160089E-5
47.5	1	3.15005507200297E-5
47.52	-3	-9.4501652160089E-5
47.54	-3	-9.4501652160089E-5
47.56	1	3.15005507200297E-5
47.58	7	2.20503855040208E-4
47.6	8	2.52004405760237E-4
47.62	0	0
47.64	-9	-2.83504956480267E-4
47.66	0	0
47.68	-7	-2.20503855040208E-4
47.7	-5	-1.57502753600148E-4
47.72	-8	-2.52004405760237E-4
47.74	-3	-9.4501652160089E-5
47.76	-13	-4.09507159360386E-4
47.78	-2	-6.30011014400594E-5
47.8	-5	-1.57502753600148E-4
47.82	1	3.15005507200297E-5
47.84	-3	-9.4501652160089E-5
47.86	4	1.26002202880119E-4
47.88	4	1.26002202880119E-4
47.9	-3	-9.4501652160089E-5
47.92	4	1.26002202880119E-4
47.94	5	1.57502753600148E-4
47.96	-3	-9.4501652160089E-5
47.98	6	1.89003304320178E-4
48	9	2.83504956480267E-4
48.02	10	3.15005507200297E-4
48.04	5	1.57502753600148E-4
48.06	-3	-9.4501652160089E-5
48.08	-6	-1.89003304320178E-4
48.1	2	6.30011014400594E-5
48.12	3	9.4501652160089E-5
48.14	2	6.30011014400594E-5
48.16	7	2.20503855040208E-4
48.18	9	2.83504956480267E-4
48.2	6	1.89003304320178E-4
48.22	-2	-6.30011014400594E-5
48.24	0	0
48.26	-7	-2.20503855040208E-4
48.28	6	1.89003304320178E-4
48.3	4	1.26002202880119E-4
48.32	-1	-3.15005507200297E-5
48.34	3	9.4501652160089E-5
48.36	-4	-1.26002202880119E-4
48.38	-2	-6.30011014400594E-5
48.4	0	0
48.42	3	9.4501652160089E-5
48.44	1	3.15005507200297E-5
48.46	4	1.26002202880119E-4
48.48	1	3.15005507200297E-5
48.5	1	3.15005507200297E-5
48.52	4	1.26002202880119E-4
48.54	3	9.4501652160089E-5
48.56	-3	-9.4501652160089E-5
48.58	-6	-1.89003304320178E-4
48.6	1	3.15005507200297E-5
48.62	2	6.30011014400594E-5
48.64	8	2.52004405760237E-4
48.66	-3	-9.4501652160089E-5
48.68	4	1.26002202880119E-4
48.7	6	1.89003304320178E-4
48.72	8	2.52004405760237E-4
48.74	5	1.57502753600148E-4
48.76	-1	-3.15005507200297E-5
48.78	-3	-9.4501652160089E-5
48.8	-3	-9.4501652160089E-5
48.82	10	3.15005507200297E-4
48.84	0	0
48.86	-6	-1.89003304320178E-4
48.88	-4	-1.26002202880119E-4
48.9	1	3.15005507200297E-5
48.92	1	3.15005507200297E-5
48.94	0	0
48.96	6	1.89003304320178E-4
48.98	5	1.57502753600148E-4
49	-2	-6.30011014400594E-5
49.02	-4	-1.26002202880119E-4
49.04	2	6.30011014400594E-5
49.06	-5	-1.57502753600148E-4
49.08	-7	-2.20503855040208E-4
49.1	4	1.26002202880119E-4
49.12	1	3.15005507200297E-5
49.14	-4	-1.26002202880119E-4
49.16	-8	-2.52004405760237E-4
49.18	9	2.83504956480267E-4
49.2	5	1.57502753600148E-4
49.22	-8	-2.52004405760237E-4
49.24	1	3.15005507200297E-5
49.26	-6	-1.89003304320178E-4
49.28	2	6.30011014400594E-5
49.3	-1	-3.15005507200297E-5
49.32	-10	-3.15005507200297E-4
49.34	-3	-9.4501652160089E-5
49.36	9	2.83504956480267E-4
49.38	9	2.83504956480267E-4
49.4	1	3.15005507200297E-5
49.42	1	3.15005507200297E-5
49.44	1	3.15005507200297E-5
49.46	1	3.15005507200297E-5
49.48	-2	-6.30011014400594E-5
49.5	-2	-6.30011014400594E-5
49.52	-3	-9.4501652160089E-5
49.54	1	3.15005507200297E-5
49.56	0	0
49.58	-4	-1.26002202880119E-4
49.6	6	1.89003304320178E-4
49.62	5	1.57502753600148E-4
49.64	13	4.09507159360386E-4
49.66	2	6.30011014400594E-5
49.68	1	3.15005507200297E-5
49.7	-6	-1.89003304320178E-4
49.72	-7	-2.20503855040208E-4
49.74	-9	-2.83504956480267E-4
49.76	2	6.30011014400594E-5
49.78	-6	-1.89003304320178E-4
49.8	-5	-1.57502753600148E-4
49.82	-4	-1.26002202880119E-4
49.84	-1	-3.15005507200297E-5
49.86	3	9.4501652160089E-5
49.88	-3	-9.4501652160089E-5
49.9	2	6.30011014400594E-5
49.92	9	2.83504956480267E-4
49.94	1	3.15005507200297E-5
49.96	-1	-3.15005507200297E-5
49.98	3	9.4501652160089E-5
50	-1	-3.15005507200297E-5
50.02	4	1.26002202880119E-4
50.04	0	0
50.06	1	3.15005507200297E-5
50.08	7	2.20503855040208E-4
50.1	2	6.30011014400594E-5
50.12	-1	-3.15005507200297E-5
50.14	-6	-1.89003304320178E-4
50.16	-5	-1.57502753600148E-4
50.18	0	0
50.2	2	6.30011014400594E-5
50.22	-6	-1.89003304320178E-4
50.24	1	3.15005507200297E-5
50.26	5	1.57502753600148E-4
50.28	-1	-3.15005507200297E-5
50.3	-3	-9.4501652160089E-5
50.32	-6	-1.89003304320178E-4
50.34	5	1.57502753600148E-4
50.36	1	3.15005507200297E-5
50.38	3	9.4501652160089E-5
50.4	8	2.52004405760237E-4
50.42	-2	-6.30011014400594E-5
50.44	7	2.20503855040208E-4
50.46	4	1.26002202880119E-4
50.48	-4	-1.26002202880119E-4
50.5	-8	-2.52004405760237E-4
50.52	-15	-4.72508260800445E-4
50.54	-4	-1.26002202880119E-4
50.56	-1	-3.15005507200297E-5
50.58	-7	-2.20503855040208E-4
50.6	-1	-3.15005507200297E-5
50.62	6	1.89003304320178E-4
50.64	-5	-1.57502753600148E-4
50.66	4	1.26002202880119E-4
50.68	-7	-2.20503855040208E-4
50.7	7	2.20503855040208E-4
50.72	5	1.57502753600148E-4
50.74	-5	-1.57502753600148E-4
50.76	-8	-2.52004405760237E-4
50.78	-8	-2.52004405760237E-4
50.8	2	6.30011014400594E-5
50.82	3	9.4501652160089E-5
50.84	-3	-9.4501652160089E-5
50.86	2	6.30011014400594E-5
50.88	15	4.72508260800445E-4
50.9	3	9.4501652160089E-5
50.92	4	1.26002202880119E-4
50.94	6	1.89003304320178E-4
50.96	10	3.15005507200297E-4
50.98	-2	-6.30011014400594E-5
51	1	3.15005507200297E-5
51.02	8	2.52004405760237E-4
51.04	-3	-9.4501652160089E-5
51.06	-4	-1.26002202880119E-4
51.08	-2	-6.30011014400594E-5
51.1	-5	-1.57502753600148E-4
51.12	-1	-3.15005507200297E-5
51.14	-1	-3.15005507200297E-5
51.16	-3	-9.4501652160089E-5
51.18	1	3.15005507200297E-5
51.2	5	1.57502753600148E-4
51.22	2	6.30011014400594E-5
51.24	2	6.30011014400594E-5
51.26	8	2.52004405760237E-4
51.28	1	3.15005507200297E-5
51.3	3	9.4501652160089E-5
51.32	-2	-6.30011014400594E-5
51.34	-6	-1.89003304320178E-4
51.36	-7	-2.20503855040208E-4
51.38	5	1.57502753600148E-4
51.4	2	6.30011014400594E-5
51.42	0	0
51.44	0	0
51.46	4	1.26002202880119E-4
51.48	4	1.26002202880119E-4
51.5	-7	-2.20503855040208E-4
51.52	-4	-1.26002202880119E-4
51.54	1	3.15005507200297E-5
51.56	-4	-1.26002202880119E-4
51.58	-6	-1.89003304320178E-4
51.6	-3	-9.4501652160089E-5
51.62	-6	-1.89003304320178E-4
51.64	0	0
51.66	9	2.83504956480267E-4
51.68	4	1.26002202880119E-4
51.7	4	1.26002202880119E-4
51.72	8	2.52004405760237E-4
51.74	4	1.26002202880119E-4
51.76	2	6.30011014400594E-5
51.78	-1	-3.15005507200297E-5
51.8	1	3.15005507200297E-5
51.82	-2	-6.30011014400594E-5
51.84	-3	-9.4501652160089E-5
51.86	2	6.30011014400594E-5
51.88	1	3.15005507200297E-5
51.9	4	1.26002202880119E-4
51.92	1	3.15005507200297E-5
51.94	-1	-3.15005507200297E-5
51.96	-2	-6.30011014400594E-5
51.98	4	1.26002202880119E-4
52	3	9.4501652160089E-5
52.02	2	6.30011014400594E-5
52.04	-3	-9.4501652160089E-5
52.06	-4	-1.26002202880119E-4
52.08	4	1.26002202880119E-4
52.1	-3	-9.4501652160089E-5
52.12	0	0
52.14	2	6.30011014400594E-5
52.16	-13	-4.09507159360386E-4
52.18	5	1.57502753600148E-4
52.2	2	6.30011014400594E-5
52.22	-4	-1.26002202880119E-4
52.24	1	3.15005507200297E-5
52.26	4	1.26002202880119E-4
52.28	-1	-3.15005507200297E-5
52.3	-1	-3.15005507200297E-5
52.32	0	0
52.34	0	0
52.36	-1	-3.15005507200297E-5
52.38	-4	-1.26002202880119E-4
52.4	5	1.57502753600148E-4
52.42	3	9.4501652160089E-5
52.44	-2	-6.30011014400594E-5
52.46	-6	-1.89003304320178E-4
52.48	-5	-1.57502753600148E-4
52.5	-7	-2.20503855040208E-4
52.52	-1	-3.15005507200297E-5
52.54	-3	-9.4501652160089E-5
52.56	-6	-1.89003304320178E-4
52.58	1	3.15005507200297E-5
52.6	-4	-1.26002202880119E-4
52.62	2	6.30011014400594E-5
52.64	10	3.15005507200297E-4
52.66	-6	-1.89003304320178E-4
52.68	-3	-9.4501652160089E-5
52.7	5	1.57502753600148E-4
52.72	8	2.52004405760237E-4
52.74	-3	-9.4501652160089E-5
52.76	1	3.15005507200297E-5
52.78	3	9.4501652160089E-5
52.8	1	3.15005507200297E-5
52.82	-5	-1.57502753600148E-4
52.84	-5	-1.57502753600148E-4
52.86	-2	-6.30011014400594E-5
52.88	-5	-1.57502753600148E-4
52.9	-1	-3.15005507200297E-5
52.92	2	6.30011014400594E-5
52.94	-2	-6.30011014400594E-5
52.96	-5	-1.57502753600148E-4
52.98	-7	-2.20503855040208E-4
53	-4	-1.26002202880119E-4
53.02	-4	-1.26002202880119E-4
53.04	-2	-6.30011014400594E-5
53.06	4	1.26002202880119E-4
53.08	-3	-9.4501652160089E-5
53.1	-1	-3.15005507200297E-5
53.12	-2	-6.30011014400594E-5
53.14	-4	-1.26002202880119E-4
53.16	1	3.15005507200297E-5
53.18	-2	-6.30011014400594E-5
53.2	0	0
53.22	1	3.15005507200297E-5
53.24	1	3.15005507200297E-5
53.26	5	1.57502753600148E-4
53.28	3	9.4501652160089E-5
53.3	-2	-6.30011014400594E-5
53.32	1	3.15005507200297E-5
53.34	3	9.4501652160089E-5
53.36	2	6.30011014400594E-5
53.38	3	9.4501652160089E-5
53.4	4	1.26002202880119E-4
53.42	4	1.26002202880119E-4
53.44	1	3.15005507200297E-5
53.46	-2	-6.30011014400594E-5
53.48	-2	-6.30011014400594E-5
53.5	2	6.30011014400594E-5
53.52	0	0
53.54	7	2.20503855040208E-4
53.56	2	6.30011014400594E-5
53.58	5	1.57502753600148E-4
53.6	-5	-1.57502753600148E-4
53.62	-1	-3.15005507200297E-5
53.64	2	6.30011014400594E-5
53.66	6	1.89003304320178E-4
53.68	17	5.35509362240505E-4
53.7	-10	-3.15005507200297E-4
53.72	-1	-3.15005507200297E-5
53.74	6	1.89003304320178E-4
53.76	0	0
53.78	-4	-1.26002202880119E-4
53.8	2	6.30011014400594E-5
53.82	-4	-1.26002202880119E-4
53.84	0	0
53.86	-6	-1.89003304320178E-4
53.88	3	9.4501652160089E-5
53.9	3	9.4501652160089E-5
53.92	1	3.15005507200297E-5
53.94	-3	-9.4501652160089E-5
53.96	-4	-1.26002202880119E-4
53.98	-5	-1.57502753600148E-4
54	6	1.89003304320178E-4
54.02	-1	-3.15005507200297E-5
54.04	3	9.4501652160089E-5
54.06	0	0
54.08	-6	-1.89003304320178E-4
54.1	-4	-1.26002202880119E-4
54.12	-5	-1.57502753600148E-4
54.14	-3	-9.4501652160089E-5
54.16	-3	-9.4501652160089E-5
54.18	-6	-1.89003304320178E-4
54.2	-3	-9.4501652160089E-5
54.22	7	2.20503855040208E-4
54.24	5	1.57502753600148E-4
54.26	0	0
54.28	-1	-3.15005507200297E-5
54.3	-7	-2.20503855040208E-4
54.32	-5	-1.57502753600148E-4
54.34	-10	-3.15005507200297E-4
54.36	-1	-3.15005507200297E-5
54.38	1	3.15005507200297E-5
54.4	0	0
54.42	2	6.30011014400594E-5
54.44	-4	-1.26002202880119E-4
54.46	0	0
54.48	-1	-3.15005507200297E-5
54.5	-5	-1.57502753600148E-4
54.52	-2	-6.30011014400594E-5
54.54	-2	-6.30011014400594E-5
54.56	-2	-6.30011014400594E-5
54.58	3	9.4501652160089E-5
54.6	-3	-9.4501652160089E-5
54.62	-7	-2.20503855040208E-4
54.64	2	6.30011014400594E-5
54.66	7	2.20503855040208E-4
54.68	4	1.26002202880119E-4
54.7	-2	-6.30011014400594E-5
54.72	-4	-1.26002202880119E-4
54.74	-6	-1.89003304320178E-4
54.76	-1	-3.15005507200297E-5
54.78	12	3.78006608640356E-4
54.8	11	3.46506057920326E-4
54.82	7	2.20503855040208E-4
54.84	15	4.72508260800445E-4
54.86	1	3.15005507200297E-5
54.88	-2	-6.30011014400594E-5
54.9	-1	-3.15005507200297E-5
54.92	7	2.20503855040208E-4
54.94	-1	-3.15005507200297E-5
54.96	1	3.15005507200297E-5
54.98	3	9.4501652160089E-5
55	-2	-6.30011014400594E-5
55.02	1	3.15005507200297E-5
55.04	-1	-3.15005507200297E-5
55.06	-4	-1.26002202880119E-4
55.08	4	1.26002202880119E-4
55.1	0	0
55.12	3	9.4501652160089E-5
55.14	3	9.4501652160089E-5
55.16	-3	-9.4501652160089E-5
55.18	0	0
55.2	5	1.57502753600148E-4
55.22	6	1.89003304320178E-4
55.24	-1	-3.15005507200297E-5
55.26	-1	-3.15005507200297E-5
55.28	0	0
55.3	-3	-9.4501652160089E-5
55.32	-1	-3.15005507200297E-5
55.34	6	1.89003304320178E-4
55.36	-2	-6.30011014400594E-5
55.38	2	6.30011014400594E-5
55.4	-1	-3.15005507200297E-5
55.42	0	0
55.44	-1	-3.15005507200297E-5
55.46	6	1.89003304320178E-4
55.48	-5	-1.57502753600148E-4
55.5	-2	-6.30011014400594E-5
55.52	0	0
55.54	-4	-1.26002202880119E-4
55.56	-2	-6.30011014400594E-5
55.58	-1	-3.15005507200297E-5
55.6	1	3.15005507200297E-5
55.62	-1	-3.15005507200297E-5
55.64	-1	-3.15005507200297E-5
55.66	-6	-1.89003304320178E-4
55.68	-1	-3.15005507200297E-5
55.7	2	6.30011014400594E-5
55.72	-2	-6.30011014400594E-5
55.74	-14	-4.41007710080415E-4
55.76	3	9.4501652160089E-5
55.78	6	1.89003304320178E-4
55.8	2	6.30011014400594E-5
55.82	5	1.57502753600148E-4
55.84	-1	-3.15005507200297E-5
55.86	6	1.89003304320178E-4
55.88	0	0
55.9	1	3.15005507200297E-5
55.92	-1	-3.15005507200297E-5
55.94	-1	-3.15005507200297E-5
55.96	1	3.15005507200297E-5
55.98	1	3.15005507200297E-5
56	2	6.30011014400594E-5
56.02	4	1.26002202880119E-4
56.04	-1	-3.15005507200297E-5
56.06	-4	-1.26002202880119E-4
56.08	-4	-1.26002202880119E-4
56.1	6	1.89003304320178E-4
56.12	-6	-1.89003304320178E-4
56.14	1	3.15005507200297E-5
56.16	0	0
56.18	-1	-3.15005507200297E-5
56.2	0	0
56.22	-1	-3.15005507200297E-5
56.24	1	3.15005507200297E-5
56.26	-4	-1.26002202880119E-4
56.28	-3	-9.4501652160089E-5
56.3	6	1.89003304320178E-4
56.32	-3	-9.4501652160089E-5
56.34	-3	-9.4501652160089E-5
56.36	-1	-3.15005507200297E-5
56.38	-4	-1.26002202880119E-4
56.4	-4	-1.26002202880119E-4
56.42	-6	-1.89003304320178E-4
56.44	0	0
56.46	9	2.83504956480267E-4
56.48	0	0
56.5	1	3.15005507200297E-5
56.52	-9	-2.83504956480267E-4
56.54	-5	-1.57502753600148E-4
56.56	-8	-2.52004405760237E-4
56.58	-3	-9.4501652160089E-5
56.6	1	3.15005507200297E-5
56.62	-6	-1.89003304320178E-4
56.64	-4	-1.26002202880119E-4
56.66	5	1.57502753600148E-4
56.68	7	2.20503855040208E-4
56.7	-2	-6.30011014400594E-5
56.72	-6	-1.89003304320178E-4
56.74	0	0
56.76	6	1.89003304320178E-4
56.78	6	1.89003304320178E-4
56.8	2	6.30011014400594E-5
56.82	-7	-2.20503855040208E-4
56.84	-4	-1.26002202880119E-4
56.86	3	9.4501652160089E-5
56.88	-3	-9.4501652160089E-5
56.9	-4	-1.26002202880119E-4
56.92	-4	-1.26002202880119E-4
56.94	1	3.15005507200297E-5
56.96	2	6.30011014400594E-5
56.98	-3	-9.4501652160089E-5
57	-2	-6.30011014400594E-5
57.02	-2	-6.30011014400594E-5
57.04	-9	-2.83504956480267E-4
57.06	5	1.57502753600148E-4
57.08	0	0
57.1	9	2.83504956480267E-4
57.12	7	2.20503855040208E-4
57.14	-2	-6.30011014400594E-5
57.16	0	0
57.18	-4	-1.26002202880119E-4
57.2	1	3.15005507200297E-5
57.22	-5	-1.57502753600148E-4
57.24	3	9.4501652160089E-5
57.26	10	3.15005507200297E-4
57.28	-3	-9.4501652160089E-5
57.3	-8	-2.52004405760237E-4
57.32	-5	-1.57502753600148E-4
57.34	1	3.15005507200297E-5
57.36	6	1.89003304320178E-4
57.38	-1	-3.15005507200297E-5
57.4	-3	-9.4501652160089E-5
57.42	1	3.15005507200297E-5
57.44	6	1.89003304320178E-4
57.46	1	3.15005507200297E-5
57.48	2	6.30011014400594E-5
57.5	1	3.15005507200297E-5
57.52	-2	-6.30011014400594E-5
57.54	0	0
57.56	6	1.89003304320178E-4
57.58	7	2.20503855040208E-4
57.6	0	0
57.62	-8	-2.52004405760237E-4
57.64	-1	-3.15005507200297E-5
57.66	2	6.30011014400594E-5
57.68	0	0
57.7	9	2.83504956480267E-4
57.72	-1	-3.15005507200297E-5
57.74	1	3.15005507200297E-5
57.76	3	9.4501652160089E-5
57.78	7	2.20503855040208E-4
57.8	-2	-6.30011014400594E-5
57.82	-1	-3.15005507200297E-5
57.84	-7	-2.20503855040208E-4
57.86	2	6.30011014400594E-5
57.88	1	3.15005507200297E-5
57.9	-1	-3.15005507200297E-5
57.92	8	2.52004405760237E-4
57.94	-1	-3.15005507200297E-5
57.96	1	3.15005507200297E-5
57.98	2	6.30011014400594E-5
58	-1	-3.15005507200297E-5
58.02	-5	-1.57502753600148E-4
58.04	3	9.4501652160089E-5
58.06	3	9.4501652160089E-5
58.08	4	1.26002202880119E-4
58.1	6	1.89003304320178E-4
58.12	0	0
58.14	6	1.89003304320178E-4
58.16	3	9.4501652160089E-5
58.18	0	0
58.2	6	1.89003304320178E-4
58.22	-1	-3.15005507200297E-5
58.24	13	4.09507159360386E-4
58.26	2	6.30011014400594E-5
58.28	0	0
58.3	-8	-2.52004405760237E-4
58.32	0	0
58.34	4	1.26002202880119E-4
58.36	2	6.30011014400594E-5
58.38	-3	-9.4501652160089E-5
58.4	-8	-2.52004405760237E-4
58.42	-3	-9.4501652160089E-5
58.44	7	2.20503855040208E-4
58.46	10	3.15005507200297E-4
58.48	-3	-9.4501652160089E-5
58.5	0	0
58.52	5	1.57502753600148E-4
58.54	-3	-9.4501652160089E-5
58.56	-3	-9.4501652160089E-5
58.58	-7	-2.20503855040208E-4
58.6	0	0
58.62	1	3.15005507200297E-5
58.64	2	6.30011014400594E-5
58.66	8	2.52004405760237E-4
58.68	1	3.15005507200297E-5
58.7	5	1.57502753600148E-4
58.72	5	1.57502753600148E-4
58.74	-3	-9.4501652160089E-5
58.76	-10	-3.15005507200297E-4
58.78	-1	-3.15005507200297E-5
58.8	1	3.15005507200297E-5
58.82	-1	-3.15005507200297E-5
58.84	-3	-9.4501652160089E-5
58.86	4	1.26002202880119E-4
58.88	2	6.30011014400594E-5
58.9	2	6.30011014400594E-5
58.92	-7	-2.20503855040208E-4
58.94	-1	-3.15005507200297E-5
58.96	2	6.30011014400594E-5
58.98	5	1.57502753600148E-4
59	7	2.20503855040208E-4
59.02	-1	-3.15005507200297E-5
59.04	-3	-9.4501652160089E-5
59.06	2	6.30011014400594E-5
59.08	-3	-9.4501652160089E-5
59.1	-9	-2.83504956480267E-4
59.12	-5	-1.57502753600148E-4
59.14	-1	-3.15005507200297E-5
59.16	-1	-3.15005507200297E-5
59.18	4	1.26002202880119E-4
59.2	7	2.20503855040208E-4
59.22	6	1.89003304320178E-4
59.24	-3	-9.4501652160089E-5
59.26	-7	-2.20503855040208E-4
59.28	2	6.30011014400594E-5
59.3	6	1.89003304320178E-4
59.32	8	2.52004405760237E-4
59.34	3	9.4501652160089E-5
59.36	2	6.30011014400594E-5
59.38	-2	-6.30011014400594E-5
59.4	1	3.15005507200297E-5
59.42	3	9.4501652160089E-5
59.44	0	0
59.46	7	2.20503855040208E-4
59.48	-4	-1.26002202880119E-4
59.5	1	3.15005507200297E-5
59.52	1	3.15005507200297E-5
59.54	1	3.15005507200297E-5
59.56	-1	-3.15005507200297E-5
59.58	7	2.20503855040208E-4
59.6	2	6.30011014400594E-5
59.62	-1	-3.15005507200297E-5
59.64	-3	-9.4501652160089E-5
59.66	8	2.52004405760237E-4
59.68	3	9.4501652160089E-5
59.7	3	9.4501652160089E-5
59.72	2	6.30011014400594E-5
59.74	-4	-1.26002202880119E-4
59.76	-2	-6.30011014400594E-5
59.78	2	6.30011014400594E-5
59.8	-4	-1.26002202880119E-4
59.82	-2	-6.30011014400594E-5
59.84	-1	-3.15005507200297E-5
59.86	-7	-2.20503855040208E-4
59.88	-5	-1.57502753600148E-4
59.9	-1	-3.15005507200297E-5
59.92	4	1.26002202880119E-4
59.94	6	1.89003304320178E-4
59.96	3	9.4501652160089E-5
59.98	1	3.15005507200297E-5
60	2	6.30011014400594E-5
60.02	-3	-9.4501652160089E-5
60.04	-1	-3.15005507200297E-5
60.06	-2	-6.30011014400594E-5
60.08	5	1.57502753600148E-4
60.1	3	9.4501652160089E-5
60.12	-2	-6.30011014400594E-5
60.14	8	2.52004405760237E-4
60.16	0	0
60.18	3	9.4501652160089E-5
60.2	2	6.30011014400594E-5
60.22	7	2.20503855040208E-4
60.24	2	6.30011014400594E-5
60.26	2	6.30011014400594E-5
60.28	1	3.15005507200297E-5
60.3	0	0
60.32	5	1.57502753600148E-4
60.34	4	1.26002202880119E-4
60.36	-1	-3.15005507200297E-5
60.38	-3	-9.4501652160089E-5
60.4	-1	-3.15005507200297E-5
60.42	2	6.30011014400594E-5
60.44	3	9.4501652160089E-5
60.46	2	6.30011014400594E-5
60.48	2	6.30011014400594E-5
60.5	-5	-1.57502753600148E-4
60.52	-4	-1.26002202880119E-4
60.54	0	0
60.56	3	9.4501652160089E-5
60.58	6	1.89003304320178E-4
60.6	1	3.15005507200297E-5
60.62	-5	-1.57502753600148E-4
60.64	-4	-1.26002202880119E-4
60.66	3	9.4501652160089E-5
60.68	7	2.20503855040208E-4
60.7	2	6.30011014400594E-5
60.72	-1	-3.15005507200297E-5
60.74	7	2.20503855040208E-4
60.76	2	6.30011014400594E-5
60.78	1	3.15005507200297E-5
60.8	4	1.26002202880119E-4
60.82	3	9.4501652160089E-5
60.84	6	1.89003304320178E-4
60.86	4	1.26002202880119E-4
60.88	1	3.15005507200297E-5
60.9	6	1.89003304320178E-4
60.92	-3	-9.4501652160089E-5
60.94	7	2.20503855040208E-4
60.96	5	1.57502753600148E-4
60.98	-3	-9.4501652160089E-5
61	2	6.30011014400594E-5
61.02	1	3.15005507200297E-5
61.04	7	2.20503855040208E-4
61.06	3	9.4501652160089E-5
61.08	-2	-6.30011014400594E-5
61.1	-1	-3.15005507200297E-5
61.12	-5	-1.57502753600148E-4
61.14	-4	-1.26002202880119E-4
61.16	5	1.57502753600148E-4
61.18	2	6.30011014400594E-5
61.2	8	2.52004405760237E-4
61.22	5	1.57502753600148E-4
61.24	-1	-3.15005507200297E-5
61.26	2	6.30011014400594E-5
61.28	-1	-3.15005507200297E-5
61.3	10	3.15005507200297E-4
61.32	-2	-6.30011014400594E-5
61.34	-3	-9.4501652160089E-5
61.36	0	0
61.38	-5	-1.57502753600148E-4
61.4	4	1.26002202880119E-4
61.42	2	6.30011014400594E-5
61.44	6	1.89003304320178E-4
61.46	2	6.30011014400594E-5
61.48	2	6.30011014400594E-5
61.5	-3	-9.4501652160089E-5
61.52	-2	-6.30011014400594E-5
61.54	-9	-2.83504956480267E-4
61.56	-7	-2.20503855040208E-4
61.58	0	0
61.6	-5	-1.57502753600148E-4
61.62	4	1.26002202880119E-4
61.64	7	2.20503855040208E-4
61.66	1	3.15005507200297E-5
61.68	2	6.30011014400594E-5
61.7	0	0
61.72	-3	-9.4501652160089E-5
61.74	-3	-9.4501652160089E-5
61.76	9	2.83504956480267E-4
61.78	5	1.57502753600148E-4
61.8	2	6.30011014400594E-5
61.82	4	1.26002202880119E-4
61.84	2	6.30011014400594E-5
61.86	0	0
61.88	1	3.15005507200297E-5
61.9	4	1.26002202880119E-4
61.92	-1	-3.15005507200297E-5
61.94	-3	-9.4501652160089E-5
61.96	4	1.26002202880119E-4
61.98	2	6.30011014400594E-5
62	-2	-6.30011014400594E-5
62.02	1	3.15005507200297E-5
62.04	4	1.26002202880119E-4
62.06	3	9.4501652160089E-5
62.08	2	6.30011014400594E-5
62.1	3	9.4501652160089E-5
62.12	6	1.89003304320178E-4
62.14	-2	-6.30011014400594E-5
62.16	-3	-9.4501652160089E-5
62.18	-2	-6.30011014400594E-5
62.2	2	6.30011014400594E-5
62.22	3	9.4501652160089E-5
62.24	1	3.15005507200297E-5
62.26	9	2.83504956480267E-4
62.28	1	3.15005507200297E-5
62.3	-1	-3.15005507200297E-5
62.32	-1	-3.15005507200297E-5
62.34	0	0
62.36	3	9.4501652160089E-5
62.38	-1	-3.15005507200297E-5
62.4	2	6.30011014400594E-5
62.42	-4	-1.26002202880119E-4
62.44	-1	-3.15005507200297E-5
62.46	-4	-1.26002202880119E-4
62.48	3	9.4501652160089E-5
62.5	0	0
62.52	0	0
62.54	-2	-6.30011014400594E-5
62.56	-1	-3.15005507200297E-5
62.58	-4	-1.26002202880119E-4
62.6	1	3.15005507200297E-5
62.62	0	0
62.64	-8	-2.52004405760237E-4
62.66	-5	-1.57502753600148E-4
62.68	2	6.30011014400594E-5
62.7	-1	-3.15005507200297E-5
62.72	3	9.4501652160089E-5
62.74	1	3.15005507200297E-5
62.76	-9	-2.83504956480267E-4
62.78	-6	-1.89003304320178E-4
62.8	6	1.89003304320178E-4
62.82	3	9.4501652160089E-5
62.84	-10	-3.15005507200297E-4
62.86	-1	-3.15005507200297E-5
62.88	6	1.89003304320178E-4
62.9	8	2.52004405760237E-4
62.92	14	4.41007710080415E-4
62.94	5	1.57502753600148E-4
62.96	-2	-6.30011014400594E-5
62.98	2	6.30011014400594E-5
63	-8	-2.52004405760237E-4
63.02	2	6.30011014400594E-5
63.04	3	9.4501652160089E-5
63.06	0	0
63.08	-2	-6.30011014400594E-5
63.1	2	6.30011014400594E-5
63.12	1	3.15005507200297E-5
63.14	4	1.26002202880119E-4
63.16	-1	-3.15005507200297E-5
63.18	-3	-9.4501652160089E-5
63.2	1	3.15005507200297E-5
63.22	7	2.20503855040208E-4
63.24	3	9.4501652160089E-5
63.26	-1	-3.15005507200297E-5
63.28	0	0
63.3	1	3.15005507200297E-5
63.32	-5	-1.57502753600148E-4
63.34	-1	-3.15005507200297E-5
63.36	-5	-1.57502753600148E-4
63.38	-2	-6.30011014400594E-5
63.4	-7	-2.20503855040208E-4
63.42	-6	-1.89003304320178E-4
63.44	4	1.26002202880119E-4
63.46	5	1.57502753600148E-4
63.48	-2	-6.30011014400594E-5
63.5	2	6.30011014400594E-5
63.52	4	1.26002202880119E-4
63.54	0	0
63.56	2	6.30011014400594E-5
63.58	-2	-6.30011014400594E-5
63.6	0	0
63.62	-2	-6.30011014400594E-5
63.64	7	2.20503855040208E-4
63.66	2	6.30011014400594E-5
63.68	3	9.4501652160089E-5
63.7	4	1.26002202880119E-4
63.72	-3	-9.4501652160089E-5
63.74	-1	-3.15005507200297E-5
63.76	-5	-1.57502753600148E-4
63.78	-3	-9.4501652160089E-5
63.8	0	0
63.82	0	0
63.84	-2	-6.30011014400594E-5
63.86	2	6.30011014400594E-5
63.88	-6	-1.89003304320178E-4
63.9	-3	-9.4501652160089E-5
63.92	5	1.57502753600148E-4
63.94	-2	-6.30011014400594E-5
63.96	-4	-1.26002202880119E-4
63.98	1	3.15005507200297E-5
64	7	2.20503855040208E-4
64.02	7	2.20503855040208E-4
64.04	9	2.83504956480267E-4
64.06	5	1.57502753600148E-4
64.08	-1	-3.15005507200297E-5
64.1	-1	-3.15005507200297E-5
64.12	3	9.4501652160089E-5
64.14	1	3.15005507200297E-5
64.16	2	6.30011014400594E-5
64.18	1	3.15005507200297E-5
64.2	-3	-9.4501652160089E-5
64.22	-3	-9.4501652160089E-5
64.24	-4	-1.26002202880119E-4
64.26	5	1.57502753600148E-4
64.28	7	2.20503855040208E-4
64.3	6	1.89003304320178E-4
64.32	7	2.20503855040208E-4
64.34	-3	-9.4501652160089E-5
64.36	-2	-6.30011014400594E-5
64.38	2	6.30011014400594E-5
64.4	0	0
64.42	-4	-1.26002202880119E-4
64.44	0	0
64.46	-5	-1.57502753600148E-4
64.48	1	3.15005507200297E-5
64.5	6	1.89003304320178E-4
64.52	-1	-3.15005507200297E-5
64.54	1	3.15005507200297E-5
64.56	2	6.30011014400594E-5
64.58	6	1.89003304320178E-4
64.6	3	9.4501652160089E-5
64.62	4	1.26002202880119E-4
64.64	4	1.26002202880119E-4
64.66	1	3.15005507200297E-5
64.68	3	9.4501652160089E-5
64.7	-5	-1.57502753600148E-4
64.72	6	1.89003304320178E-4
64.74	1	3.15005507200297E-5
64.76	0	0
64.78	-3	-9.4501652160089E-5
64.8	-6	-1.89003304320178E-4
64.82	-6	-1.89003304320178E-4
64.84	-6	-1.89003304320178E-4
64.86	-5	-1.57502753600148E-4
64.88	5	1.57502753600148E-4
64.9	4	1.26002202880119E-4
64.92	2	6.30011014400594E-5
64.94	-1	-3.15005507200297E-5
64.96	-4	-1.26002202880119E-4
64.98	0	0
65	-1	-3.15005507200297E-5
65.02	-3	-9.4501652160089E-5
65.04	9	2.83504956480267E-4
65.06	10	3.15005507200297E-4
65.08	4	1.26002202880119E-4
65.1	-3	-9.4501652160089E-5
65.12	1	3.15005507200297E-5
65.14	-2	-6.30011014400594E-5
65.16	2	6.30011014400594E-5
65.18	2	6.30011014400594E-5
65.2	-1	-3.15005507200297E-5
65.22	7	2.20503855040208E-4
65.24	-1	-3.15005507200297E-5
65.26	-1	-3.15005507200297E-5
65.28	-4	-1.26002202880119E-4
65.3	1	3.15005507200297E-5
65.32	3	9.4501652160089E-5
65.34	-6	-1.89003304320178E-4
65.36	0	0
65.38	-8	-2.52004405760237E-4
65.4	-5	-1.57502753600148E-4
65.42	0	0
65.44	-1	-3.15005507200297E-5
65.46	-4	-1.26002202880119E-4
65.48	4	1.26002202880119E-4
65.5	-3	-9.4501652160089E-5
65.52	-1	-3.15005507200297E-5
65.54	0	0
65.56	2	6.30011014400594E-5
65.58	-4	-1.26002202880119E-4
65.6	1	3.15005507200297E-5
65.62	-2	-6.30011014400594E-5
65.64	-10	-3.15005507200297E-4
65.66	-14	-4.41007710080415E-4
65.68	3	9.4501652160089E-5
65.7	5	1.57502753600148E-4
65.72	3	9.4501652160089E-5
65.74	-4	-1.26002202880119E-4
65.76	-1	-3.15005507200297E-5
65.78	7	2.20503855040208E-4
65.8	-3	-9.4501652160089E-5
65.82	-1	-3.15005507200297E-5
65.84	1	3.15005507200297E-5
65.86	-8	-2.52004405760237E-4
65.88	2	6.30011014400594E-5
65.9	5	1.57502753600148E-4
65.92	0	0
65.94	1	3.15005507200297E-5
65.96	2	6.30011014400594E-5
65.98	-5	-1.57502753600148E-4
66	1	3.15005507200297E-5
66.02	2	6.30011014400594E-5
66.04	1	3.15005507200297E-5
66.06	-2	-6.30011014400594E-5
66.08	-5	-1.57502753600148E-4
66.1	5	1.57502753600148E-4
66.12	-2	-6.30011014400594E-5
66.14	-4	-1.26002202880119E-4
66.16	-2	-6.30011014400594E-5
66.18	-2	-6.30011014400594E-5
66.2	-4	-1.26002202880119E-4
66.22	-4	-1.26002202880119E-4
66.24	-1	-3.15005507200297E-5
66.26	-2	-6.30011014400594E-5
66.28	5	1.57502753600148E-4
66.3	2	6.30011014400594E-5
66.32	5	1.57502753600148E-4
66.34	4	1.26002202880119E-4
66.36	-2	-6.30011014400594E-5
66.38	4	1.26002202880119E-4
66.4	2	6.30011014400594E-5
66.42	-4	-1.26002202880119E-4
66.44	-4	-1.26002202880119E-4
66.46	-3	-9.4501652160089E-5
66.48	-2	-6.30011014400594E-5
66.5	4	1.26002202880119E-4
66.52	1	3.15005507200297E-5
66.54	-10	-3.15005507200297E-4
66.56	1	3.15005507200297E-5
66.58	6	1.89003304320178E-4
66.6	2	6.30011014400594E-5
66.62	-4	-1.26002202880119E-4
66.64	-4	-1.26002202880119E-4
66.66	-3	-9.4501652160089E-5
66.68	1	3.15005507200297E-5
66.7	8	2.52004405760237E-4
66.72	1	3.15005507200297E-5
66.74	-3	-9.4501652160089E-5
66.76	-7	-2.20503855040208E-4
66.78	-5	-1.57502753600148E-4
66.8	-8	-2.52004405760237E-4
66.82	4	1.26002202880119E-4
66.84	0	0
66.86	-4	-1.26002202880119E-4
66.88	2	6.30011014400594E-5
66.9	6	1.89003304320178E-4
66.92	7	2.20503855040208E-4
66.94	9	2.83504956480267E-4
66.96	3	9.4501652160089E-5
66.98	3	9.4501652160089E-5
67	5	1.57502753600148E-4
67.02	1	3.15005507200297E-5
67.04	2	6.30011014400594E-5
67.06	-1	-3.15005507200297E-5
67.08	0	0
67.1	8	2.52004405760237E-4
67.12	-1	-3.15005507200297E-5
67.14	-5	-1.57502753600148E-4
67.16	1	3.15005507200297E-5
67.18	-3	-9.4501652160089E-5
67.2	-1	-3.15005507200297E-5
67.22	4	1.26002202880119E-4
67.24	0	0
67.26	4	1.26002202880119E-4
67.28	10	3.15005507200297E-4
67.3	8	2.52004405760237E-4
67.32	0	0
67.34	-2	-6.30011014400594E-5
67.36	-3	-9.4501652160089E-5
67.38	-3	-9.4501652160089E-5
67.4	-1	-3.15005507200297E-5
67.42	0	0
67.44	2	6.30011014400594E-5
67.46	-3	-9.4501652160089E-5
67.48	1	3.15005507200297E-5
67.5	2	6.30011014400594E-5
67.52	-1	-3.15005507200297E-5
67.54	1	3.15005507200297E-5
67.56	1	3.15005507200297E-5
67.58	1	3.15005507200297E-5
67.6	1	3.15005507200297E-5
67.62	-3	-9.4501652160089E-5
67.64	7	2.20503855040208E-4
67.66	2	6.30011014400594E-5
67.68	2	6.30011014400594E-5
67.7	-2	-6.30011014400594E-5
67.72	6	1.89003304320178E-4
67.74	5	1.57502753600148E-4
67.76	0	0
67.78	3	9.4501652160089E-5
67.8	1	3.15005507200297E-5
67.82	1	3.15005507200297E-5
67.84	1	3.15005507200297E-5
67.86	-7	-2.20503855040208E-4
67.88	-2	-6.30011014400594E-5
67.9	1	3.15005507200297E-5
67.92	1	3.15005507200297E-5
67.94	5	1.57502753600148E-4
67.96	4	1.26002202880119E-4
67.98	2	6.30011014400594E-5
68	1	3.15005507200297E-5
68.02	2	6.30011014400594E-5
68.04	-4	-1.26002202880119E-4
68.06	2	6.30011014400594E-5
68.08	-1	-3.15005507200297E-5
68.1	4	1.26002202880119E-4
68.12	4	1.26002202880119E-4
68.14	8	2.52004405760237E-4
68.16	7	2.20503855040208E-4
68.18	1	3.15005507200297E-5
68.2	4	1.26002202880119E-4
68.22	-3	-9.4501652160089E-5
68.24	-4	-1.26002202880119E-4
68.26	8	2.52004405760237E-4
68.28	1	3.15005507200297E-5
68.3	-5	-1.57502753600148E-4
68.32	-2	-6.30011014400594E-5
68.34	0	0
68.36	2	6.30011014400594E-5
68.38	0	0
68.4	3	9.4501652160089E-5
68.42	-6	-1.89003304320178E-4
68.44	-2	-6.30011014400594E-5
68.46	2	6.30011014400594E-5
68.48	2	6.30011014400594E-5
68.5	1	3.15005507200297E-5
68.52	2	6.30011014400594E-5
68.54	7	2.20503855040208E-4
68.56	8	2.52004405760237E-4
68.58	4	1.26002202880119E-4
68.6	0	0
68.62	0	0
68.64	-3	-9.4501652160089E-5
68.66	-4	-1.26002202880119E-4
68.68	0	0
68.7	-8	-2.52004405760237E-4
68.72	-1	-3.15005507200297E-5
68.74	2	6.30011014400594E-5
68.76	5	1.57502753600148E-4
68.78	6	1.89003304320178E-4
68.8	6	1.89003304320178E-4
68.82	6	1.89003304320178E-4
68.84	0	0
68.86	-3	-9.4501652160089E-5
68.88	0	0
68.9	3	9.4501652160089E-5
68.92	-2	-6.30011014400594E-5
68.94	-11	-3.46506057920326E-4
68.96	-3	-9.4501652160089E-5
68.98	-3	-9.4501652160089E-5
69	2	6.30011014400594E-5
69.02	-2	-6.30011014400594E-5
69.04	-1	-3.15005507200297E-5
69.06	-2	-6.30011014400594E-5
69.08	3	9.4501652160089E-5
69.1	-1	-3.15005507200297E-5
69.12	-4	-1.26002202880119E-4
69.14	-2	-6.30011014400594E-5
69.16	3	9.4501652160089E-5
69.18	11	3.46506057920326E-4
69.2	4	1.26002202880119E-4
69.22	-3	-9.4501652160089E-5
69.24	9	2.83504956480267E-4
69.26	2	6.30011014400594E-5
69.28	-1	-3.15005507200297E-5
69.3	1	3.15005507200297E-5
69.32	1	3.15005507200297E-5
69.34	3	9.4501652160089E-5
69.36	2	6.30011014400594E-5
69.38	2	6.30011014400594E-5
69.4	-4	-1.26002202880119E-4
69.42	0	0
69.44	2	6.30011014400594E-5
69.46	-1	-3.15005507200297E-5
69.48	-3	-9.4501652160089E-5
69.5	4	1.26002202880119E-4
69.52	10	3.15005507200297E-4
69.54	-1	-3.15005507200297E-5
69.56	1	3.15005507200297E-5
69.58	2	6.30011014400594E-5
69.6	-5	-1.57502753600148E-4
69.62	-3	-9.4501652160089E-5
69.64	-3	-9.4501652160089E-5
69.66	-3	-9.4501652160089E-5
69.68	0	0
69.7	1	3.15005507200297E-5
69.72	2	6.30011014400594E-5
69.74	8	2.52004405760237E-4
69.76	8	2.52004405760237E-4
69.78	3	9.4501652160089E-5
69.8	-4	-1.26002202880119E-4
69.82	0	0
69.84	-3	-9.4501652160089E-5
69.86	-4	-1.26002202880119E-4
69.88	1	3.15005507200297E-5
69.9	-2	-6.30011014400594E-5
69.92	0	0
69.94	2	6.30011014400594E-5
69.96	1	3.15005507200297E-5
69.98	2	6.30011014400594E-5
70	-3	-9.4501652160089E-5
70.02	3	9.4501652160089E-5
70.04	9	2.83504956480267E-4
70.06	8	2.52004405760237E-4
70.08	0	0
70.1	-2	-6.30011014400594E-5
70.12	-1	-3.15005507200297E-5
70.14	-4	-1.26002202880119E-4
70.16	1	3.15005507200297E-5
70.18	5	1.57502753600148E-4
70.2	1	3.15005507200297E-5
70.22	0	0
70.24	2	6.30011014400594E-5
70.26	-2	-6.30011014400594E-5
70.28	-5	-1.57502753600148E-4
70.3	-1	-3.15005507200297E-5
70.32	-3	-9.4501652160089E-5
70.34	-1	-3.15005507200297E-5
70.36	-3	-9.4501652160089E-5
70.38	7	2.20503855040208E-4
70.4	-2	-6.30011014400594E-5
70.42	1	3.15005507200297E-5
70.44	3	9.4501652160089E-5
70.46	-3	-9.4501652160089E-5
70.48	1	3.15005507200297E-5
70.5	0	0
70.52	2	6.30011014400594E-5
70.54	1	3.15005507200297E-5
70.56	1	3.15005507200297E-5
70.58	4	1.26002202880119E-4
70.6	-4	-1.26002202880119E-4
70.62	-3	-9.4501652160089E-5
70.64	1	3.15005507200297E-5
70.66	1	3.15005507200297E-5
70.68	-1	-3.15005507200297E-5
70.7	7	2.20503855040208E-4
70.72	1	3.15005507200297E-5
70.74	4	1.26002202880119E-4
70.76	1	3.15005507200297E-5
70.78	-1	-3.15005507200297E-5
70.8	3	9.4501652160089E-5
70.82	1	3.15005507200297E-5
70.84	-1	-3.15005507200297E-5
70.86	1	3.15005507200297E-5
70.88	4	1.26002202880119E-4
70.9	4	1.26002202880119E-4
70.92	-2	-6.30011014400594E-5
70.94	2	6.30011014400594E-5
70.96	1	3.15005507200297E-5
70.98	-1	-3.15005507200297E-5
71	-2	-6.30011014400594E-5
71.02	-5	-1.57502753600148E-4
71.04	-3	-9.4501652160089E-5
71.06	-2	-6.30011014400594E-5
71.08	-1	-3.15005507200297E-5
71.1	-7	-2.20503855040208E-4
71.12	-3	-9.4501652160089E-5
71.14	-2	-6.30011014400594E-5
71.16	2	6.30011014400594E-5
71.18	-6	-1.89003304320178E-4
71.2	-8	-2.52004405760237E-4
71.22	-2	-6.30011014400594E-5
71.24	-2	-6.30011014400594E-5
71.26	-3	-9.4501652160089E-5
71.28	6	1.89003304320178E-4
71.3	12	3.78006608640356E-4
71.32	2	6.30011014400594E-5
71.34	-1	-3.15005507200297E-5
71.36	6	1.89003304320178E-4
71.38	3	9.4501652160089E-5
71.4	2	6.30011014400594E-5
71.42	4	1.26002202880119E-4
71.44	2	6.30011014400594E-5
71.46	1	3.15005507200297E-5
71.48	1	3.15005507200297E-5
71.5	2	6.30011014400594E-5
71.52	3	9.4501652160089E-5
71.54	3	9.4501652160089E-5
71.56	4	1.26002202880119E-4
71.58	8	2.52004405760237E-4
71.6	0	0
71.62	0	0
71.64	4	1.26002202880119E-4
71.66	-1	-3.15005507200297E-5
71.68	5	1.57502753600148E-4
71.7	-4	-1.26002202880119E-4
71.72	-9	-2.83504956480267E-4
71.74	0	0
71.76	5	1.57502753600148E-4
71.78	4	1.26002202880119E-4
71.8	6	1.89003304320178E-4
71.82	7	2.20503855040208E-4
71.84	8	2.52004405760237E-4
71.86	1	3.15005507200297E-5
71.88	0	0
71.9	0	0
71.92	1	3.15005507200297E-5
71.94	-3	-9.4501652160089E-5
71.96	0	0
71.98	3	9.4501652160089E-5
72	0	0
72.02	1	3.15005507200297E-5
72.04	8	2.52004405760237E-4
72.06	4	1.26002202880119E-4
72.08	5	1.57502753600148E-4
72.1	2	6.30011014400594E-5
72.12	1	3.15005507200297E-5
72.14	4	1.26002202880119E-4
72.16	1	3.15005507200297E-5
72.18	0	0
72.2	2	6.30011014400594E-5
72.22	5	1.57502753600148E-4
72.24	7	2.20503855040208E-4
72.26	3	9.4501652160089E-5
72.28	-1	-3.15005507200297E-5
72.3	0	0
72.32	-4	-1.26002202880119E-4
72.34	0	0
72.36	-3	-9.4501652160089E-5
72.38	-6	-1.89003304320178E-4
72.4	-2	-6.30011014400594E-5
72.42	-1	-3.15005507200297E-5
72.44	0	0
72.46	-4	-1.26002202880119E-4
72.48	-1	-3.15005507200297E-5
72.5	3	9.4501652160089E-5
72.52	3	9.4501652160089E-5
72.54	3	9.4501652160089E-5
72.56	1	3.15005507200297E-5
72.58	1	3.15005507200297E-5
72.6	-6	-1.89003304320178E-4
72.62	-7	-2.20503855040208E-4
72.64	-8	-2.52004405760237E-4
72.66	8	2.52004405760237E-4
72.68	4	1.26002202880119E-4
72.7	-4	-1.26002202880119E-4
72.72	-7	-2.20503855040208E-4
72.74	-2	-6.30011014400594E-5
72.76	2	6.30011014400594E-5
72.78	6	1.89003304320178E-4
72.8	6	1.89003304320178E-4
72.82	-4	-1.26002202880119E-4
72.84	-1	-3.15005507200297E-5
72.86	-8	-2.52004405760237E-4
72.88	-5	-1.57502753600148E-4
72.9	-2	-6.30011014400594E-5
72.92	6	1.89003304320178E-4
72.94	0	0
72.96	-3	-9.4501652160089E-5
72.98	-2	-6.30011014400594E-5
73	5	1.57502753600148E-4
73.02	1	3.15005507200297E-5
73.04	1	3.15005507200297E-5
73.06	6	1.89003304320178E-4
73.08	2	6.30011014400594E-5
73.1	16	5.04008811520475E-4
73.12	2	6.30011014400594E-5
73.14	2	6.30011014400594E-5
73.16	2	6.30011014400594E-5
73.18	0	0
73.2	1	3.15005507200297E-5
73.22	1	3.15005507200297E-5
73.24	5	1.57502753600148E-4
73.26	3	9.4501652160089E-5
73.28	2	6.30011014400594E-5
73.3	4	1.26002202880119E-4
73.32	1	3.15005507200297E-5
73.34	2	6.30011014400594E-5
73.36	4	1.26002202880119E-4
73.38	6	1.89003304320178E-4
73.4	8	2.52004405760237E-4
73.42	2	6.30011014400594E-5
73.44	-1	-3.15005507200297E-5
73.46	2	6.30011014400594E-5
73.48	1	3.15005507200297E-5
73.5	5	1.57502753600148E-4
73.52	2	6.30011014400594E-5
73.54	3	9.4501652160089E-5
73.56	-1	-3.15005507200297E-5
73.58	6	1.89003304320178E-4
73.6	2	6.30011014400594E-5
73.62	-2	-6.30011014400594E-5
73.64	1	3.15005507200297E-5
73.66	-4	-1.26002202880119E-4
73.68	7	2.20503855040208E-4
73.7	6	1.89003304320178E-4
73.72	3	9.4501652160089E-5
73.74	0	0
73.76	0	0
73.78	0	0
73.8	2	6.30011014400594E-5
73.82	5	1.57502753600148E-4
73.84	0	0
73.86	-6	-1.89003304320178E-4
73.88	-7	-2.20503855040208E-4
73.9	4	1.26002202880119E-4
73.92	-2	-6.30011014400594E-5
73.94	4	1.26002202880119E-4
73.96	3	9.4501652160089E-5
73.98	0	0
74	1	3.15005507200297E-5
74.02	-1	-3.15005507200297E-5
74.04	-6	-1.89003304320178E-4
74.06	-7	-2.20503855040208E-4
74.08	-2	-6.30011014400594E-5
74.1	3	9.4501652160089E-5
74.12	4	1.26002202880119E-4
74.14	-1	-3.15005507200297E-5
74.16	6	1.89003304320178E-4
74.18	-3	-9.4501652160089E-5
74.2	-1	-3.15005507200297E-5
74.22	0	0
74.24	-8	-2.52004405760237E-4
74.26	-5	-1.57502753600148E-4
74.28	3	9.4501652160089E-5
74.3	8	2.52004405760237E-4
74.32	2	6.30011014400594E-5
74.34	-3	-9.4501652160089E-5
74.36	3	9.4501652160089E-5
74.38	9	2.83504956480267E-4
74.4	0	0
74.42	0	0
74.44	-2	-6.30011014400594E-5
74.46	-1	-3.15005507200297E-5
74.48	3	9.4501652160089E-5
74.5	3	9.4501652160089E-5
74.52	1	3.15005507200297E-5
74.54	7	2.20503855040208E-4
74.56	2	6.30011014400594E-5
74.58	2	6.30011014400594E-5
74.6	4	1.26002202880119E-4
74.62	2	6.30011014400594E-5
74.64	-2	-6.30011014400594E-5
74.66	-4	-1.26002202880119E-4
74.68	4	1.26002202880119E-4
74.7	3	9.4501652160089E-5
74.72	2	6.30011014400594E-5
74.74	-3	-9.4501652160089E-5
74.76	2	6.30011014400594E-5
74.78	3	9.4501652160089E-5
74.8	1	3.15005507200297E-5
74.82	-6	-1.89003304320178E-4
74.84	2	6.30011014400594E-5
74.86	3	9.4501652160089E-5
74.88	2	6.30011014400594E-5
74.9	4	1.26002202880119E-4
74.92	0	0
74.94	4	1.26002202880119E-4
74.96	7	2.20503855040208E-4
74.98	0	0
