Counter Settings:
Falling Edge
Disc Threshold [V]	-0.301514
Dwell time [s]	2.000000E-8
Number of channels	3750
Number of Scans	25000

D2
v 1
J 2
29.7V 3.28A
Au 788C
Knnew  C
Kn  e-2mbar (base 1.5e-2)
x=35mm y=35.5mm z=512mm
D2/RGA 7.0e-10 torr (base 8e-11)
500: 8.8e-9 mbar
100: 1.1e-9 mbar
FFR heater 4.0A 1.48V
extra heater 3.0A 0.5V
Extractor: -30V
Lens: -1200V
MCP: -2100V
Laser Position	207.521985

Laser Power [mJ]	1.062524
Time [µs]	Counts
0	40365
0.02	8510
0.04	139
0.06	110
0.08	101
0.1	75
0.12	58
0.14	28
0.16	34
0.18	38
0.2	52
0.22	50
0.24	58
0.26	75
0.28	97
0.3	83
0.32	91
0.34	79
0.36	83
0.38	91
0.4	98
0.42	97
0.44	88
0.46	110
0.48	80
0.5	92
0.52	64
0.54	74
0.56	61
0.58	73
0.6	58
0.62	69
0.64	82
0.66	66
0.68	86
0.7	96
0.72	89
0.74	96
0.76	112
0.78	125
0.8	153
0.82	191
0.84	211
0.86	209
0.88	222
0.9	262
0.92	301
0.94	336
0.96	324
0.98	407
1	578
1.02	633
1.04	736
1.06	709
1.08	653
1.1	621
1.12	493
1.14	383
1.16	312
1.18	271
1.2	222
1.22	216
1.24	205
1.26	204
1.28	216
1.3	177
1.32	188
1.34	191
1.36	148
1.38	158
1.4	151
1.42	128
1.44	144
1.46	112
1.48	112
1.5	111
1.52	101
1.54	78
1.56	69
1.58	71
1.6	61
1.62	65
1.64	60
1.66	53
1.68	81
1.7	65
1.72	41
1.74	46
1.76	63
1.78	50
1.8	60
1.82	47
1.84	56
1.86	46
1.88	56
1.9	54
1.92	51
1.94	53
1.96	60
1.98	48
2	59
2.02	54
2.04	54
2.06	49
2.08	50
2.1	51
2.12	62
2.14	58
2.16	37
2.18	63
2.2	51
2.22	46
2.24	58
2.26	55
2.28	65
2.3	56
2.32	56
2.34	45
2.36	53
2.38	50
2.4	46
2.42	59
2.44	48
2.46	41
2.48	45
2.5	52
2.52	49
2.54	51
2.56	48
2.58	45
2.6	47
2.62	46
2.64	50
2.66	57
2.68	53
2.7	27
2.72	37
2.74	25
2.76	32
2.78	52
2.8	34
2.82	36
2.84	59
2.86	44
2.88	33
2.9	31
2.92	33
2.94	32
2.96	34
2.98	41
3	34
3.02	21
3.04	37
3.06	40
3.08	45
3.1	40
3.12	51
3.14	49
3.16	30
3.18	27
3.2	28
3.22	41
3.24	37
3.26	34
3.28	36
3.3	40
3.32	41
3.34	42
3.36	37
3.38	44
3.4	29
3.42	33
3.44	40
3.46	34
3.48	33
3.5	31
3.52	50
3.54	51
3.56	40
3.58	38
3.6	54
3.62	49
3.64	32
3.66	44
3.68	45
3.7	37
3.72	39
3.74	37
3.76	30
3.78	25
3.8	29
3.82	30
3.84	38
3.86	40
3.88	42
3.9	38
3.92	32
3.94	40
3.96	42
3.98	38
4	58
4.02	43
4.04	38
4.06	48
4.08	48
4.1	39
4.12	41
4.14	46
4.16	51
4.18	51
4.2	38
4.22	37
4.24	42
4.26	46
4.28	46
4.3	38
4.32	54
4.34	41
4.36	45
4.38	38
4.4	28
4.42	36
4.44	46
4.46	39
4.48	56
4.5	46
4.52	50
4.54	57
4.56	43
4.58	42
4.6	50
4.62	47
4.64	50
4.66	50
4.68	44
4.7	42
4.72	45
4.74	36
4.76	55
4.78	57
4.8	50
4.82	40
4.84	65
4.86	39
4.88	40
4.9	55
4.92	41
4.94	38
4.96	43
4.98	48
5	51
5.02	49
5.04	58
5.06	46
5.08	55
5.1	52
5.12	47
5.14	52
5.16	39
5.18	40
5.2	49
5.22	52
5.24	49
5.26	52
5.28	48
5.3	52
5.32	45
5.34	40
5.36	45
5.38	43
5.4	51
5.42	40
5.44	29
5.46	43
5.48	44
5.5	39
5.52	46
5.54	61
5.56	58
5.58	71
5.6	68
5.62	64
5.64	69
5.66	64
5.68	76
5.7	46
5.72	52
5.74	57
5.76	45
5.78	47
5.8	55
5.82	57
5.84	69
5.86	53
5.88	60
5.9	59
5.92	52
5.94	64
5.96	47
5.98	50
6	70
6.02	61
6.04	60
6.06	58
6.08	55
6.1	54
6.12	64
6.14	60
6.16	55
6.18	58
6.2	55
6.22	47
6.24	72
6.26	48
6.28	60
6.3	54
6.32	75
6.34	60
6.36	52
6.38	64
6.4	73
6.42	56
6.44	66
6.46	58
6.48	48
6.5	57
6.52	59
6.54	59
6.56	72
6.58	66
6.6	57
6.62	50
6.64	56
6.66	60
6.68	69
6.7	61
6.72	48
6.74	56
6.76	44
6.78	46
6.8	49
6.82	68
6.84	67
6.86	67
6.88	57
6.9	57
6.92	65
6.94	63
6.96	69
6.98	69
7	75
7.02	65
7.04	61
7.06	71
7.08	63
7.1	66
7.12	70
7.14	58
7.16	58
7.18	70
7.2	73
7.22	76
7.24	83
7.26	56
7.28	58
7.3	61
7.32	63
7.34	59
7.36	72
7.38	72
7.4	70
7.42	69
7.44	50
7.46	53
7.48	48
7.5	50
7.52	58
7.54	54
7.56	64
7.58	68
7.6	55
7.62	68
7.64	68
7.66	69
7.68	66
7.7	93
7.72	80
7.74	71
7.76	71
7.78	62
7.8	64
7.82	69
7.84	73
7.86	68
7.88	73
7.9	77
7.92	69
7.94	72
7.96	58
7.98	53
8	50
8.02	79
8.04	68
8.06	43
8.08	53
8.1	44
8.12	55
8.14	65
8.16	57
8.18	70
8.2	60
8.22	58
8.24	62
8.26	53
8.28	59
8.3	63
8.32	49
8.34	55
8.36	66
8.38	47
8.4	51
8.42	51
8.44	55
8.46	63
8.48	63
8.5	51
8.52	47
8.54	64
8.56	59
8.58	58
8.6	52
8.62	64
8.64	54
8.66	52
8.68	46
8.7	56
8.72	53
8.74	58
8.76	54
8.78	48
8.8	56
8.82	61
8.84	68
8.86	60
8.88	52
8.9	44
8.92	40
8.94	42
8.96	46
8.98	42
9	45
9.02	47
9.04	51
9.06	45
9.08	45
9.1	39
9.12	63
9.14	53
9.16	47
9.18	45
9.2	62
9.22	57
9.24	33
9.26	40
9.28	51
9.3	58
9.32	41
9.34	56
9.36	59
9.38	55
9.4	37
9.42	51
9.44	55
9.46	54
9.48	63
9.5	54
9.52	36
9.54	40
9.56	56
9.58	59
9.6	44
9.62	39
9.64	39
9.66	51
9.68	59
9.7	43
9.72	45
9.74	50
9.76	50
9.78	48
9.8	58
9.82	40
9.84	37
9.86	45
9.88	67
9.9	50
9.92	47
9.94	48
9.96	42
9.98	40
10	38
10.02	50
10.04	49
10.06	52
10.08	46
10.1	35
10.12	48
10.14	35
10.16	39
10.18	43
10.2	53
10.22	42
10.24	46
10.26	30
10.28	51
10.3	55
10.32	50
10.34	40
10.36	33
10.38	37
10.4	52
10.42	54
10.44	40
10.46	41
10.48	41
10.5	50
10.52	40
10.54	50
10.56	51
10.58	46
10.6	42
10.62	35
10.64	31
10.66	42
10.68	40
10.7	42
10.72	57
10.74	51
10.76	51
10.78	55
10.8	47
10.82	41
10.84	34
10.86	42
10.88	58
10.9	40
10.92	41
10.94	30
10.96	35
10.98	30
11	52
11.02	48
11.04	51
11.06	45
11.08	41
11.1	32
11.12	49
11.14	58
11.16	62
11.18	44
11.2	31
11.22	49
11.24	46
11.26	35
11.28	31
11.3	39
11.32	39
11.34	32
11.36	26
11.38	30
11.4	35
11.42	52
11.44	52
11.46	42
11.48	46
11.5	39
11.52	51
11.54	50
11.56	34
11.58	33
11.6	38
11.62	33
11.64	40
11.66	33
11.68	35
11.7	33
11.72	42
11.74	45
11.76	45
11.78	43
11.8	40
11.82	27
11.84	38
11.86	39
11.88	40
11.9	30
11.92	50
11.94	44
11.96	37
11.98	48
12	36
12.02	29
12.04	37
12.06	38
12.08	39
12.1	44
12.12	33
12.14	39
12.16	33
12.18	32
12.2	29
12.22	42
12.24	33
12.26	37
12.28	24
12.3	36
12.32	36
12.34	27
12.36	35
12.38	36
12.4	35
12.42	31
12.44	38
12.46	38
12.48	34
12.5	30
12.52	25
12.54	35
12.56	51
12.58	46
12.6	42
12.62	34
12.64	32
12.66	32
12.68	39
12.7	42
12.72	42
12.74	31
12.76	31
12.78	30
12.8	37
12.82	45
12.84	34
12.86	39
12.88	53
12.9	29
12.92	31
12.94	39
12.96	38
12.98	35
13	40
13.02	49
13.04	47
13.06	38
13.08	39
13.1	31
13.12	40
13.14	40
13.16	44
13.18	44
13.2	36
13.22	40
13.24	44
13.26	34
13.28	31
13.3	33
13.32	36
13.34	28
13.36	41
13.38	38
13.4	34
13.42	47
13.44	34
13.46	39
13.48	45
13.5	34
13.52	29
13.54	40
13.56	50
13.58	43
13.6	50
13.62	35
13.64	39
13.66	47
13.68	46
13.7	47
13.72	39
13.74	49
13.76	36
13.78	31
13.8	40
13.82	35
13.84	38
13.86	38
13.88	32
13.9	40
13.92	38
13.94	33
13.96	42
13.98	49
14	36
14.02	29
14.04	38
14.06	31
14.08	32
14.1	33
14.12	34
14.14	50
14.16	43
14.18	37
14.2	36
14.22	40
14.24	40
14.26	43
14.28	41
14.3	39
14.32	39
14.34	49
14.36	42
14.38	44
14.4	44
14.42	34
14.44	49
14.46	30
14.48	47
14.5	44
14.52	39
14.54	38
14.56	44
14.58	36
14.6	49
14.62	37
14.64	41
14.66	31
14.68	45
14.7	30
14.72	29
14.74	36
14.76	47
14.78	40
14.8	32
14.82	40
14.84	41
14.86	36
14.88	34
14.9	32
14.92	43
14.94	47
14.96	34
14.98	40
15	28
15.02	23
15.04	37
15.06	43
15.08	42
15.1	36
15.12	42
15.14	29
15.16	34
15.18	28
15.2	38
15.22	49
15.24	48
15.26	30
15.28	31
15.3	45
15.32	33
15.34	47
15.36	41
15.38	44
15.4	32
15.42	44
15.44	42
15.46	43
15.48	49
15.5	42
15.52	43
15.54	46
15.56	45
15.58	30
15.6	33
15.62	44
15.64	44
15.66	41
15.68	39
15.7	40
15.72	32
15.74	33
15.76	37
15.78	31
15.8	41
15.82	38
15.84	35
15.86	39
15.88	45
15.9	40
15.92	39
15.94	28
15.96	35
15.98	40
16	40
16.02	38
16.04	40
16.06	28
16.08	25
16.1	43
16.12	32
16.14	36
16.16	31
16.18	25
16.2	36
16.22	40
16.24	44
16.26	42
16.28	44
16.3	51
16.32	44
16.34	70
16.36	49
16.38	30
16.4	30
16.42	32
16.44	34
16.46	41
16.48	57
16.5	55
16.52	29
16.54	34
16.56	58
16.58	46
16.6	44
16.62	39
16.64	48
16.66	37
16.68	41
16.7	22
16.72	31
16.74	54
16.76	38
16.78	37
16.8	46
16.82	40
16.84	37
16.86	40
16.88	44
16.9	50
16.92	56
16.94	57
16.96	34
16.98	40
17	49
17.02	31
17.04	34
17.06	41
17.08	45
17.1	40
17.12	29
17.14	24
17.16	31
17.18	34
17.2	34
17.22	34
17.24	32
17.26	39
17.28	39
17.3	34
17.32	32
17.34	31
17.36	34
17.38	33
17.4	35
17.42	43
17.44	39
17.46	45
17.48	36
17.5	38
17.52	37
17.54	41
17.56	44
17.58	39
17.6	31
17.62	41
17.64	39
17.66	31
17.68	28
17.7	32
17.72	41
17.74	40
17.76	38
17.78	38
17.8	50
17.82	37
17.84	40
17.86	29
17.88	36
17.9	50
17.92	29
17.94	23
17.96	36
17.98	36
18	43
18.02	39
18.04	30
18.06	39
18.08	44
18.1	37
18.12	37
18.14	43
18.16	41
18.18	34
18.2	40
18.22	46
18.24	36
18.26	41
18.28	43
18.3	28
18.32	35
18.34	31
18.36	33
18.38	33
18.4	25
18.42	39
18.44	42
18.46	40
18.48	49
18.5	34
18.52	39
18.54	40
18.56	45
18.58	43
18.6	32
18.62	37
18.64	36
18.66	42
18.68	36
18.7	28
18.72	37
18.74	49
18.76	42
18.78	47
18.8	36
18.82	43
18.84	40
18.86	33
18.88	38
18.9	31
18.92	46
18.94	27
18.96	32
18.98	30
19	40
19.02	50
19.04	39
19.06	44
19.08	52
19.1	30
19.12	30
19.14	34
19.16	44
19.18	44
19.2	42
19.22	43
19.24	47
19.26	48
19.28	30
19.3	41
19.32	26
19.34	36
19.36	38
19.38	44
19.4	43
19.42	38
19.44	30
19.46	32
19.48	40
19.5	45
19.52	42
19.54	41
19.56	31
19.58	29
19.6	51
19.62	36
19.64	25
19.66	38
19.68	39
19.7	33
19.72	45
19.74	44
19.76	38
19.78	30
19.8	44
19.82	46
19.84	38
19.86	39
19.88	51
19.9	43
19.92	29
19.94	29
19.96	30
19.98	38
20	45
20.02	39
20.04	49
20.06	39
20.08	37
20.1	44
20.12	53
20.14	30
20.16	49
20.18	42
20.2	34
20.22	42
20.24	41
20.26	43
20.28	42
20.3	55
20.32	40
20.34	33
20.36	25
20.38	48
20.4	35
20.42	37
20.44	43
20.46	58
20.48	54
20.5	49
20.52	42
20.54	40
20.56	38
20.58	40
20.6	49
20.62	34
20.64	39
20.66	38
20.68	36
20.7	45
20.72	35
20.74	33
20.76	48
20.78	35
20.8	36
20.82	34
20.84	48
20.86	34
20.88	40
20.9	53
20.92	40
20.94	41
20.96	40
20.98	29
21	35
21.02	41
21.04	44
21.06	42
21.08	42
21.1	38
21.12	39
21.14	35
21.16	35
21.18	39
21.2	36
21.22	37
21.24	37
21.26	28
21.28	31
21.3	38
21.32	37
21.34	36
21.36	46
21.38	51
21.4	42
21.42	51
21.44	36
21.46	37
21.48	32
21.5	19
21.52	25
21.54	39
21.56	50
21.58	39
21.6	42
21.62	39
21.64	39
21.66	54
21.68	59
21.7	43
21.72	29
21.74	29
21.76	38
21.78	41
21.8	34
21.82	49
21.84	42
21.86	41
21.88	42
21.9	34
21.92	44
21.94	39
21.96	33
21.98	41
22	42
22.02	39
22.04	43
22.06	42
22.08	41
22.1	41
22.12	36
22.14	38
22.16	46
22.18	47
22.2	40
22.22	34
22.24	42
22.26	30
22.28	35
22.3	40
22.32	38
22.34	33
22.36	41
22.38	42
22.4	40
22.42	47
22.44	39
22.46	34
22.48	34
22.5	33
22.52	39
22.54	37
22.56	39
22.58	34
22.6	30
22.62	27
22.64	34
22.66	46
22.68	46
22.7	47
22.72	27
22.74	29
22.76	25
22.78	33
22.8	49
22.82	41
22.84	36
22.86	32
22.88	49
22.9	48
22.92	38
22.94	35
22.96	31
22.98	38
23	37
23.02	43
23.04	42
23.06	41
23.08	37
23.1	35
23.12	28
23.14	37
23.16	48
23.18	37
23.2	39
23.22	36
23.24	36
23.26	44
23.28	39
23.3	42
23.32	40
23.34	42
23.36	37
23.38	38
23.4	46
23.42	47
23.44	59
23.46	47
23.48	41
23.5	41
23.52	31
23.54	31
23.56	38
23.58	31
23.6	37
23.62	34
23.64	28
23.66	26
23.68	42
23.7	44
23.72	35
23.74	38
23.76	38
23.78	26
23.8	32
23.82	40
23.84	38
23.86	34
23.88	29
23.9	35
23.92	46
23.94	35
23.96	34
23.98	33
24	30
24.02	26
24.04	40
24.06	36
24.08	41
24.1	43
24.12	46
24.14	37
24.16	38
24.18	29
24.2	30
24.22	40
24.24	43
24.26	30
24.28	31
24.3	37
24.32	45
24.34	40
24.36	36
24.38	39
24.4	44
24.42	36
24.44	32
24.46	44
24.48	38
24.5	41
24.52	43
24.54	36
24.56	42
24.58	40
24.6	52
24.62	38
24.64	40
24.66	39
24.68	47
24.7	52
24.72	47
24.74	43
24.76	39
24.78	29
24.8	49
24.82	41
24.84	56
24.86	44
24.88	44
24.9	38
24.92	42
24.94	46
24.96	39
24.98	53
25	43
25.02	41
25.04	36
25.06	42
25.08	35
25.1	41
25.12	43
25.14	45
25.16	26
25.18	29
25.2	34
25.22	33
25.24	45
25.26	48
25.28	42
25.3	45
25.32	44
25.34	43
25.36	48
25.38	44
25.4	53
25.42	43
25.44	38
25.46	38
25.48	37
25.5	43
25.52	41
25.54	27
25.56	41
25.58	39
25.6	46
25.62	32
25.64	35
25.66	34
25.68	40
25.7	30
25.72	35
25.74	40
25.76	40
25.78	31
25.8	36
25.82	39
25.84	38
25.86	46
25.88	41
25.9	45
25.92	27
25.94	29
25.96	29
25.98	31
26	58
26.02	51
26.04	43
26.06	35
26.08	34
26.1	31
26.12	45
26.14	35
26.16	36
26.18	44
26.2	33
26.22	27
26.24	35
26.26	30
26.28	31
26.3	35
26.32	40
26.34	49
26.36	38
26.38	38
26.4	39
26.42	38
26.44	36
26.46	43
26.48	42
26.5	47
26.52	37
26.54	29
26.56	36
26.58	37
26.6	47
26.62	40
26.64	35
26.66	32
26.68	36
26.7	37
26.72	40
26.74	41
26.76	30
26.78	40
26.8	51
26.82	39
26.84	34
26.86	40
26.88	39
26.9	27
26.92	35
26.94	39
26.96	36
26.98	31
27	44
27.02	39
27.04	43
27.06	48
27.08	45
27.1	39
27.12	42
27.14	29
27.16	39
27.18	35
27.2	29
27.22	36
27.24	41
27.26	43
27.28	35
27.3	31
27.32	41
27.34	37
27.36	42
27.38	36
27.4	39
27.42	37
27.44	45
27.46	46
27.48	43
27.5	41
27.52	34
27.54	30
27.56	27
27.58	25
27.6	39
27.62	38
27.64	47
27.66	38
27.68	46
27.7	47
27.72	34
27.74	45
27.76	65
27.78	40
27.8	32
27.82	33
27.84	26
27.86	30
27.88	43
27.9	38
27.92	50
27.94	36
27.96	35
27.98	41
28	44
28.02	29
28.04	34
28.06	38
28.08	37
28.1	50
28.12	44
28.14	36
28.16	45
28.18	41
28.2	31
28.22	34
28.24	44
28.26	34
28.28	36
28.3	39
28.32	38
28.34	40
28.36	37
28.38	41
28.4	40
28.42	52
28.44	46
28.46	39
28.48	35
28.5	29
28.52	26
28.54	37
28.56	34
28.58	26
28.6	43
28.62	36
28.64	34
28.66	24
28.68	45
28.7	43
28.72	47
28.74	41
28.76	31
28.78	44
28.8	42
28.82	39
28.84	34
28.86	37
28.88	34
28.9	34
28.92	34
28.94	37
28.96	29
28.98	32
29	51
29.02	47
29.04	44
29.06	45
29.08	37
29.1	43
29.12	44
29.14	60
29.16	40
29.18	33
29.2	45
29.22	42
29.24	30
29.26	29
29.28	42
29.3	34
29.32	48
29.34	45
29.36	34
29.38	38
29.4	46
29.42	43
29.44	65
29.46	51
29.48	43
29.5	36
29.52	32
29.54	40
29.56	34
29.58	36
29.6	43
29.62	41
29.64	47
29.66	38
29.68	40
29.7	35
29.72	35
29.74	40
29.76	40
29.78	37
29.8	34
29.82	25
29.84	27
29.86	38
29.88	42
29.9	37
29.92	36
29.94	28
29.96	31
29.98	36
30	39
30.02	27
30.04	31
30.06	43
30.08	31
30.1	32
30.12	52
30.14	44
30.16	32
30.18	40
30.2	35
30.22	40
30.24	38
30.26	37
30.28	40
30.3	37
30.32	33
30.34	33
30.36	37
30.38	45
30.4	46
30.42	35
30.44	44
30.46	37
30.48	45
30.5	47
30.52	46
30.54	41
30.56	39
30.58	40
30.6	27
30.62	29
30.64	32
30.66	41
30.68	36
30.7	38
30.72	46
30.74	40
30.76	27
30.78	42
30.8	31
30.82	35
30.84	31
30.86	35
30.88	36
30.9	43
30.92	33
30.94	40
30.96	44
30.98	43
31	39
31.02	38
31.04	45
31.06	40
31.08	38
31.1	36
31.12	38
31.14	36
31.16	29
31.18	43
31.2	30
31.22	25
31.24	51
31.26	39
31.28	43
31.3	35
31.32	52
31.34	41
31.36	40
31.38	21
31.4	44
31.42	35
31.44	39
31.46	33
31.48	30
31.5	35
31.52	38
31.54	32
31.56	40
31.58	42
31.6	36
31.62	38
31.64	41
31.66	34
31.68	33
31.7	25
31.72	24
31.74	40
31.76	52
31.78	43
31.8	35
31.82	42
31.84	64
31.86	36
31.88	36
31.9	41
31.92	44
31.94	42
31.96	35
31.98	29
32	38
32.02	32
32.04	52
32.06	49
32.08	43
32.1	39
32.12	35
32.14	39
32.16	27
32.18	38
32.2	37
32.22	39
32.24	45
32.26	30
32.28	26
32.3	49
32.32	50
32.34	42
32.36	34
32.38	40
32.4	41
32.42	55
32.44	49
32.46	37
32.48	31
32.5	33
32.52	40
32.54	34
32.56	37
32.58	25
32.6	34
32.62	34
32.64	31
32.66	32
32.68	50
32.7	41
32.72	35
32.74	42
32.76	51
32.78	44
32.8	38
32.82	41
32.84	34
32.86	28
32.88	37
32.9	40
32.92	39
32.94	34
32.96	44
32.98	38
33	43
33.02	57
33.04	45
33.06	42
33.08	35
33.1	28
33.12	42
33.14	52
33.16	46
33.18	38
33.2	43
33.22	40
33.24	32
33.26	43
33.28	43
33.3	32
33.32	35
33.34	38
33.36	36
33.38	31
33.4	31
33.42	27
33.44	33
33.46	29
33.48	36
33.5	33
33.52	35
33.54	40
33.56	40
33.58	38
33.6	55
33.62	38
33.64	27
33.66	33
33.68	36
33.7	51
33.72	50
33.74	35
33.76	36
33.78	39
33.8	37
33.82	44
33.84	43
33.86	30
33.88	38
33.9	43
33.92	42
33.94	42
33.96	47
33.98	32
34	36
34.02	36
34.04	29
34.06	26
34.08	37
34.1	33
34.12	34
34.14	35
34.16	40
34.18	26
34.2	50
34.22	43
34.24	38
34.26	37
34.28	35
34.3	28
34.32	45
34.34	52
34.36	43
34.38	56
34.4	46
34.42	34
34.44	31
34.46	41
34.48	41
34.5	44
34.52	49
34.54	30
34.56	29
34.58	32
34.6	44
34.62	48
34.64	47
34.66	38
34.68	34
34.7	50
34.72	44
34.74	29
34.76	27
34.78	34
34.8	36
34.82	35
34.84	42
34.86	42
34.88	60
34.9	42
34.92	47
34.94	42
34.96	25
34.98	30
35	47
35.02	34
35.04	47
35.06	41
35.08	32
35.1	42
35.12	58
35.14	30
35.16	43
35.18	46
35.2	34
35.22	41
35.24	35
35.26	38
35.28	37
35.3	37
35.32	29
35.34	32
35.36	37
35.38	41
35.4	44
35.42	40
35.44	33
35.46	36
35.48	40
35.5	35
35.52	24
35.54	32
35.56	52
35.58	43
35.6	40
35.62	39
35.64	42
35.66	36
35.68	40
35.7	55
35.72	35
35.74	33
35.76	31
35.78	44
35.8	36
35.82	45
35.84	51
35.86	37
35.88	42
35.9	48
35.92	47
35.94	44
35.96	39
35.98	39
36	42
36.02	30
36.04	31
36.06	38
36.08	22
36.1	30
36.12	32
36.14	45
36.16	51
36.18	38
36.2	30
36.22	28
36.24	43
36.26	40
36.28	40
36.3	35
36.32	33
36.34	30
36.36	42
36.38	36
36.4	34
36.42	35
36.44	47
36.46	30
36.48	42
36.5	33
36.52	28
36.54	27
36.56	43
36.58	30
36.6	29
36.62	26
36.64	43
36.66	41
36.68	49
36.7	34
36.72	43
36.74	42
36.76	39
36.78	35
36.8	35
36.82	23
36.84	32
36.86	39
36.88	39
36.9	37
36.92	40
36.94	47
36.96	33
36.98	39
37	35
37.02	34
37.04	51
37.06	36
37.08	28
37.1	50
37.12	42
37.14	40
37.16	40
37.18	33
37.2	40
37.22	53
37.24	53
37.26	47
37.28	36
37.3	38
37.32	62
37.34	38
37.36	26
37.38	51
37.4	58
37.42	37
37.44	45
37.46	40
37.48	51
37.5	47
37.52	38
37.54	33
37.56	29
37.58	43
37.6	34
37.62	34
37.64	31
37.66	37
37.68	27
37.7	35
37.72	39
37.74	35
37.76	34
37.78	24
37.8	31
37.82	39
37.84	27
37.86	28
37.88	36
37.9	40
37.92	40
37.94	44
37.96	45
37.98	37
38	53
38.02	32
38.04	39
38.06	34
38.08	44
38.1	30
38.12	45
38.14	33
38.16	35
38.18	29
38.2	31
38.22	39
38.24	21
38.26	33
38.28	46
38.3	39
38.32	32
38.34	37
38.36	30
38.38	38
38.4	45
38.42	52
38.44	29
38.46	35
38.48	41
38.5	47
38.52	37
38.54	35
38.56	35
38.58	39
38.6	49
38.62	29
38.64	38
38.66	48
38.68	49
38.7	37
38.72	32
38.74	41
38.76	50
38.78	36
38.8	33
38.82	30
38.84	34
38.86	41
38.88	29
38.9	36
38.92	38
38.94	43
38.96	59
38.98	38
39	48
39.02	37
39.04	40
39.06	29
39.08	39
39.1	28
39.12	40
39.14	31
39.16	41
39.18	42
39.2	44
39.22	45
39.24	32
39.26	29
39.28	29
39.3	45
39.32	45
39.34	32
39.36	37
39.38	41
39.4	35
39.42	39
39.44	36
39.46	32
39.48	42
39.5	26
39.52	35
39.54	17
39.56	38
39.58	31
39.6	32
39.62	37
39.64	45
39.66	46
39.68	32
39.7	39
39.72	39
39.74	38
39.76	42
39.78	44
39.8	32
39.82	27
39.84	66
39.86	38
39.88	44
39.9	36
39.92	35
39.94	33
39.96	38
39.98	26
40	41
40.02	45
40.04	23
40.06	29
40.08	31
40.1	38
40.12	49
40.14	36
40.16	41
40.18	32
40.2	26
40.22	22
40.24	32
40.26	35
40.28	32
40.3	32
40.32	28
40.34	27
40.36	30
40.38	27
40.4	30
40.42	47
40.44	56
40.46	35
40.48	40
40.5	35
40.52	40
40.54	27
40.56	40
40.58	45
40.6	38
40.62	29
40.64	37
40.66	31
40.68	37
40.7	27
40.72	42
40.74	34
40.76	40
40.78	36
40.8	35
40.82	42
40.84	39
40.86	38
40.88	45
40.9	40
40.92	38
40.94	39
40.96	31
40.98	33
41	39
41.02	48
41.04	38
41.06	29
41.08	36
41.1	39
41.12	36
41.14	48
41.16	36
41.18	38
41.2	39
41.22	41
41.24	40
41.26	35
41.28	58
41.3	30
41.32	35
41.34	44
41.36	34
41.38	32
41.4	32
41.42	36
41.44	29
41.46	22
41.48	33
41.5	46
41.52	26
41.54	33
41.56	38
41.58	35
41.6	32
41.62	39
41.64	41
41.66	28
41.68	33
41.7	30
41.72	28
41.74	38
41.76	35
41.78	30
41.8	25
41.82	31
41.84	35
41.86	25
41.88	31
41.9	33
41.92	34
41.94	36
41.96	50
41.98	29
42	51
42.02	42
42.04	36
42.06	42
42.08	31
42.1	34
42.12	43
42.14	52
42.16	39
42.18	29
42.2	39
42.22	32
42.24	32
42.26	46
42.28	44
42.3	22
42.32	34
42.34	31
42.36	29
42.38	35
42.4	34
42.42	48
42.44	35
42.46	30
42.48	33
42.5	48
42.52	45
42.54	42
42.56	35
42.58	31
42.6	44
42.62	41
42.64	40
42.66	40
42.68	42
42.7	39
42.72	50
42.74	61
42.76	42
42.78	36
42.8	26
42.82	31
42.84	47
42.86	32
42.88	25
42.9	39
42.92	46
42.94	39
42.96	35
42.98	42
43	37
43.02	44
43.04	31
43.06	51
43.08	52
43.1	39
43.12	37
43.14	40
43.16	40
43.18	36
43.2	39
43.22	28
43.24	44
43.26	35
43.28	32
43.3	35
43.32	34
43.34	43
43.36	39
43.38	44
43.4	48
43.42	41
43.44	36
43.46	31
43.48	31
43.5	36
43.52	35
43.54	35
43.56	29
43.58	31
43.6	42
43.62	34
43.64	26
43.66	34
43.68	30
43.7	29
43.72	33
43.74	33
43.76	39
43.78	35
43.8	36
43.82	37
43.84	38
43.86	42
43.88	40
43.9	42
43.92	41
43.94	39
43.96	46
43.98	40
44	43
44.02	37
44.04	47
44.06	34
44.08	32
44.1	48
44.12	43
44.14	42
44.16	54
44.18	39
44.2	37
44.22	34
44.24	31
44.26	31
44.28	36
44.3	39
44.32	50
44.34	55
44.36	34
44.38	30
44.4	32
44.42	35
44.44	35
44.46	36
44.48	32
44.5	40
44.52	27
44.54	36
44.56	40
44.58	32
44.6	27
44.62	36
44.64	37
44.66	38
44.68	37
44.7	32
44.72	42
44.74	49
44.76	47
44.78	39
44.8	37
44.82	44
44.84	46
44.86	49
44.88	36
44.9	42
44.92	40
44.94	41
44.96	34
44.98	23
45	45
45.02	39
45.04	51
45.06	47
45.08	46
45.1	39
45.12	37
45.14	39
45.16	36
45.18	43
45.2	38
45.22	36
45.24	33
45.26	39
45.28	31
45.3	34
45.32	34
45.34	48
45.36	40
45.38	42
45.4	42
45.42	38
45.44	48
45.46	42
45.48	47
45.5	38
45.52	42
45.54	37
45.56	32
45.58	40
45.6	33
45.62	25
45.64	33
45.66	38
45.68	34
45.7	27
45.72	32
45.74	41
45.76	46
45.78	37
45.8	36
45.82	28
45.84	33
45.86	47
45.88	40
45.9	47
45.92	37
45.94	31
45.96	40
45.98	40
46	29
46.02	39
46.04	42
46.06	40
46.08	31
46.1	41
46.12	32
46.14	23
46.16	30
46.18	39
46.2	46
46.22	51
46.24	36
46.26	25
46.28	34
46.3	31
46.32	45
46.34	31
46.36	25
46.38	33
46.4	37
46.42	34
46.44	48
46.46	29
46.48	33
46.5	34
46.52	32
46.54	52
46.56	51
46.58	49
46.6	32
46.62	30
46.64	38
46.66	44
46.68	46
46.7	45
46.72	39
46.74	35
46.76	41
46.78	43
46.8	50
46.82	39
46.84	30
46.86	34
46.88	44
46.9	36
46.92	40
46.94	25
46.96	33
46.98	43
47	25
47.02	24
47.04	32
47.06	42
47.08	55
47.1	34
47.12	33
47.14	43
47.16	46
47.18	40
47.2	37
47.22	42
47.24	35
47.26	49
47.28	45
47.3	25
47.32	31
47.34	36
47.36	42
47.38	31
47.4	35
47.42	52
47.44	33
47.46	39
47.48	31
47.5	41
47.52	43
47.54	36
47.56	31
47.58	43
47.6	37
47.62	45
47.64	42
47.66	38
47.68	34
47.7	44
47.72	44
47.74	37
47.76	29
47.78	33
47.8	35
47.82	44
47.84	47
47.86	36
47.88	33
47.9	36
47.92	33
47.94	40
47.96	34
47.98	29
48	33
48.02	37
48.04	36
48.06	26
48.08	26
48.1	42
48.12	47
48.14	28
48.16	36
48.18	44
48.2	40
48.22	31
48.24	39
48.26	37
48.28	35
48.3	41
48.32	32
48.34	30
48.36	42
48.38	45
48.4	43
48.42	36
48.44	27
48.46	30
48.48	26
48.5	39
48.52	36
48.54	41
48.56	36
48.58	39
48.6	26
48.62	37
48.64	35
48.66	38
48.68	47
48.7	44
48.72	34
48.74	27
48.76	25
48.78	36
48.8	41
48.82	40
48.84	28
48.86	43
48.88	37
48.9	37
48.92	34
48.94	42
48.96	41
48.98	45
49	37
49.02	38
49.04	44
49.06	27
49.08	27
49.1	38
49.12	37
49.14	50
49.16	35
49.18	47
49.2	36
49.22	39
49.24	38
49.26	36
49.28	56
49.3	34
49.32	37
49.34	28
49.36	45
49.38	36
49.4	37
49.42	30
49.44	27
49.46	37
49.48	40
49.5	40
49.52	60
49.54	39
49.56	24
49.58	33
49.6	42
49.62	35
49.64	32
49.66	36
49.68	30
49.7	42
49.72	33
49.74	38
49.76	41
49.78	47
49.8	44
49.82	36
49.84	36
49.86	39
49.88	31
49.9	37
49.92	38
49.94	49
49.96	38
49.98	28
50	37
50.02	42
50.04	44
50.06	35
50.08	28
50.1	34
50.12	43
50.14	39
50.16	42
50.18	39
50.2	41
50.22	46
50.24	30
50.26	29
50.28	29
50.3	36
50.32	33
50.34	31
50.36	29
50.38	37
50.4	40
50.42	32
50.44	35
50.46	48
50.48	31
50.5	34
50.52	47
50.54	39
50.56	44
50.58	33
50.6	38
50.62	32
50.64	30
50.66	35
50.68	36
50.7	40
50.72	52
50.74	39
50.76	39
50.78	37
50.8	57
50.82	41
50.84	45
50.86	44
50.88	37
50.9	40
50.92	38
50.94	35
50.96	28
50.98	35
51	37
51.02	27
51.04	37
51.06	33
51.08	37
51.1	50
51.12	42
51.14	31
51.16	25
51.18	31
51.2	37
51.22	39
51.24	39
51.26	28
51.28	17
51.3	29
51.32	40
51.34	44
51.36	52
51.38	51
51.4	39
51.42	40
51.44	49
51.46	42
51.48	58
51.5	35
51.52	43
51.54	25
51.56	32
51.58	31
51.6	37
51.62	30
51.64	45
51.66	40
51.68	47
51.7	52
51.72	42
51.74	38
51.76	24
51.78	32
51.8	41
51.82	33
51.84	28
51.86	34
51.88	48
51.9	36
51.92	43
51.94	35
51.96	33
51.98	34
52	41
52.02	43
52.04	36
52.06	32
52.08	42
52.1	45
52.12	32
52.14	43
52.16	44
52.18	30
52.2	34
52.22	32
52.24	26
52.26	34
52.28	32
52.3	32
52.32	41
52.34	44
52.36	38
52.38	44
52.4	30
52.42	30
52.44	34
52.46	32
52.48	33
52.5	34
52.52	29
52.54	47
52.56	42
52.58	48
52.6	54
52.62	47
52.64	38
52.66	28
52.68	28
52.7	33
52.72	48
52.74	41
52.76	37
52.78	27
52.8	36
52.82	34
52.84	39
52.86	33
52.88	29
52.9	31
52.92	33
52.94	33
52.96	45
52.98	42
53	29
53.02	38
53.04	42
53.06	28
53.08	22
53.1	40
53.12	38
53.14	42
53.16	34
53.18	34
53.2	32
53.22	45
53.24	34
53.26	27
53.28	35
53.3	33
53.32	35
53.34	34
53.36	32
53.38	18
53.4	31
53.42	44
53.44	44
53.46	33
53.48	33
53.5	42
53.52	41
53.54	44
53.56	34
53.58	36
53.6	46
53.62	41
53.64	38
53.66	38
53.68	33
53.7	35
53.72	39
53.74	43
53.76	36
53.78	27
53.8	38
53.82	46
53.84	44
53.86	30
53.88	47
53.9	41
53.92	41
53.94	39
53.96	32
53.98	24
54	24
54.02	34
54.04	33
54.06	23
54.08	32
54.1	38
54.12	37
54.14	28
54.16	28
54.18	30
54.2	28
54.22	36
54.24	44
54.26	53
54.28	37
54.3	26
54.32	26
54.34	35
54.36	43
54.38	40
54.4	39
54.42	32
54.44	37
54.46	32
54.48	29
54.5	34
54.52	46
54.54	41
54.56	41
54.58	44
54.6	35
54.62	28
54.64	33
54.66	34
54.68	46
54.7	48
54.72	50
54.74	42
54.76	31
54.78	37
54.8	41
54.82	34
54.84	41
54.86	36
54.88	27
54.9	24
54.92	14
54.94	31
54.96	39
54.98	46
55	30
55.02	40
55.04	44
55.06	40
55.08	34
55.1	43
55.12	44
55.14	40
55.16	41
55.18	53
55.2	46
55.22	39
55.24	38
55.26	36
55.28	57
55.3	52
55.32	44
55.34	50
55.36	43
55.38	35
55.4	33
55.42	34
55.44	34
55.46	36
55.48	41
55.5	40
55.52	41
55.54	39
55.56	42
55.58	33
55.6	27
55.62	28
55.64	26
55.66	35
55.68	41
55.7	50
55.72	36
55.74	36
55.76	41
55.78	33
55.8	30
55.82	35
55.84	57
55.86	42
55.88	31
55.9	28
55.92	38
55.94	41
55.96	34
55.98	38
56	30
56.02	31
56.04	40
56.06	32
56.08	36
56.1	30
56.12	25
56.14	30
56.16	39
56.18	31
56.2	31
56.22	33
56.24	36
56.26	30
56.28	33
56.3	40
56.32	40
56.34	42
56.36	34
56.38	36
56.4	25
56.42	24
56.44	44
56.46	32
56.48	32
56.5	33
56.52	62
56.54	38
56.56	32
56.58	43
56.6	33
56.62	35
56.64	36
56.66	39
56.68	38
56.7	29
56.72	25
56.74	35
56.76	38
56.78	39
56.8	40
56.82	41
56.84	43
56.86	38
56.88	30
56.9	37
56.92	36
56.94	43
56.96	52
56.98	40
57	20
57.02	29
57.04	50
57.06	46
57.08	35
57.1	35
57.12	42
57.14	37
57.16	44
57.18	45
57.2	48
57.22	39
57.24	36
57.26	25
57.28	49
57.3	32
57.32	29
57.34	28
57.36	55
57.38	33
57.4	33
57.42	37
57.44	32
57.46	31
57.48	44
57.5	40
57.52	30
57.54	33
57.56	36
57.58	32
57.6	32
57.62	45
57.64	39
57.66	38
57.68	47
57.7	40
57.72	40
57.74	25
57.76	29
57.78	45
57.8	56
57.82	31
57.84	29
57.86	31
57.88	33
57.9	36
57.92	37
57.94	36
57.96	39
57.98	35
58	32
58.02	34
58.04	26
58.06	34
58.08	27
58.1	23
58.12	39
58.14	22
58.16	26
58.18	34
58.2	47
58.22	34
58.24	38
58.26	67
58.28	43
58.3	25
58.32	34
58.34	42
58.36	34
58.38	34
58.4	32
58.42	27
58.44	40
58.46	36
58.48	29
58.5	33
58.52	25
58.54	29
58.56	42
58.58	39
58.6	31
58.62	46
58.64	32
58.66	40
58.68	36
58.7	36
58.72	41
58.74	43
58.76	50
58.78	42
58.8	32
58.82	31
58.84	52
58.86	59
58.88	30
58.9	38
58.92	39
58.94	30
58.96	35
58.98	35
59	33
59.02	32
59.04	39
59.06	39
59.08	38
59.1	33
59.12	26
59.14	28
59.16	40
59.18	34
59.2	39
59.22	40
59.24	45
59.26	29
59.28	30
59.3	36
59.32	46
59.34	49
59.36	46
59.38	29
59.4	28
59.42	52
59.44	33
59.46	44
59.48	47
59.5	40
59.52	30
59.54	30
59.56	43
59.58	35
59.6	21
59.62	29
59.64	29
59.66	28
59.68	37
59.7	26
59.72	32
59.74	38
59.76	37
59.78	36
59.8	26
59.82	27
59.84	35
59.86	43
59.88	38
59.9	27
59.92	30
59.94	26
59.96	38
59.98	47
60	47
60.02	51
60.04	36
60.06	40
60.08	39
60.1	39
60.12	30
60.14	42
60.16	37
60.18	30
60.2	26
60.22	32
60.24	30
60.26	28
60.28	38
60.3	21
60.32	36
60.34	29
60.36	31
60.38	28
60.4	27
60.42	24
60.44	36
60.46	57
60.48	44
60.5	33
60.52	26
60.54	39
60.56	47
60.58	35
60.6	31
60.62	35
60.64	28
60.66	26
60.68	39
60.7	29
60.72	43
60.74	39
60.76	33
60.78	31
60.8	27
60.82	29
60.84	37
60.86	28
60.88	43
60.9	53
60.92	40
60.94	47
60.96	37
60.98	41
61	35
61.02	35
61.04	21
61.06	33
61.08	46
61.1	38
61.12	36
61.14	37
61.16	42
61.18	34
61.2	29
61.22	34
61.24	26
61.26	22
61.28	29
61.3	39
61.32	39
61.34	30
61.36	41
61.38	44
61.4	32
61.42	36
61.44	36
61.46	24
61.48	30
61.5	22
61.52	20
61.54	41
61.56	41
61.58	29
61.6	36
61.62	40
61.64	40
61.66	40
61.68	33
61.7	24
61.72	33
61.74	34
61.76	26
61.78	31
61.8	51
61.82	44
61.84	42
61.86	33
61.88	23
61.9	36
61.92	48
61.94	36
61.96	38
61.98	35
62	44
62.02	47
62.04	38
62.06	32
62.08	38
62.1	31
62.12	39
62.14	35
62.16	35
62.18	43
62.2	37
62.22	54
62.24	39
62.26	33
62.28	39
62.3	36
62.32	31
62.34	32
62.36	35
62.38	41
62.4	41
62.42	34
62.44	38
62.46	39
62.48	51
62.5	44
62.52	37
62.54	37
62.56	33
62.58	32
62.6	22
62.62	36
62.64	31
62.66	42
62.68	43
62.7	30
62.72	39
62.74	36
62.76	39
62.78	43
62.8	33
62.82	38
62.84	36
62.86	30
62.88	39
62.9	49
62.92	49
62.94	32
62.96	28
62.98	45
63	28
63.02	32
63.04	35
63.06	28
63.08	37
63.1	37
63.12	38
63.14	42
63.16	46
63.18	39
63.2	40
63.22	39
63.24	45
63.26	37
63.28	38
63.3	43
63.32	46
63.34	52
63.36	33
63.38	30
63.4	38
63.42	37
63.44	31
63.46	37
63.48	38
63.5	39
63.52	15
63.54	27
63.56	43
63.58	39
63.6	40
63.62	36
63.64	35
63.66	19
63.68	29
63.7	37
63.72	41
63.74	38
63.76	45
63.78	40
63.8	45
63.82	39
63.84	33
63.86	26
63.88	21
63.9	35
63.92	32
63.94	48
63.96	37
63.98	31
64	35
64.02	39
64.04	32
64.06	31
64.08	39
64.1	38
64.12	39
64.14	29
64.16	25
64.18	28
64.2	31
64.22	48
64.24	35
64.26	29
64.28	36
64.3	39
64.32	33
64.34	39
64.36	33
64.38	34
64.4	41
64.42	40
64.44	30
64.46	36
64.48	47
64.5	39
64.52	38
64.54	38
64.56	32
64.58	39
64.6	35
64.62	38
64.64	31
64.66	27
64.68	34
64.7	41
64.72	36
64.74	38
64.76	42
64.78	36
64.8	48
64.82	29
64.84	24
64.86	35
64.88	39
64.9	32
64.92	36
64.94	32
64.96	32
64.98	48
65	36
65.02	29
65.04	36
65.06	43
65.08	38
65.1	23
65.12	17
65.14	20
65.16	26
65.18	37
65.2	32
65.22	37
65.24	40
65.26	36
65.28	36
65.3	26
65.32	25
65.34	35
65.36	25
65.38	27
65.4	23
65.42	25
65.44	47
65.46	36
65.48	35
65.5	32
65.52	30
65.54	36
65.56	42
65.58	40
65.6	42
65.62	40
65.64	43
65.66	30
65.68	34
65.7	38
65.72	43
65.74	41
65.76	32
65.78	34
65.8	35
65.82	46
65.84	25
65.86	28
65.88	36
65.9	34
65.92	31
65.94	32
65.96	44
65.98	39
66	34
66.02	39
66.04	42
66.06	38
66.08	40
66.1	52
66.12	43
66.14	28
66.16	37
66.18	35
66.2	47
66.22	28
66.24	42
66.26	37
66.28	30
66.3	32
66.32	29
66.34	38
66.36	42
66.38	32
66.4	32
66.42	32
66.44	37
66.46	33
66.48	24
66.5	35
66.52	37
66.54	52
66.56	32
66.58	31
66.6	36
66.62	22
66.64	30
66.66	26
66.68	28
66.7	31
66.72	30
66.74	22
66.76	27
66.78	30
66.8	36
66.82	39
66.84	27
66.86	25
66.88	32
66.9	33
66.92	40
66.94	26
66.96	34
66.98	42
67	49
67.02	17
67.04	27
67.06	41
67.08	48
67.1	33
67.12	31
67.14	26
67.16	30
67.18	21
67.2	32
67.22	34
67.24	28
67.26	40
67.28	30
67.3	34
67.32	27
67.34	23
67.36	55
67.38	39
67.4	29
67.42	38
67.44	46
67.46	40
67.48	39
67.5	38
67.52	37
67.54	57
67.56	33
67.58	32
67.6	53
67.62	42
67.64	41
67.66	25
67.68	36
67.7	38
67.72	32
67.74	36
67.76	32
67.78	26
67.8	44
67.82	46
67.84	39
67.86	27
67.88	30
67.9	37
67.92	36
67.94	40
67.96	27
67.98	33
68	41
68.02	38
68.04	26
68.06	26
68.08	32
68.1	36
68.12	34
68.14	32
68.16	37
68.18	34
68.2	37
68.22	33
68.24	32
68.26	25
68.28	33
68.3	41
68.32	38
68.34	40
68.36	24
68.38	25
68.4	54
68.42	27
68.44	30
68.46	42
68.48	33
68.5	40
68.52	33
68.54	35
68.56	41
68.58	36
68.6	38
68.62	26
68.64	45
68.66	37
68.68	27
68.7	32
68.72	43
68.74	46
68.76	41
68.78	43
68.8	48
68.82	47
68.84	23
68.86	34
68.88	28
68.9	27
68.92	36
68.94	34
68.96	44
68.98	35
69	37
69.02	37
69.04	38
69.06	38
69.08	40
69.1	38
69.12	29
69.14	32
69.16	27
69.18	33
69.2	33
69.22	35
69.24	25
69.26	25
69.28	28
69.3	43
69.32	43
69.34	43
69.36	38
69.38	40
69.4	43
69.42	43
69.44	29
69.46	34
69.48	43
69.5	46
69.52	53
69.54	45
69.56	43
69.58	32
69.6	42
69.62	29
69.64	35
69.66	31
69.68	39
69.7	26
69.72	20
69.74	28
69.76	35
69.78	35
69.8	25
69.82	36
69.84	29
69.86	35
69.88	43
69.9	34
69.92	35
69.94	35
69.96	35
69.98	47
70	42
70.02	35
70.04	38
70.06	36
70.08	29
70.1	26
70.12	27
70.14	19
70.16	46
70.18	34
70.2	38
70.22	38
70.24	32
70.26	47
70.28	38
70.3	40
70.32	35
70.34	24
70.36	26
70.38	30
70.4	53
70.42	48
70.44	36
70.46	33
70.48	42
70.5	36
70.52	41
70.54	35
70.56	40
70.58	25
70.6	29
70.62	33
70.64	34
70.66	29
70.68	31
70.7	20
70.72	39
70.74	41
70.76	38
70.78	46
70.8	41
70.82	35
70.84	37
70.86	42
70.88	43
70.9	44
70.92	38
70.94	32
70.96	33
70.98	34
71	28
71.02	37
71.04	34
71.06	36
71.08	33
71.1	34
71.12	60
71.14	32
71.16	32
71.18	29
71.2	27
71.22	32
71.24	36
71.26	32
71.28	34
71.3	43
71.32	49
71.34	35
71.36	39
71.38	26
71.4	25
71.42	42
71.44	36
71.46	24
71.48	34
71.5	40
71.52	38
71.54	41
71.56	36
71.58	43
71.6	24
71.62	37
71.64	47
71.66	54
71.68	39
71.7	32
71.72	30
71.74	38
71.76	38
71.78	24
71.8	25
71.82	34
71.84	34
71.86	44
71.88	46
71.9	27
71.92	38
71.94	36
71.96	41
71.98	38
72	40
72.02	29
72.04	36
72.06	30
72.08	26
72.1	36
72.12	35
72.14	36
72.16	26
72.18	25
72.2	38
72.22	34
72.24	35
72.26	42
72.28	41
72.3	46
72.32	40
72.34	40
72.36	21
72.38	26
72.4	37
72.42	36
72.44	29
72.46	37
72.48	31
72.5	38
72.52	27
72.54	39
72.56	39
72.58	27
72.6	45
72.62	41
72.64	36
72.66	38
72.68	35
72.7	35
72.72	29
72.74	30
72.76	34
72.78	38
72.8	35
72.82	33
72.84	35
72.86	33
72.88	30
72.9	36
72.92	24
72.94	35
72.96	34
72.98	42
73	35
73.02	20
73.04	43
73.06	51
73.08	41
73.1	41
73.12	51
73.14	39
73.16	37
73.18	43
73.2	35
73.22	44
73.24	31
73.26	35
73.28	34
73.3	37
73.32	40
73.34	35
73.36	33
73.38	46
73.4	37
73.42	42
73.44	41
73.46	27
73.48	27
73.5	41
73.52	37
73.54	37
73.56	41
73.58	36
73.6	32
73.62	38
73.64	33
73.66	31
73.68	46
73.7	45
73.72	43
73.74	28
73.76	33
73.78	37
73.8	25
73.82	35
73.84	36
73.86	40
73.88	37
73.9	40
73.92	38
73.94	34
73.96	35
73.98	37
74	35
74.02	41
74.04	52
74.06	43
74.08	22
74.1	42
74.12	35
74.14	35
74.16	29
74.18	30
74.2	37
74.22	30
74.24	50
74.26	33
74.28	37
74.3	28
74.32	35
74.34	45
74.36	41
74.38	39
74.4	31
74.42	28
74.44	24
74.46	41
74.48	40
74.5	35
74.52	40
74.54	43
74.56	25
74.58	35
74.6	32
74.62	41
74.64	39
74.66	45
74.68	40
74.7	52
74.72	41
74.74	43
74.76	42
74.78	37
74.8	29
74.82	30
74.84	46
74.86	38
74.88	28
74.9	33
74.92	30
74.94	23
74.96	24
74.98	33
