Counter Settings:
Falling Edge
Disc Threshold [V]	-0.301514
Dwell time [s]	2.000000E-8
Number of channels	3750
Number of Scans	25000

D2
v 1
J 2
29.5V 3.24A
Au 788C
Knnew  ?C
Kn  e-2mbar (base 1.5e-2)
x=35mm y=35.5mm z=512mm
D2/RGA 8.0e-11 torr (base 1.8e-11)
500: 8.3e-9 mbar
100: 2.3e-9 mbar
FFR heater 4.0A 1.25V
extra heater 3.0A 0.6V
Extractor: -30V
Lens: -1200V
MCP: -2100V
Laser Position	207.500001

Laser Power [mJ]	1.072662
Time [µs]	Counts
0	41139
0.02	11795
0.04	212
0.06	124
0.08	137
0.1	75
0.12	23
0.14	15
0.16	18
0.18	29
0.2	35
0.22	43
0.24	48
0.26	58
0.28	75
0.3	93
0.32	66
0.34	76
0.36	88
0.38	95
0.4	97
0.42	98
0.44	93
0.46	74
0.48	81
0.5	63
0.52	46
0.54	52
0.56	53
0.58	53
0.6	62
0.62	71
0.64	78
0.66	101
0.68	72
0.7	78
0.72	67
0.74	96
0.76	113
0.78	148
0.8	189
0.82	201
0.84	225
0.86	188
0.88	254
0.9	276
0.92	312
0.94	343
0.96	380
0.98	468
1	552
1.02	646
1.04	756
1.06	800
1.08	827
1.1	697
1.12	647
1.14	471
1.16	318
1.18	241
1.2	214
1.22	197
1.24	192
1.26	175
1.28	196
1.3	166
1.32	177
1.34	172
1.36	156
1.38	160
1.4	172
1.42	177
1.44	154
1.46	133
1.48	131
1.5	107
1.52	115
1.54	103
1.56	73
1.58	73
1.6	63
1.62	49
1.64	35
1.66	38
1.68	45
1.7	45
1.72	46
1.74	48
1.76	47
1.78	27
1.8	37
1.82	28
1.84	26
1.86	46
1.88	42
1.9	38
1.92	36
1.94	32
1.96	27
1.98	36
2	41
2.02	40
2.04	48
2.06	48
2.08	42
2.1	37
2.12	52
2.14	43
2.16	40
2.18	36
2.2	33
2.22	31
2.24	35
2.26	45
2.28	35
2.3	30
2.32	40
2.34	21
2.36	31
2.38	34
2.4	25
2.42	36
2.44	31
2.46	30
2.48	37
2.5	33
2.52	19
2.54	22
2.56	28
2.58	31
2.6	23
2.62	29
2.64	29
2.66	18
2.68	27
2.7	24
2.72	29
2.74	22
2.76	22
2.78	24
2.8	32
2.82	32
2.84	24
2.86	16
2.88	19
2.9	22
2.92	26
2.94	23
2.96	17
2.98	21
3	28
3.02	23
3.04	12
3.06	22
3.08	22
3.1	26
3.12	21
3.14	22
3.16	19
3.18	21
3.2	15
3.22	16
3.24	16
3.26	14
3.28	15
3.3	14
3.32	16
3.34	19
3.36	14
3.38	32
3.4	33
3.42	27
3.44	23
3.46	18
3.48	21
3.5	21
3.52	49
3.54	30
3.56	32
3.58	28
3.6	20
3.62	25
3.64	27
3.66	19
3.68	18
3.7	23
3.72	22
3.74	23
3.76	26
3.78	23
3.8	26
3.82	23
3.84	20
3.86	18
3.88	20
3.9	27
3.92	27
3.94	20
3.96	22
3.98	26
4	22
4.02	36
4.04	29
4.06	21
4.08	33
4.1	32
4.12	21
4.14	24
4.16	23
4.18	24
4.2	30
4.22	21
4.24	32
4.26	30
4.28	39
4.3	40
4.32	29
4.34	20
4.36	23
4.38	28
4.4	22
4.42	36
4.44	34
4.46	38
4.48	38
4.5	33
4.52	25
4.54	32
4.56	42
4.58	34
4.6	24
4.62	27
4.64	36
4.66	25
4.68	24
4.7	26
4.72	33
4.74	29
4.76	28
4.78	36
4.8	32
4.82	22
4.84	34
4.86	27
4.88	25
4.9	25
4.92	23
4.94	19
4.96	23
4.98	28
5	23
5.02	25
5.04	38
5.06	40
5.08	32
5.1	41
5.12	32
5.14	28
5.16	26
5.18	34
5.2	42
5.22	33
5.24	48
5.26	42
5.28	49
5.3	42
5.32	37
5.34	44
5.36	42
5.38	40
5.4	42
5.42	31
5.44	38
5.46	50
5.48	54
5.5	44
5.52	37
5.54	36
5.56	46
5.58	32
5.6	36
5.62	30
5.64	28
5.66	34
5.68	36
5.7	34
5.72	34
5.74	43
5.76	47
5.78	32
5.8	41
5.82	50
5.84	37
5.86	35
5.88	32
5.9	37
5.92	37
5.94	43
5.96	48
5.98	40
6	46
6.02	39
6.04	44
6.06	50
6.08	42
6.1	42
6.12	39
6.14	34
6.16	30
6.18	34
6.2	52
6.22	60
6.24	64
6.26	62
6.28	53
6.3	46
6.32	48
6.34	52
6.36	40
6.38	37
6.4	41
6.42	37
6.44	38
6.46	42
6.48	35
6.5	37
6.52	47
6.54	48
6.56	49
6.58	59
6.6	58
6.62	57
6.64	56
6.66	57
6.68	46
6.7	49
6.72	57
6.74	61
6.76	73
6.78	36
6.8	29
6.82	33
6.84	54
6.86	60
6.88	64
6.9	61
6.92	69
6.94	67
6.96	54
6.98	44
7	35
7.02	41
7.04	39
7.06	46
7.08	50
7.1	60
7.12	67
7.14	55
7.16	66
7.18	64
7.2	69
7.22	54
7.24	41
7.26	35
7.28	35
7.3	45
7.32	46
7.34	45
7.36	43
7.38	55
7.4	42
7.42	54
7.44	63
7.46	50
7.48	67
7.5	65
7.52	56
7.54	50
7.56	50
7.58	66
7.6	56
7.62	43
7.64	54
7.66	65
7.68	63
7.7	66
7.72	65
7.74	50
7.76	38
7.78	36
7.8	46
7.82	45
7.84	39
7.86	49
7.88	54
7.9	53
7.92	61
7.94	56
7.96	52
7.98	42
8	50
8.02	39
8.04	66
8.06	59
8.08	58
8.1	40
8.12	48
8.14	48
8.16	42
8.18	49
8.2	76
8.22	60
8.24	69
8.26	42
8.28	54
8.3	45
8.32	51
8.34	60
8.36	48
8.38	54
8.4	52
8.42	41
8.44	53
8.46	57
8.48	71
8.5	55
8.52	58
8.54	73
8.56	74
8.58	56
8.6	54
8.62	58
8.64	84
8.66	74
8.68	90
8.7	81
8.72	80
8.74	83
8.76	83
8.78	102
8.8	96
8.82	69
8.84	74
8.86	85
8.88	83
8.9	86
8.92	83
8.94	80
8.96	86
8.98	86
9	99
9.02	106
9.04	113
9.06	79
9.08	100
9.1	93
9.12	106
9.14	96
9.16	105
9.18	104
9.2	120
9.22	127
9.24	119
9.26	136
9.28	138
9.3	129
9.32	153
9.34	136
9.36	137
9.38	119
9.4	113
9.42	121
9.44	127
9.46	153
9.48	141
9.5	124
9.52	132
9.54	152
9.56	142
9.58	116
9.6	141
9.62	147
9.64	160
9.66	132
9.68	120
9.7	134
9.72	152
9.74	134
9.76	137
9.78	134
9.8	117
9.82	104
9.84	123
9.86	116
9.88	129
9.9	129
9.92	118
9.94	118
9.96	112
9.98	108
10	107
10.02	85
10.04	106
10.06	114
10.08	106
10.1	93
10.12	117
10.14	94
10.16	100
10.18	103
10.2	80
10.22	65
10.24	73
10.26	86
10.28	75
10.3	70
10.32	74
10.34	71
10.36	69
10.38	73
10.4	71
10.42	93
10.44	64
10.46	85
10.48	82
10.5	81
10.52	88
10.54	88
10.56	86
10.58	89
10.6	86
10.62	62
10.64	65
10.66	68
10.68	58
10.7	62
10.72	84
10.74	67
10.76	81
10.78	65
10.8	53
10.82	61
10.84	49
10.86	72
10.88	67
10.9	60
10.92	61
10.94	58
10.96	47
10.98	57
11	40
11.02	43
11.04	55
11.06	51
11.08	55
11.1	44
11.12	60
11.14	62
11.16	45
11.18	63
11.2	37
11.22	43
11.24	38
11.26	39
11.28	48
11.3	56
11.32	33
11.34	45
11.36	45
11.38	31
11.4	29
11.42	42
11.44	43
11.46	37
11.48	30
11.5	32
11.52	36
11.54	37
11.56	37
11.58	42
11.6	38
11.62	36
11.64	34
11.66	42
11.68	42
11.7	40
11.72	32
11.74	47
11.76	52
11.78	35
11.8	27
11.82	31
11.84	23
11.86	35
11.88	38
11.9	34
11.92	34
11.94	27
11.96	32
11.98	40
12	38
12.02	28
12.04	32
12.06	36
12.08	36
12.1	31
12.12	34
12.14	34
12.16	43
12.18	29
12.2	33
12.22	38
12.24	46
12.26	36
12.28	33
12.3	28
12.32	24
12.34	24
12.36	36
12.38	24
12.4	39
12.42	31
12.44	31
12.46	22
12.48	34
12.5	32
12.52	21
12.54	35
12.56	35
12.58	30
12.6	21
12.62	32
12.64	22
12.66	27
12.68	37
12.7	29
12.72	19
12.74	26
12.76	34
12.78	29
12.8	28
12.82	32
12.84	27
12.86	36
12.88	24
12.9	27
12.92	31
12.94	29
12.96	23
12.98	32
13	30
13.02	51
13.04	43
13.06	36
13.08	34
13.1	36
13.12	26
13.14	33
13.16	27
13.18	28
13.2	31
13.22	36
13.24	21
13.26	19
13.28	25
13.3	32
13.32	37
13.34	23
13.36	25
13.38	40
13.4	27
13.42	33
13.44	34
13.46	31
13.48	28
13.5	28
13.52	32
13.54	27
13.56	30
13.58	30
13.6	38
13.62	27
13.64	24
13.66	30
13.68	34
13.7	24
13.72	23
13.74	17
13.76	23
13.78	33
13.8	31
13.82	42
13.84	30
13.86	32
13.88	40
13.9	29
13.92	32
13.94	32
13.96	37
13.98	24
14	18
14.02	28
14.04	26
14.06	23
14.08	34
14.1	38
14.12	34
14.14	26
14.16	21
14.18	19
14.2	49
14.22	29
14.24	42
14.26	33
14.28	36
14.3	25
14.32	29
14.34	32
14.36	23
14.38	21
14.4	41
14.42	38
14.44	34
14.46	29
14.48	33
14.5	29
14.52	24
14.54	34
14.56	36
14.58	34
14.6	23
14.62	31
14.64	30
14.66	35
14.68	42
14.7	27
14.72	25
14.74	34
14.76	29
14.78	37
14.8	25
14.82	29
14.84	34
14.86	34
14.88	42
14.9	33
14.92	40
14.94	27
14.96	22
14.98	33
15	36
15.02	39
15.04	37
15.06	41
15.08	34
15.1	33
15.12	34
15.14	32
15.16	34
15.18	34
15.2	27
15.22	30
15.24	28
15.26	28
15.28	36
15.3	30
15.32	36
15.34	42
15.36	38
15.38	36
15.4	26
15.42	30
15.44	27
15.46	21
15.48	29
15.5	26
15.52	26
15.54	37
15.56	52
15.58	35
15.6	28
15.62	33
15.64	30
15.66	38
15.68	40
15.7	31
15.72	18
15.74	29
15.76	29
15.78	30
15.8	27
15.82	19
15.84	28
15.86	33
15.88	34
15.9	31
15.92	46
15.94	46
15.96	50
15.98	40
16	40
16.02	36
16.04	47
16.06	24
16.08	20
16.1	26
16.12	22
16.14	20
16.16	18
16.18	26
16.2	31
16.22	31
16.24	33
16.26	34
16.28	36
16.3	28
16.32	47
16.34	41
16.36	38
16.38	21
16.4	29
16.42	27
16.44	38
16.46	42
16.48	26
16.5	28
16.52	33
16.54	33
16.56	43
16.58	25
16.6	22
16.62	27
16.64	26
16.66	28
16.68	21
16.7	26
16.72	33
16.74	39
16.76	42
16.78	45
16.8	38
16.82	22
16.84	18
16.86	17
16.88	25
16.9	32
16.92	43
16.94	34
16.96	28
16.98	25
17	24
17.02	34
17.04	35
17.06	24
17.08	25
17.1	32
17.12	28
17.14	23
17.16	20
17.18	26
17.2	31
17.22	27
17.24	42
17.26	42
17.28	43
17.3	28
17.32	29
17.34	32
17.36	38
17.38	39
17.4	34
17.42	29
17.44	28
17.46	24
17.48	30
17.5	32
17.52	23
17.54	34
17.56	28
17.58	22
17.6	39
17.62	36
17.64	29
17.66	42
17.68	33
17.7	31
17.72	45
17.74	38
17.76	33
17.78	48
17.8	39
17.82	33
17.84	41
17.86	41
17.88	30
17.9	23
17.92	37
17.94	38
17.96	25
17.98	14
18	32
18.02	36
18.04	34
18.06	37
18.08	38
18.1	35
18.12	24
18.14	27
18.16	26
18.18	27
18.2	31
18.22	15
18.24	20
18.26	22
18.28	25
18.3	27
18.32	43
18.34	39
18.36	30
18.38	27
18.4	33
18.42	37
18.44	31
18.46	30
18.48	25
18.5	32
18.52	39
18.54	23
18.56	29
18.58	32
18.6	32
18.62	27
18.64	29
18.66	28
18.68	38
18.7	42
18.72	43
18.74	49
18.76	39
18.78	40
18.8	42
18.82	33
18.84	41
18.86	29
18.88	27
18.9	35
18.92	29
18.94	32
18.96	31
18.98	41
19	42
19.02	36
19.04	32
19.06	23
19.08	33
19.1	26
19.12	27
19.14	25
19.16	35
19.18	32
19.2	32
19.22	25
19.24	18
19.26	34
19.28	29
19.3	28
19.32	33
19.34	33
19.36	28
19.38	28
19.4	42
19.42	39
19.44	32
19.46	34
19.48	28
19.5	25
19.52	27
19.54	36
19.56	31
19.58	34
19.6	41
19.62	40
19.64	29
19.66	28
19.68	38
19.7	39
19.72	43
19.74	38
19.76	35
19.78	32
19.8	32
19.82	23
19.84	30
19.86	27
19.88	33
19.9	19
19.92	31
19.94	38
19.96	32
19.98	28
20	25
20.02	28
20.04	29
20.06	36
20.08	35
20.1	33
20.12	41
20.14	36
20.16	28
20.18	41
20.2	31
20.22	32
20.24	38
20.26	31
20.28	40
20.3	41
20.32	24
20.34	34
20.36	26
20.38	21
20.4	42
20.42	51
20.44	50
20.46	40
20.48	32
20.5	32
20.52	37
20.54	27
20.56	32
20.58	45
20.6	43
20.62	25
20.64	23
20.66	28
20.68	36
20.7	27
20.72	34
20.74	42
20.76	40
20.78	51
20.8	40
20.82	38
20.84	31
20.86	31
20.88	34
20.9	40
20.92	42
20.94	40
20.96	37
20.98	24
21	35
21.02	20
21.04	31
21.06	32
21.08	26
21.1	40
21.12	38
21.14	37
21.16	25
21.18	27
21.2	32
21.22	33
21.24	45
21.26	41
21.28	42
21.3	34
21.32	26
21.34	31
21.36	38
21.38	24
21.4	37
21.42	36
21.44	22
21.46	24
21.48	36
21.5	31
21.52	34
21.54	37
21.56	43
21.58	34
21.6	37
21.62	39
21.64	34
21.66	28
21.68	37
21.7	43
21.72	35
21.74	24
21.76	25
21.78	29
21.8	40
21.82	37
21.84	35
21.86	39
21.88	35
21.9	39
21.92	38
21.94	33
21.96	39
21.98	29
22	30
22.02	28
22.04	34
22.06	28
22.08	42
22.1	26
22.12	37
22.14	39
22.16	32
22.18	39
22.2	37
22.22	35
22.24	45
22.26	39
22.28	42
22.3	39
22.32	32
22.34	31
22.36	33
22.38	29
22.4	28
22.42	37
22.44	37
22.46	29
22.48	42
22.5	36
22.52	27
22.54	45
22.56	33
22.58	41
22.6	41
22.62	41
22.64	34
22.66	33
22.68	36
22.7	36
22.72	35
22.74	32
22.76	35
22.78	42
22.8	46
22.82	35
22.84	37
22.86	33
22.88	49
22.9	40
22.92	33
22.94	33
22.96	56
22.98	42
23	38
23.02	44
23.04	33
23.06	32
23.08	30
23.1	46
23.12	35
23.14	26
23.16	28
23.18	30
23.2	41
23.22	36
23.24	35
23.26	33
23.28	19
23.3	39
23.32	30
23.34	28
23.36	27
23.38	28
23.4	34
23.42	38
23.44	48
23.46	30
23.48	27
23.5	29
23.52	32
23.54	31
23.56	27
23.58	25
23.6	30
23.62	43
23.64	43
23.66	46
23.68	52
23.7	35
23.72	33
23.74	34
23.76	22
23.78	35
23.8	49
23.82	38
23.84	31
23.86	31
23.88	51
23.9	42
23.92	40
23.94	27
23.96	44
23.98	47
24	36
24.02	26
24.04	34
24.06	35
24.08	30
24.1	33
24.12	38
24.14	26
24.16	33
24.18	27
24.2	37
24.22	52
24.24	23
24.26	26
24.28	29
24.3	39
24.32	49
24.34	32
24.36	30
24.38	30
24.4	29
24.42	33
24.44	34
24.46	40
24.48	35
24.5	27
24.52	30
24.54	29
24.56	44
24.58	27
24.6	32
24.62	33
24.64	29
24.66	46
24.68	43
24.7	39
24.72	44
24.74	34
24.76	43
24.78	32
24.8	34
24.82	36
24.84	38
24.86	34
24.88	34
24.9	31
24.92	29
24.94	30
24.96	39
24.98	35
25	28
25.02	32
25.04	43
25.06	28
25.08	31
25.1	34
25.12	43
25.14	57
25.16	46
25.18	42
25.2	27
25.22	43
25.24	37
25.26	38
25.28	36
25.3	43
25.32	31
25.34	42
25.36	44
25.38	39
25.4	49
25.42	38
25.44	32
25.46	45
25.48	53
25.5	36
25.52	35
25.54	26
25.56	29
25.58	38
25.6	39
25.62	40
25.64	41
25.66	41
25.68	47
25.7	36
25.72	41
25.74	42
25.76	42
25.78	34
25.8	32
25.82	27
25.84	32
25.86	37
25.88	35
25.9	35
25.92	33
25.94	37
25.96	45
25.98	40
26	33
26.02	37
26.04	36
26.06	35
26.08	43
26.1	44
26.12	47
26.14	49
26.16	27
26.18	44
26.2	38
26.22	31
26.24	32
26.26	28
26.28	37
26.3	37
26.32	38
26.34	32
26.36	31
26.38	28
26.4	40
26.42	34
26.44	33
26.46	28
26.48	30
26.5	24
26.52	21
26.54	24
26.56	45
26.58	47
26.6	39
26.62	27
26.64	26
26.66	29
26.68	38
26.7	35
26.72	35
26.74	36
26.76	40
26.78	15
26.8	28
26.82	23
26.84	31
26.86	37
26.88	21
26.9	15
26.92	41
26.94	35
26.96	38
26.98	32
27	45
27.02	36
27.04	31
27.06	30
27.08	38
27.1	49
27.12	39
27.14	24
27.16	41
27.18	32
27.2	26
27.22	38
27.24	34
27.26	42
27.28	40
27.3	38
27.32	36
27.34	32
27.36	34
27.38	39
27.4	33
27.42	34
27.44	35
27.46	41
27.48	34
27.5	38
27.52	38
27.54	40
27.56	41
27.58	43
27.6	44
27.62	27
27.64	35
27.66	42
27.68	55
27.7	36
27.72	32
27.74	25
27.76	29
27.78	28
27.8	33
27.82	41
27.84	53
27.86	37
27.88	37
27.9	37
27.92	33
27.94	36
27.96	35
27.98	25
28	26
28.02	37
28.04	33
28.06	29
28.08	41
28.1	43
28.12	39
28.14	36
28.16	45
28.18	41
28.2	43
28.22	31
28.24	34
28.26	37
28.28	37
28.3	46
28.32	44
28.34	37
28.36	46
28.38	38
28.4	42
28.42	39
28.44	46
28.46	40
28.48	39
28.5	41
28.52	42
28.54	24
28.56	28
28.58	47
28.6	41
28.62	38
28.64	36
28.66	42
28.68	46
28.7	48
28.72	56
28.74	42
28.76	26
28.78	31
28.8	44
28.82	48
28.84	36
28.86	34
28.88	44
28.9	41
28.92	45
28.94	36
28.96	41
28.98	44
29	33
29.02	38
29.04	39
29.06	27
29.08	44
29.1	40
29.12	54
29.14	47
29.16	37
29.18	40
29.2	32
29.22	43
29.24	45
29.26	41
29.28	33
29.3	35
29.32	38
29.34	46
29.36	48
29.38	44
29.4	39
29.42	33
29.44	29
29.46	30
29.48	29
29.5	29
29.52	41
29.54	28
29.56	31
29.58	34
29.6	38
29.62	25
29.64	33
29.66	41
29.68	35
29.7	25
29.72	46
29.74	35
29.76	29
29.78	36
29.8	30
29.82	52
29.84	45
29.86	38
29.88	40
29.9	40
29.92	49
29.94	45
29.96	34
29.98	35
30	47
30.02	27
30.04	39
30.06	31
30.08	42
30.1	39
30.12	23
30.14	40
30.16	40
30.18	39
30.2	38
30.22	36
30.24	33
30.26	42
30.28	52
30.3	33
30.32	34
30.34	30
30.36	24
30.38	36
30.4	30
30.42	28
30.44	19
30.46	24
30.48	28
30.5	22
30.52	40
30.54	48
30.56	39
30.58	38
30.6	31
30.62	31
30.64	28
30.66	25
30.68	35
30.7	26
30.72	30
30.74	36
30.76	43
30.78	49
30.8	36
30.82	29
30.84	32
30.86	41
30.88	33
30.9	22
30.92	29
30.94	35
30.96	30
30.98	39
31	27
31.02	34
31.04	32
31.06	36
31.08	31
31.1	34
31.12	36
31.14	30
31.16	37
31.18	37
31.2	34
31.22	41
31.24	45
31.26	30
31.28	21
31.3	33
31.32	36
31.34	23
31.36	34
31.38	40
31.4	37
31.42	23
31.44	29
31.46	38
31.48	28
31.5	46
31.52	40
31.54	19
31.56	24
31.58	38
31.6	41
31.62	33
31.64	33
31.66	39
31.68	31
31.7	27
31.72	30
31.74	30
31.76	25
31.78	26
31.8	37
31.82	38
31.84	28
31.86	36
31.88	28
31.9	29
31.92	36
31.94	32
31.96	38
31.98	40
32	34
32.02	23
32.04	36
32.06	37
32.08	43
32.1	42
32.12	35
32.14	33
32.16	27
32.18	35
32.2	38
32.22	34
32.24	29
32.26	25
32.28	37
32.3	30
32.32	30
32.34	29
32.36	26
32.38	32
32.4	44
32.42	38
32.44	29
32.46	21
32.48	36
32.5	27
32.52	36
32.54	27
32.56	30
32.58	33
32.6	25
32.62	35
32.64	26
32.66	44
32.68	33
32.7	25
32.72	24
32.74	31
32.76	34
32.78	33
32.8	35
32.82	31
32.84	40
32.86	32
32.88	31
32.9	27
32.92	45
32.94	31
32.96	26
32.98	35
33	31
33.02	42
33.04	45
33.06	28
33.08	31
33.1	33
33.12	32
33.14	30
33.16	26
33.18	23
33.2	25
33.22	34
33.24	42
33.26	26
33.28	36
33.3	39
33.32	44
33.34	38
33.36	37
33.38	31
33.4	40
33.42	31
33.44	23
33.46	25
33.48	33
33.5	27
33.52	50
33.54	29
33.56	20
33.58	27
33.6	33
33.62	36
33.64	43
33.66	29
33.68	30
33.7	28
33.72	33
33.74	31
33.76	25
33.78	24
33.8	32
33.82	29
33.84	32
33.86	33
33.88	32
33.9	40
33.92	44
33.94	42
33.96	37
33.98	27
34	35
34.02	35
34.04	29
34.06	24
34.08	29
34.1	32
34.12	20
34.14	39
34.16	44
34.18	34
34.2	41
34.22	35
34.24	28
34.26	31
34.28	27
34.3	28
34.32	30
34.34	30
34.36	25
34.38	37
34.4	35
34.42	43
34.44	36
34.46	27
34.48	33
34.5	42
34.52	32
34.54	28
34.56	34
34.58	41
34.6	32
34.62	29
34.64	37
34.66	31
34.68	30
34.7	31
34.72	32
34.74	24
34.76	36
34.78	38
34.8	34
34.82	38
34.84	38
34.86	31
34.88	34
34.9	31
34.92	39
34.94	29
34.96	31
34.98	28
35	35
35.02	32
35.04	32
35.06	39
35.08	36
35.1	34
35.12	47
35.14	29
35.16	37
35.18	31
35.2	42
35.22	38
35.24	38
35.26	30
35.28	22
35.3	29
35.32	32
35.34	31
35.36	33
35.38	34
35.4	22
35.42	27
35.44	27
35.46	27
35.48	27
35.5	35
35.52	45
35.54	31
35.56	17
35.58	32
35.6	45
35.62	38
35.64	37
35.66	32
35.68	30
35.7	22
35.72	38
35.74	39
35.76	42
35.78	36
35.8	26
35.82	25
35.84	36
35.86	30
35.88	33
35.9	31
35.92	35
35.94	32
35.96	30
35.98	47
36	46
36.02	26
36.04	27
36.06	28
36.08	33
36.1	41
36.12	36
36.14	37
36.16	27
36.18	29
36.2	25
36.22	31
36.24	39
36.26	22
36.28	31
36.3	33
36.32	40
36.34	31
36.36	38
36.38	34
36.4	34
36.42	32
36.44	25
36.46	45
36.48	33
36.5	23
36.52	27
36.54	28
36.56	27
36.58	26
36.6	28
36.62	23
36.64	36
36.66	30
36.68	29
36.7	29
36.72	35
36.74	31
36.76	34
36.78	36
36.8	40
36.82	38
36.84	29
36.86	26
36.88	26
36.9	39
36.92	38
36.94	36
36.96	31
36.98	33
37	33
37.02	44
37.04	49
37.06	32
37.08	26
37.1	31
37.12	32
37.14	40
37.16	43
37.18	39
37.2	38
37.22	22
37.24	27
37.26	30
37.28	27
37.3	26
37.32	31
37.34	33
37.36	34
37.38	28
37.4	27
37.42	32
37.44	41
37.46	32
37.48	23
37.5	24
37.52	31
37.54	35
37.56	31
37.58	18
37.6	32
37.62	31
37.64	35
37.66	34
37.68	45
37.7	36
37.72	29
37.74	25
37.76	28
37.78	34
37.8	37
37.82	32
37.84	29
37.86	33
37.88	24
37.9	25
37.92	21
37.94	29
37.96	32
37.98	36
38	43
38.02	28
38.04	24
38.06	30
38.08	37
38.1	29
38.12	30
38.14	28
38.16	34
38.18	28
38.2	28
38.22	17
38.24	25
38.26	36
38.28	38
38.3	37
38.32	31
38.34	36
38.36	29
38.38	44
38.4	28
38.42	30
38.44	33
38.46	33
38.48	28
38.5	40
38.52	46
38.54	54
38.56	39
38.58	37
38.6	26
38.62	23
38.64	33
38.66	26
38.68	26
38.7	26
38.72	42
38.74	31
38.76	37
38.78	27
38.8	22
38.82	26
38.84	32
38.86	28
38.88	25
38.9	29
38.92	37
38.94	19
38.96	26
38.98	29
39	25
39.02	30
39.04	23
39.06	17
39.08	15
39.1	23
39.12	52
39.14	34
39.16	20
39.18	27
39.2	27
39.22	28
39.24	37
39.26	30
39.28	34
39.3	38
39.32	32
39.34	25
39.36	38
39.38	20
39.4	37
39.42	31
39.44	28
39.46	33
39.48	37
39.5	28
39.52	20
39.54	26
39.56	22
39.58	37
39.6	30
39.62	28
39.64	22
39.66	35
39.68	40
39.7	32
39.72	23
39.74	33
39.76	36
39.78	30
39.8	36
39.82	26
39.84	25
39.86	38
39.88	36
39.9	35
39.92	41
39.94	34
39.96	34
39.98	49
40	39
40.02	32
40.04	30
40.06	38
40.08	27
40.1	34
40.12	29
40.14	40
40.16	37
40.18	26
40.2	32
40.22	33
40.24	32
40.26	28
40.28	38
40.3	25
40.32	24
40.34	38
40.36	38
40.38	30
40.4	37
40.42	43
40.44	29
40.46	31
40.48	34
40.5	28
40.52	26
40.54	24
40.56	27
40.58	41
40.6	41
40.62	42
40.64	33
40.66	25
40.68	32
40.7	35
40.72	26
40.74	24
40.76	19
40.78	36
40.8	41
40.82	29
40.84	32
40.86	29
40.88	40
40.9	41
40.92	26
40.94	21
40.96	22
40.98	35
41	27
41.02	31
41.04	26
41.06	30
41.08	28
41.1	28
41.12	31
41.14	33
41.16	31
41.18	36
41.2	25
41.22	23
41.24	25
41.26	26
41.28	22
41.3	38
41.32	34
41.34	29
41.36	24
41.38	35
41.4	33
41.42	35
41.44	28
41.46	38
41.48	48
41.5	32
41.52	35
41.54	32
41.56	28
41.58	26
41.6	29
41.62	27
41.64	28
41.66	34
41.68	24
41.7	22
41.72	28
41.74	31
41.76	33
41.78	34
41.8	46
41.82	31
41.84	29
41.86	38
41.88	33
41.9	35
41.92	33
41.94	29
41.96	27
41.98	27
42	34
42.02	41
42.04	37
42.06	46
42.08	40
42.1	52
42.12	40
42.14	32
42.16	35
42.18	30
42.2	35
42.22	24
42.24	29
42.26	32
42.28	43
42.3	27
42.32	31
42.34	30
42.36	31
42.38	34
42.4	33
42.42	32
42.44	24
42.46	31
42.48	37
42.5	34
42.52	24
42.54	33
42.56	37
42.58	31
42.6	28
42.62	26
42.64	34
42.66	25
42.68	41
42.7	21
42.72	25
42.74	28
42.76	34
42.78	38
42.8	35
42.82	19
42.84	33
42.86	33
42.88	28
42.9	26
42.92	26
42.94	22
42.96	19
42.98	29
43	45
43.02	26
43.04	27
43.06	31
43.08	25
43.1	34
43.12	32
43.14	24
43.16	44
43.18	39
43.2	31
43.22	17
43.24	21
43.26	22
43.28	26
43.3	35
43.32	33
43.34	35
43.36	28
43.38	32
43.4	36
43.42	32
43.44	37
43.46	38
43.48	30
43.5	30
43.52	31
43.54	23
43.56	29
43.58	28
43.6	36
43.62	32
43.64	21
43.66	30
43.68	42
43.7	34
43.72	28
43.74	36
43.76	35
43.78	32
43.8	41
43.82	37
43.84	36
43.86	36
43.88	29
43.9	32
43.92	27
43.94	26
43.96	22
43.98	32
44	34
44.02	34
44.04	26
44.06	19
44.08	37
44.1	35
44.12	33
44.14	28
44.16	27
44.18	42
44.2	50
44.22	42
44.24	28
44.26	24
44.28	23
44.3	45
44.32	28
44.34	41
44.36	35
44.38	23
44.4	20
44.42	25
44.44	30
44.46	32
44.48	28
44.5	30
44.52	30
44.54	24
44.56	34
44.58	38
44.6	25
44.62	42
44.64	32
44.66	18
44.68	24
44.7	25
44.72	27
44.74	26
44.76	28
44.78	44
44.8	31
44.82	30
44.84	41
44.86	39
44.88	25
44.9	25
44.92	37
44.94	34
44.96	38
44.98	33
45	22
45.02	21
45.04	26
45.06	20
45.08	32
45.1	24
45.12	34
45.14	32
45.16	32
45.18	33
45.2	34
45.22	37
45.24	43
45.26	31
45.28	27
45.3	20
45.32	28
45.34	24
45.36	21
45.38	30
45.4	38
45.42	29
45.44	17
45.46	27
45.48	36
45.5	27
45.52	30
45.54	29
45.56	21
45.58	28
45.6	22
45.62	24
45.64	38
45.66	21
45.68	25
45.7	28
45.72	28
45.74	28
45.76	19
45.78	35
45.8	30
45.82	31
45.84	31
45.86	39
45.88	29
45.9	22
45.92	27
45.94	26
45.96	22
45.98	26
46	28
46.02	14
46.04	17
46.06	22
46.08	26
46.1	30
46.12	24
46.14	43
46.16	32
46.18	27
46.2	36
46.22	29
46.24	19
46.26	23
46.28	17
46.3	36
46.32	32
46.34	27
46.36	27
46.38	30
46.4	25
46.42	29
46.44	25
46.46	45
46.48	32
46.5	29
46.52	32
46.54	32
46.56	31
46.58	26
46.6	29
46.62	28
46.64	38
46.66	28
46.68	32
46.7	33
46.72	27
46.74	31
46.76	37
46.78	28
46.8	24
46.82	28
46.84	21
46.86	19
46.88	18
46.9	28
46.92	27
46.94	37
46.96	22
46.98	21
47	22
47.02	24
47.04	33
47.06	38
47.08	25
47.1	30
47.12	29
47.14	25
47.16	25
47.18	29
47.2	16
47.22	22
47.24	18
47.26	20
47.28	27
47.3	17
47.32	29
47.34	29
47.36	26
47.38	15
47.4	22
47.42	33
47.44	30
47.46	12
47.48	25
47.5	25
47.52	22
47.54	30
47.56	31
47.58	33
47.6	35
47.62	25
47.64	15
47.66	26
47.68	29
47.7	29
47.72	33
47.74	26
47.76	28
47.78	27
47.8	34
47.82	30
47.84	33
47.86	28
47.88	40
47.9	26
47.92	19
47.94	29
47.96	27
47.98	27
48	32
48.02	33
48.04	23
48.06	31
48.08	23
48.1	26
48.12	23
48.14	17
48.16	18
48.18	16
48.2	22
48.22	22
48.24	28
48.26	23
48.28	19
48.3	20
48.32	26
48.34	25
48.36	21
48.38	22
48.4	29
48.42	31
48.44	36
48.46	28
48.48	25
48.5	36
48.52	35
48.54	26
48.56	26
48.58	29
48.6	15
48.62	13
48.64	22
48.66	40
48.68	32
48.7	23
48.72	29
48.74	37
48.76	37
48.78	20
48.8	24
48.82	15
48.84	28
48.86	24
48.88	32
48.9	28
48.92	27
48.94	29
48.96	39
48.98	24
49	13
49.02	20
49.04	24
49.06	22
49.08	28
49.1	22
49.12	21
49.14	17
49.16	23
49.18	24
49.2	26
49.22	24
49.24	26
49.26	18
49.28	24
49.3	20
49.32	42
49.34	39
49.36	24
49.38	26
49.4	28
49.42	27
49.44	33
49.46	18
49.48	25
49.5	23
49.52	24
49.54	20
49.56	21
49.58	23
49.6	28
49.62	25
49.64	22
49.66	24
49.68	18
49.7	22
49.72	20
49.74	35
49.76	26
49.78	14
49.8	20
49.82	22
49.84	33
49.86	23
49.88	19
49.9	36
49.92	32
49.94	18
49.96	24
49.98	14
50	27
50.02	34
50.04	29
50.06	28
50.08	24
50.1	26
50.12	27
50.14	32
50.16	30
50.18	20
50.2	23
50.22	28
50.24	32
50.26	28
50.28	31
50.3	26
50.32	25
50.34	24
50.36	27
50.38	26
50.4	18
50.42	20
50.44	43
50.46	31
50.48	22
50.5	22
50.52	29
50.54	24
50.56	27
50.58	30
50.6	34
50.62	32
50.64	24
50.66	30
50.68	31
50.7	26
50.72	24
50.74	25
50.76	20
50.78	27
50.8	27
50.82	32
50.84	23
50.86	24
50.88	31
50.9	31
50.92	31
50.94	31
50.96	28
50.98	24
51	30
51.02	32
51.04	28
51.06	15
51.08	23
51.1	27
51.12	22
51.14	22
51.16	16
51.18	21
51.2	24
51.22	30
51.24	34
51.26	15
51.28	15
51.3	24
51.32	28
51.34	20
51.36	26
51.38	39
51.4	36
51.42	18
51.44	24
51.46	22
51.48	28
51.5	23
51.52	25
51.54	18
51.56	31
51.58	42
51.6	36
51.62	33
51.64	25
51.66	36
51.68	45
51.7	20
51.72	23
51.74	36
51.76	32
51.78	34
51.8	26
51.82	27
51.84	34
51.86	25
51.88	22
51.9	29
51.92	30
51.94	24
51.96	28
51.98	22
52	21
52.02	21
52.04	24
52.06	21
52.08	28
52.1	33
52.12	24
52.14	23
52.16	27
52.18	28
52.2	27
52.22	22
52.24	28
52.26	29
52.28	19
52.3	26
52.32	30
52.34	22
52.36	28
52.38	29
52.4	18
52.42	29
52.44	21
52.46	20
52.48	24
52.5	20
52.52	28
52.54	29
52.56	31
52.58	19
52.6	26
52.62	22
52.64	21
52.66	23
52.68	28
52.7	28
52.72	21
52.74	18
52.76	25
52.78	25
52.8	20
52.82	23
52.84	29
52.86	28
52.88	31
52.9	20
52.92	28
52.94	35
52.96	31
52.98	29
53	19
53.02	29
53.04	20
53.06	17
53.08	21
53.1	25
53.12	29
53.14	25
53.16	24
53.18	24
53.2	15
53.22	22
53.24	25
53.26	24
53.28	26
53.3	28
53.32	34
53.34	30
53.36	22
53.38	26
53.4	24
53.42	13
53.44	22
53.46	31
53.48	28
53.5	25
53.52	19
53.54	25
53.56	28
53.58	28
53.6	32
53.62	32
53.64	28
53.66	29
53.68	28
53.7	31
53.72	23
53.74	20
53.76	29
53.78	20
53.8	17
53.82	35
53.84	15
53.86	24
53.88	22
53.9	23
53.92	27
53.94	26
53.96	24
53.98	27
54	24
54.02	22
54.04	30
54.06	25
54.08	20
54.1	21
54.12	25
54.14	20
54.16	22
54.18	27
54.2	29
54.22	21
54.24	18
54.26	24
54.28	18
54.3	19
54.32	20
54.34	22
54.36	36
54.38	30
54.4	24
54.42	29
54.44	28
54.46	16
54.48	28
54.5	36
54.52	32
54.54	29
54.56	19
54.58	32
54.6	29
54.62	41
54.64	25
54.66	19
54.68	27
54.7	38
54.72	43
54.74	29
54.76	45
54.78	26
54.8	20
54.82	22
54.84	29
54.86	20
54.88	25
54.9	32
54.92	24
54.94	27
54.96	41
54.98	26
55	23
55.02	29
55.04	18
55.06	15
55.08	21
55.1	20
55.12	36
55.14	23
55.16	16
55.18	21
55.2	25
55.22	19
55.24	37
55.26	34
55.28	27
55.3	26
55.32	16
55.34	30
55.36	29
55.38	32
55.4	34
55.42	27
55.44	24
55.46	21
55.48	20
55.5	33
55.52	26
55.54	18
55.56	25
55.58	19
55.6	27
55.62	40
55.64	35
55.66	24
55.68	17
55.7	32
55.72	31
55.74	23
55.76	21
55.78	23
55.8	24
55.82	24
55.84	30
55.86	30
55.88	24
55.9	18
55.92	29
55.94	16
55.96	27
55.98	25
56	29
56.02	28
56.04	31
56.06	39
56.08	36
56.1	26
56.12	21
56.14	29
56.16	30
56.18	27
56.2	41
56.22	32
56.24	27
56.26	22
56.28	24
56.3	21
56.32	23
56.34	19
56.36	12
56.38	19
56.4	30
56.42	27
56.44	23
56.46	32
56.48	23
56.5	28
56.52	24
56.54	25
56.56	23
56.58	27
56.6	34
56.62	35
56.64	28
56.66	17
56.68	24
56.7	28
56.72	20
56.74	14
56.76	25
56.78	24
56.8	24
56.82	26
56.84	18
56.86	18
56.88	13
56.9	26
56.92	18
56.94	22
56.96	29
56.98	32
57	29
57.02	22
57.04	24
57.06	29
57.08	27
57.1	19
57.12	32
57.14	27
57.16	18
57.18	28
57.2	23
57.22	16
57.24	21
57.26	26
57.28	24
57.3	23
57.32	12
57.34	16
57.36	19
57.38	19
57.4	27
57.42	23
57.44	21
57.46	25
57.48	17
57.5	17
57.52	20
57.54	25
57.56	27
57.58	30
57.6	36
57.62	36
57.64	31
57.66	30
57.68	28
57.7	14
57.72	7
57.74	18
57.76	19
57.78	25
57.8	29
57.82	18
57.84	20
57.86	11
57.88	26
57.9	32
57.92	24
57.94	24
57.96	23
57.98	28
58	25
58.02	24
58.04	13
58.06	15
58.08	12
58.1	23
58.12	22
58.14	29
58.16	24
58.18	37
58.2	22
58.22	29
58.24	34
58.26	25
58.28	18
58.3	31
58.32	19
58.34	23
58.36	25
58.38	22
58.4	22
58.42	24
58.44	27
58.46	46
58.48	21
58.5	25
58.52	22
58.54	27
58.56	23
58.58	27
58.6	35
58.62	38
58.64	29
58.66	26
58.68	24
58.7	12
58.72	23
58.74	23
58.76	22
58.78	27
58.8	31
58.82	30
58.84	27
58.86	26
58.88	24
58.9	28
58.92	27
58.94	22
58.96	28
58.98	22
59	26
59.02	23
59.04	28
59.06	33
59.08	29
59.1	13
59.12	15
59.14	22
59.16	15
59.18	24
59.2	26
59.22	19
59.24	18
59.26	16
59.28	22
59.3	21
59.32	34
59.34	15
59.36	20
59.38	28
59.4	24
59.42	24
59.44	23
59.46	13
59.48	22
59.5	23
59.52	18
59.54	18
59.56	22
59.58	18
59.6	27
59.62	21
59.64	22
59.66	19
59.68	14
59.7	17
59.72	21
59.74	21
59.76	22
59.78	34
59.8	20
59.82	31
59.84	23
59.86	24
59.88	33
59.9	25
59.92	18
59.94	11
59.96	19
59.98	29
60	17
60.02	10
60.04	15
60.06	19
60.08	20
60.1	19
60.12	32
60.14	20
60.16	15
60.18	17
60.2	18
60.22	20
60.24	29
60.26	33
60.28	30
60.3	17
60.32	20
60.34	20
60.36	17
60.38	21
60.4	13
60.42	21
60.44	20
60.46	25
60.48	32
60.5	29
60.52	22
60.54	20
60.56	29
60.58	15
60.6	25
60.62	22
60.64	16
60.66	22
60.68	22
60.7	32
60.72	26
60.74	25
60.76	32
60.78	25
60.8	22
60.82	18
60.84	23
60.86	31
60.88	15
60.9	15
60.92	25
60.94	30
60.96	29
60.98	28
61	23
61.02	20
61.04	20
61.06	21
61.08	20
61.1	18
61.12	23
61.14	23
61.16	16
61.18	17
61.2	35
61.22	29
61.24	26
61.26	22
61.28	23
61.3	28
61.32	27
61.34	34
61.36	34
61.38	24
61.4	18
61.42	19
61.44	26
61.46	25
61.48	18
61.5	17
61.52	18
61.54	18
61.56	22
61.58	29
61.6	21
61.62	21
61.64	21
61.66	22
61.68	20
61.7	19
61.72	19
61.74	22
61.76	30
61.78	24
61.8	25
61.82	30
61.84	19
61.86	17
61.88	18
61.9	24
61.92	31
61.94	32
61.96	21
61.98	19
62	23
62.02	19
62.04	20
62.06	24
62.08	28
62.1	28
62.12	20
62.14	13
62.16	19
62.18	23
62.2	20
62.22	21
62.24	27
62.26	29
62.28	25
62.3	12
62.32	19
62.34	23
62.36	23
62.38	18
62.4	36
62.42	32
62.44	17
62.46	16
62.48	24
62.5	22
62.52	22
62.54	14
62.56	21
62.58	19
62.6	24
62.62	22
62.64	20
62.66	16
62.68	24
62.7	27
62.72	33
62.74	22
62.76	37
62.78	29
62.8	23
62.82	16
62.84	20
62.86	24
62.88	18
62.9	18
62.92	23
62.94	23
62.96	22
62.98	16
63	17
63.02	24
63.04	30
63.06	31
63.08	27
63.1	25
63.12	20
63.14	23
63.16	19
63.18	18
63.2	14
63.22	18
63.24	34
63.26	30
63.28	22
63.3	24
63.32	24
63.34	20
63.36	21
63.38	21
63.4	23
63.42	18
63.44	27
63.46	26
63.48	26
63.5	18
63.52	21
63.54	25
63.56	12
63.58	22
63.6	30
63.62	21
63.64	22
63.66	14
63.68	18
63.7	19
63.72	18
63.74	16
63.76	17
63.78	24
63.8	25
63.82	27
63.84	21
63.86	28
63.88	35
63.9	32
63.92	24
63.94	14
63.96	21
63.98	27
64	23
64.02	25
64.04	21
64.06	19
64.08	9
64.1	15
64.12	26
64.14	34
64.16	19
64.18	24
64.2	20
64.22	26
64.24	20
64.26	14
64.28	19
64.3	23
64.32	13
64.34	27
64.36	25
64.38	28
64.4	19
64.42	26
64.44	19
64.46	15
64.48	16
64.5	19
64.52	17
64.54	22
64.56	19
64.58	18
64.6	24
64.62	19
64.64	18
64.66	15
64.68	22
64.7	28
64.72	29
64.74	19
64.76	17
64.78	15
64.8	17
64.82	24
64.84	21
64.86	16
64.88	21
64.9	26
64.92	20
64.94	22
64.96	21
64.98	12
65	17
65.02	23
65.04	21
65.06	21
65.08	22
65.1	21
65.12	20
65.14	22
65.16	21
65.18	15
65.2	8
65.22	17
65.24	17
65.26	21
65.28	25
65.3	24
65.32	24
65.34	25
65.36	22
65.38	30
65.4	19
65.42	17
65.44	19
65.46	28
65.48	21
65.5	15
65.52	19
65.54	19
65.56	21
65.58	16
65.6	27
65.62	24
65.64	31
65.66	18
65.68	22
65.7	19
65.72	18
65.74	17
65.76	26
65.78	21
65.8	25
65.82	22
65.84	21
65.86	18
65.88	25
65.9	23
65.92	27
65.94	31
65.96	22
65.98	23
66	31
66.02	30
66.04	31
66.06	28
66.08	30
66.1	24
66.12	13
66.14	29
66.16	15
66.18	17
66.2	18
66.22	27
66.24	27
66.26	23
66.28	17
66.3	25
66.32	16
66.34	20
66.36	19
66.38	22
66.4	24
66.42	28
66.44	14
66.46	14
66.48	11
66.5	32
66.52	34
66.54	20
66.56	25
66.58	26
66.6	15
66.62	17
66.64	31
66.66	23
66.68	18
66.7	30
66.72	23
66.74	33
66.76	15
66.78	18
66.8	21
66.82	16
66.84	25
66.86	27
66.88	21
66.9	18
66.92	18
66.94	16
66.96	26
66.98	24
67	22
67.02	24
67.04	21
67.06	22
67.08	26
67.1	16
67.12	8
67.14	22
67.16	31
67.18	18
67.2	16
67.22	17
67.24	21
67.26	19
67.28	17
67.3	17
67.32	17
67.34	18
67.36	26
67.38	21
67.4	21
67.42	15
67.44	18
67.46	25
67.48	24
67.5	21
67.52	23
67.54	21
67.56	29
67.58	21
67.6	27
67.62	19
67.64	15
67.66	30
67.68	17
67.7	20
67.72	19
67.74	15
67.76	21
67.78	25
67.8	18
67.82	31
67.84	24
67.86	18
67.88	21
67.9	17
67.92	20
67.94	28
67.96	16
67.98	17
68	30
68.02	28
68.04	29
68.06	19
68.08	27
68.1	21
68.12	20
68.14	26
68.16	29
68.18	26
68.2	13
68.22	20
68.24	17
68.26	29
68.28	21
68.3	23
68.32	19
68.34	17
68.36	18
68.38	12
68.4	20
68.42	22
68.44	17
68.46	16
68.48	16
68.5	16
68.52	16
68.54	15
68.56	24
68.58	19
68.6	27
68.62	16
68.64	21
68.66	30
68.68	21
68.7	13
68.72	16
68.74	16
68.76	17
68.78	20
68.8	17
68.82	18
68.84	11
68.86	19
68.88	17
68.9	21
68.92	16
68.94	19
68.96	19
68.98	17
69	14
69.02	26
69.04	26
69.06	23
69.08	32
69.1	22
69.12	20
69.14	23
69.16	37
69.18	24
69.2	15
69.22	22
69.24	35
69.26	29
69.28	23
69.3	26
69.32	24
69.34	21
69.36	19
69.38	16
69.4	16
69.42	23
69.44	25
69.46	11
69.48	16
69.5	20
69.52	16
69.54	17
69.56	15
69.58	21
69.6	13
69.62	15
69.64	27
69.66	24
69.68	20
69.7	19
69.72	18
69.74	25
69.76	19
69.78	17
69.8	21
69.82	21
69.84	18
69.86	31
69.88	18
69.9	14
69.92	28
69.94	19
69.96	17
69.98	20
70	14
70.02	19
70.04	15
70.06	9
70.08	20
70.1	16
70.12	25
70.14	22
70.16	18
70.18	18
70.2	19
70.22	18
70.24	18
70.26	17
70.28	21
70.3	20
70.32	32
70.34	18
70.36	16
70.38	8
70.4	10
70.42	21
70.44	25
70.46	20
70.48	12
70.5	23
70.52	25
70.54	29
70.56	18
70.58	18
70.6	24
70.62	22
70.64	28
70.66	25
70.68	24
70.7	17
70.72	29
70.74	29
70.76	23
70.78	23
70.8	23
70.82	15
70.84	19
70.86	19
70.88	16
70.9	18
70.92	19
70.94	24
70.96	19
70.98	18
71	19
71.02	15
71.04	21
71.06	22
71.08	22
71.1	22
71.12	20
71.14	21
71.16	14
71.18	16
71.2	12
71.22	13
71.24	26
71.26	33
71.28	24
71.3	28
71.32	28
71.34	28
71.36	18
71.38	17
71.4	16
71.42	24
71.44	22
71.46	19
71.48	12
71.5	16
71.52	16
71.54	19
71.56	20
71.58	24
71.6	17
71.62	13
71.64	24
71.66	13
71.68	21
71.7	24
71.72	13
71.74	11
71.76	24
71.78	22
71.8	23
71.82	22
71.84	20
71.86	11
71.88	17
71.9	23
71.92	31
71.94	30
71.96	22
71.98	19
72	24
72.02	31
72.04	21
72.06	24
72.08	21
72.1	20
72.12	20
72.14	21
72.16	22
72.18	18
72.2	20
72.22	20
72.24	16
72.26	19
72.28	13
72.3	17
72.32	21
72.34	18
72.36	24
72.38	17
72.4	29
72.42	23
72.44	24
72.46	18
72.48	16
72.5	12
72.52	17
72.54	18
72.56	18
72.58	18
72.6	16
72.62	20
72.64	27
72.66	29
72.68	22
72.7	25
72.72	25
72.74	21
72.76	22
72.78	12
72.8	13
72.82	13
72.84	14
72.86	14
72.88	20
72.9	20
72.92	20
72.94	22
72.96	21
72.98	20
73	26
73.02	22
73.04	22
73.06	18
73.08	23
73.1	33
73.12	17
73.14	22
73.16	18
73.18	26
73.2	29
73.22	15
73.24	15
73.26	20
73.28	26
73.3	28
73.32	21
73.34	13
73.36	17
73.38	23
73.4	26
73.42	36
73.44	27
73.46	20
73.48	17
73.5	22
73.52	20
73.54	19
73.56	15
73.58	15
73.6	9
73.62	15
73.64	28
73.66	17
73.68	19
73.7	15
73.72	23
73.74	21
73.76	13
73.78	24
73.8	16
73.82	16
73.84	13
73.86	22
73.88	24
73.9	26
73.92	26
73.94	14
73.96	15
73.98	16
74	19
74.02	11
74.04	18
74.06	12
74.08	13
74.1	10
74.12	20
74.14	15
74.16	12
74.18	12
74.2	16
74.22	22
74.24	20
74.26	19
74.28	19
74.3	14
74.32	11
74.34	18
74.36	18
74.38	15
74.4	20
74.42	15
74.44	13
74.46	16
74.48	15
74.5	19
74.52	28
74.54	27
74.56	21
74.58	18
74.6	12
74.62	22
74.64	30
74.66	25
74.68	20
74.7	23
74.72	19
74.74	16
74.76	22
74.78	18
74.8	30
74.82	18
74.84	14
74.86	18
74.88	23
74.9	10
74.92	15
74.94	17
74.96	18
74.98	16
