Counter Settings:
Falling Edge
Disc Threshold [V]	-0.301514
Dwell time [s]	2.000000E-8
Number of channels	3750
Number of Scans	25000

D2
v 1
J 2
29.2V 3.28A
Au 788C
Knnew  ?C
Kn  e-2mbar (base 1.5e-2)
x=35mm y=35.5mm z=512mm
D2/RGA 9.0e-10 torr (base 1.6e-11)
500: 9.3e-9 mbar
100: 1.5e-9 mbar
FFR heater 4.0A 1.19V
extra heater OFF
Extractor: -30V
Lens: -1200V
MCP: -2100V
Laser Position	207.518962

Laser Power [mJ]	1.024013
Time [µs]	Counts
0	41166
0.02	12754
0.04	229
0.06	129
0.08	137
0.1	56
0.12	13
0.14	6
0.16	8
0.18	11
0.2	13
0.22	24
0.24	50
0.26	69
0.28	75
0.3	67
0.32	73
0.34	67
0.36	84
0.38	82
0.4	96
0.42	99
0.44	103
0.46	78
0.48	91
0.5	61
0.52	55
0.54	39
0.56	37
0.58	44
0.6	44
0.62	63
0.64	72
0.66	74
0.68	74
0.7	93
0.72	93
0.74	102
0.76	133
0.78	161
0.8	209
0.82	201
0.84	207
0.86	220
0.88	291
0.9	333
0.92	334
0.94	360
0.96	429
0.98	502
1	610
1.02	679
1.04	835
1.06	890
1.08	841
1.1	703
1.12	558
1.14	446
1.16	327
1.18	254
1.2	221
1.22	223
1.24	208
1.26	177
1.28	173
1.3	162
1.32	165
1.34	197
1.36	195
1.38	166
1.4	182
1.42	161
1.44	118
1.46	130
1.48	121
1.5	99
1.52	77
1.54	54
1.56	62
1.58	64
1.6	56
1.62	42
1.64	44
1.66	44
1.68	29
1.7	17
1.72	29
1.74	42
1.76	44
1.78	36
1.8	23
1.82	31
1.84	45
1.86	33
1.88	22
1.9	24
1.92	19
1.94	33
1.96	43
1.98	43
2	27
2.02	15
2.04	27
2.06	25
2.08	35
2.1	30
2.12	28
2.14	33
2.16	21
2.18	24
2.2	32
2.22	31
2.24	23
2.26	30
2.28	27
2.3	30
2.32	25
2.34	26
2.36	25
2.38	22
2.4	16
2.42	20
2.44	16
2.46	21
2.48	22
2.5	20
2.52	19
2.54	14
2.56	11
2.58	5
2.6	14
2.62	13
2.64	10
2.66	9
2.68	13
2.7	11
2.72	4
2.74	3
2.76	9
2.78	13
2.8	12
2.82	8
2.84	7
2.86	16
2.88	7
2.9	5
2.92	13
2.94	24
2.96	10
2.98	15
3	16
3.02	12
3.04	6
3.06	9
3.08	7
3.1	10
3.12	8
3.14	7
3.16	9
3.18	13
3.2	13
3.22	12
3.24	10
3.26	4
3.28	3
3.3	4
3.32	8
3.34	14
3.36	15
3.38	4
3.4	5
3.42	10
3.44	9
3.46	5
3.48	7
3.5	9
3.52	13
3.54	14
3.56	5
3.58	8
3.6	10
3.62	12
3.64	15
3.66	15
3.68	9
3.7	11
3.72	5
3.74	14
3.76	14
3.78	7
3.8	5
3.82	8
3.84	8
3.86	7
3.88	9
3.9	4
3.92	6
3.94	7
3.96	11
3.98	9
4	11
4.02	8
4.04	9
4.06	9
4.08	20
4.1	13
4.12	12
4.14	10
4.16	13
4.18	13
4.2	13
4.22	13
4.24	11
4.26	16
4.28	21
4.3	13
4.32	6
4.34	5
4.36	17
4.38	17
4.4	20
4.42	19
4.44	19
4.46	17
4.48	10
4.5	11
4.52	18
4.54	24
4.56	20
4.58	12
4.6	17
4.62	18
4.64	19
4.66	23
4.68	19
4.7	13
4.72	12
4.74	14
4.76	15
4.78	13
4.8	19
4.82	15
4.84	16
4.86	14
4.88	20
4.9	22
4.92	19
4.94	19
4.96	22
4.98	19
5	19
5.02	18
5.04	23
5.06	21
5.08	20
5.1	27
5.12	28
5.14	28
5.16	30
5.18	18
5.2	20
5.22	37
5.24	35
5.26	17
5.28	27
5.3	32
5.32	28
5.34	37
5.36	27
5.38	26
5.4	30
5.42	31
5.44	25
5.46	25
5.48	27
5.5	29
5.52	30
5.54	42
5.56	44
5.58	27
5.6	23
5.62	23
5.64	27
5.66	24
5.68	26
5.7	31
5.72	34
5.74	26
5.76	25
5.78	22
5.8	24
5.82	29
5.84	30
5.86	26
5.88	25
5.9	26
5.92	30
5.94	29
5.96	29
5.98	18
6	17
6.02	20
6.04	22
6.06	18
6.08	17
6.1	15
6.12	23
6.14	29
6.16	36
6.18	37
6.2	37
6.22	34
6.24	26
6.26	18
6.28	17
6.3	31
6.32	25
6.34	19
6.36	25
6.38	30
6.4	28
6.42	36
6.44	29
6.46	30
6.48	30
6.5	46
6.52	42
6.54	23
6.56	28
6.58	35
6.6	22
6.62	26
6.64	29
6.66	32
6.68	33
6.7	42
6.72	38
6.74	27
6.76	40
6.78	38
6.8	36
6.82	34
6.84	34
6.86	36
6.88	37
6.9	38
6.92	32
6.94	39
6.96	37
6.98	43
7	45
7.02	40
7.04	28
7.06	38
7.08	40
7.1	40
7.12	30
7.14	31
7.16	44
7.18	57
7.2	56
7.22	39
7.24	33
7.26	30
7.28	39
7.3	37
7.32	37
7.34	35
7.36	36
7.38	40
7.4	43
7.42	39
7.44	34
7.46	37
7.48	40
7.5	36
7.52	42
7.54	34
7.56	34
7.58	23
7.6	27
7.62	37
7.64	48
7.66	41
7.68	41
7.7	38
7.72	36
7.74	48
7.76	49
7.78	59
7.8	57
7.82	41
7.84	37
7.86	28
7.88	36
7.9	34
7.92	24
7.94	30
7.96	34
7.98	34
8	31
8.02	42
8.04	42
8.06	32
8.08	31
8.1	39
8.12	54
8.14	40
8.16	32
8.18	38
8.2	35
8.22	40
8.24	39
8.26	29
8.28	21
8.3	30
8.32	19
8.34	27
8.36	37
8.38	40
8.4	29
8.42	24
8.44	27
8.46	31
8.48	37
8.5	28
8.52	33
8.54	35
8.56	26
8.58	18
8.6	26
8.62	27
8.64	15
8.66	18
8.68	24
8.7	17
8.72	17
8.74	21
8.76	24
8.78	27
8.8	27
8.82	34
8.84	25
8.86	18
8.88	17
8.9	33
8.92	31
8.94	27
8.96	25
8.98	29
9	31
9.02	23
9.04	24
9.06	18
9.08	23
9.1	30
9.12	29
9.14	24
9.16	22
9.18	20
9.2	22
9.22	15
9.24	16
9.26	26
9.28	36
9.3	47
9.32	22
9.34	18
9.36	30
9.38	30
9.4	22
9.42	13
9.44	15
9.46	17
9.48	23
9.5	22
9.52	23
9.54	26
9.56	19
9.58	15
9.6	34
9.62	43
9.64	27
9.66	16
9.68	15
9.7	18
9.72	19
9.74	17
9.76	19
9.78	22
9.8	24
9.82	26
9.84	23
9.86	20
9.88	13
9.9	12
9.92	13
9.94	20
9.96	29
9.98	24
10	11
10.02	17
10.04	14
10.06	17
10.08	21
10.1	22
10.12	24
10.14	17
10.16	12
10.18	8
10.2	10
10.22	17
10.24	19
10.26	18
10.28	14
10.3	10
10.32	13
10.34	13
10.36	18
10.38	15
10.4	20
10.42	18
10.44	17
10.46	15
10.48	9
10.5	19
10.52	23
10.54	11
10.56	4
10.58	3
10.6	8
10.62	18
10.64	17
10.66	21
10.68	26
10.7	16
10.72	21
10.74	22
10.76	18
10.78	9
10.8	6
10.82	5
10.84	5
10.86	12
10.88	17
10.9	6
10.92	10
10.94	11
10.96	9
10.98	4
11	8
11.02	10
11.04	14
11.06	14
11.08	15
11.1	16
11.12	17
11.14	16
11.16	14
11.18	21
11.2	15
11.22	13
11.24	12
11.26	4
11.28	8
11.3	12
11.32	10
11.34	20
11.36	17
11.38	11
11.4	5
11.42	13
11.44	13
11.46	14
11.48	15
11.5	13
11.52	16
11.54	15
11.56	18
11.58	19
11.6	14
11.62	9
11.64	14
11.66	12
11.68	12
11.7	6
11.72	13
11.74	9
11.76	14
11.78	16
11.8	23
11.82	10
11.84	8
11.86	6
11.88	8
11.9	8
11.92	13
11.94	10
11.96	12
11.98	8
12	13
12.02	18
12.04	11
12.06	10
12.08	11
12.1	14
12.12	8
12.14	11
12.16	9
12.18	11
12.2	11
12.22	12
12.24	12
12.26	11
12.28	7
12.3	6
12.32	19
12.34	19
12.36	10
12.38	11
12.4	9
12.42	7
12.44	6
12.46	12
12.48	21
12.5	20
12.52	7
12.54	4
12.56	13
12.58	14
12.6	7
12.62	13
12.64	8
12.66	7
12.68	7
12.7	11
12.72	11
12.74	15
12.76	10
12.78	3
12.8	9
12.82	10
12.84	5
12.86	10
12.88	13
12.9	12
12.92	9
12.94	8
12.96	14
12.98	11
13	15
13.02	14
13.04	10
13.06	9
13.08	4
13.1	3
13.12	3
13.14	3
13.16	7
13.18	6
13.2	7
13.22	7
13.24	16
13.26	10
13.28	15
13.3	9
13.32	10
13.34	7
13.36	8
13.38	7
13.4	3
13.42	5
13.44	8
13.46	6
13.48	9
13.5	14
13.52	9
13.54	7
13.56	11
13.58	9
13.6	5
13.62	7
13.64	9
13.66	9
13.68	10
13.7	11
13.72	3
13.74	5
13.76	14
13.78	17
13.8	13
13.82	12
13.84	16
13.86	12
13.88	2
13.9	3
13.92	7
13.94	4
13.96	11
13.98	9
14	4
14.02	5
14.04	6
14.06	8
14.08	6
14.1	10
14.12	12
14.14	10
14.16	6
14.18	12
14.2	12
14.22	15
14.24	14
14.26	8
14.28	6
14.3	10
14.32	5
14.34	11
14.36	14
14.38	11
14.4	9
14.42	8
14.44	9
14.46	10
14.48	3
14.5	11
14.52	12
14.54	13
14.56	17
14.58	6
14.6	0
14.62	6
14.64	7
14.66	7
14.68	9
14.7	9
14.72	6
14.74	10
14.76	13
14.78	14
14.8	7
14.82	12
14.84	9
14.86	2
14.88	11
14.9	10
14.92	8
14.94	12
14.96	9
14.98	3
15	7
15.02	6
15.04	8
15.06	9
15.08	5
15.1	7
15.12	5
15.14	3
15.16	8
15.18	8
15.2	12
15.22	6
15.24	9
15.26	14
15.28	8
15.3	5
15.32	6
15.34	10
15.36	13
15.38	11
15.4	6
15.42	7
15.44	10
15.46	11
15.48	12
15.5	11
15.52	12
15.54	10
15.56	11
15.58	9
15.6	11
15.62	8
15.64	6
15.66	10
15.68	12
15.7	13
15.72	7
15.74	6
15.76	8
15.78	10
15.8	10
15.82	8
15.84	4
15.86	9
15.88	6
15.9	3
15.92	3
15.94	4
15.96	8
15.98	7
16	4
16.02	6
16.04	10
16.06	15
16.08	7
16.1	6
16.12	11
16.14	10
16.16	6
16.18	5
16.2	8
16.22	5
16.24	11
16.26	11
16.28	8
16.3	14
16.32	5
16.34	5
16.36	9
16.38	9
16.4	6
16.42	7
16.44	6
16.46	7
16.48	6
16.5	4
16.52	5
16.54	6
16.56	3
16.58	6
16.6	8
16.62	10
16.64	9
16.66	10
16.68	3
16.7	9
16.72	13
16.74	9
16.76	9
16.78	7
16.8	8
16.82	5
16.84	4
16.86	8
16.88	12
16.9	15
16.92	9
16.94	6
16.96	7
16.98	15
17	10
17.02	8
17.04	13
17.06	8
17.08	6
17.1	3
17.12	5
17.14	10
17.16	6
17.18	6
17.2	6
17.22	9
17.24	11
17.26	6
17.28	7
17.3	9
17.32	2
17.34	0
17.36	4
17.38	3
17.4	3
17.42	7
17.44	12
17.46	9
17.48	12
17.5	15
17.52	10
17.54	6
17.56	8
17.58	12
17.6	8
17.62	7
17.64	13
17.66	14
17.68	7
17.7	3
17.72	10
17.74	13
17.76	21
17.78	6
17.8	6
17.82	5
17.84	7
17.86	10
17.88	4
17.9	4
17.92	6
17.94	3
17.96	8
17.98	12
18	12
18.02	9
18.04	8
18.06	7
18.08	4
18.1	6
18.12	13
18.14	9
18.16	9
18.18	9
18.2	5
18.22	3
18.24	8
18.26	6
18.28	9
18.3	7
18.32	7
18.34	5
18.36	5
18.38	7
18.4	6
18.42	10
18.44	6
18.46	5
18.48	8
18.5	9
18.52	5
18.54	4
18.56	9
18.58	6
18.6	5
18.62	13
18.64	9
18.66	4
18.68	2
18.7	7
18.72	11
18.74	11
18.76	6
18.78	8
18.8	15
18.82	12
18.84	8
18.86	11
18.88	9
18.9	4
18.92	6
18.94	11
18.96	12
18.98	9
19	6
19.02	4
19.04	5
19.06	7
19.08	11
19.1	8
19.12	5
19.14	4
19.16	9
19.18	6
19.2	2
19.22	5
19.24	10
19.26	9
19.28	3
19.3	6
19.32	10
19.34	11
19.36	13
19.38	9
19.4	9
19.42	10
19.44	10
19.46	8
19.48	7
19.5	7
19.52	5
19.54	4
19.56	5
19.58	5
19.6	4
19.62	3
19.64	4
19.66	1
19.68	4
19.7	8
19.72	6
19.74	2
19.76	8
19.78	7
19.8	5
19.82	11
19.84	6
19.86	7
19.88	11
19.9	20
19.92	14
19.94	5
19.96	6
19.98	12
20	16
20.02	9
20.04	6
20.06	5
20.08	10
20.1	9
20.12	9
20.14	8
20.16	7
20.18	4
20.2	7
20.22	11
20.24	12
20.26	7
20.28	6
20.3	7
20.32	8
20.34	8
20.36	15
20.38	8
20.4	8
20.42	7
20.44	8
20.46	8
20.48	10
20.5	18
20.52	7
20.54	9
20.56	8
20.58	10
20.6	7
20.62	8
20.64	8
20.66	11
20.68	6
20.7	7
20.72	9
20.74	9
20.76	10
20.78	10
20.8	9
20.82	3
20.84	8
20.86	3
20.88	7
20.9	9
20.92	11
20.94	11
20.96	11
20.98	6
21	6
21.02	5
21.04	8
21.06	8
21.08	9
21.1	16
21.12	13
21.14	2
21.16	8
21.18	9
21.2	7
21.22	6
21.24	11
21.26	12
21.28	11
21.3	9
21.32	8
21.34	17
21.36	13
21.38	14
21.4	12
21.42	14
21.44	13
21.46	8
21.48	9
21.5	10
21.52	5
21.54	9
21.56	12
21.58	10
21.6	9
21.62	6
21.64	11
21.66	15
21.68	6
21.7	7
21.72	7
21.74	11
21.76	11
21.78	4
21.8	5
21.82	9
21.84	11
21.86	7
21.88	4
21.9	7
21.92	8
21.94	9
21.96	10
21.98	8
22	8
22.02	7
22.04	10
22.06	10
22.08	8
22.1	5
22.12	11
22.14	5
22.16	7
22.18	9
22.2	4
22.22	5
22.24	6
22.26	13
22.28	10
22.3	11
22.32	8
22.34	8
22.36	12
22.38	6
22.4	13
22.42	12
22.44	6
22.46	10
22.48	11
22.5	7
22.52	12
22.54	9
22.56	7
22.58	5
22.6	10
22.62	11
22.64	6
22.66	9
22.68	9
22.7	12
22.72	11
22.74	10
22.76	4
22.78	8
22.8	7
22.82	2
22.84	13
22.86	7
22.88	8
22.9	10
22.92	9
22.94	13
22.96	5
22.98	1
23	6
23.02	13
23.04	7
23.06	5
23.08	8
23.1	7
23.12	10
23.14	12
23.16	10
23.18	8
23.2	8
23.22	6
23.24	5
23.26	10
23.28	11
23.3	7
23.32	8
23.34	8
23.36	10
23.38	8
23.4	5
23.42	7
23.44	4
23.46	8
23.48	7
23.5	6
23.52	9
23.54	11
23.56	9
23.58	8
23.6	4
23.62	6
23.64	8
23.66	8
23.68	9
23.7	11
23.72	7
23.74	5
23.76	8
23.78	8
23.8	9
23.82	4
23.84	7
23.86	5
23.88	8
23.9	4
23.92	3
23.94	4
23.96	9
23.98	10
24	8
24.02	8
24.04	8
24.06	10
24.08	9
24.1	5
24.12	11
24.14	13
24.16	7
24.18	6
24.2	6
24.22	7
24.24	6
24.26	6
24.28	12
24.3	8
24.32	13
24.34	12
24.36	7
24.38	11
24.4	5
24.42	2
24.44	8
24.46	12
24.48	7
24.5	18
24.52	13
24.54	6
24.56	6
24.58	12
24.6	16
24.62	5
24.64	4
24.66	5
24.68	7
24.7	14
24.72	11
24.74	8
24.76	13
24.78	15
24.8	8
24.82	6
24.84	8
24.86	7
24.88	12
24.9	8
24.92	5
24.94	6
24.96	19
24.98	6
25	2
25.02	8
25.04	8
25.06	8
25.08	5
25.1	7
25.12	2
25.14	8
25.16	9
25.18	6
25.2	7
25.22	7
25.24	11
25.26	13
25.28	10
25.3	7
25.32	7
25.34	6
25.36	4
25.38	5
25.4	8
25.42	4
25.44	4
25.46	4
25.48	2
25.5	3
25.52	9
25.54	13
25.56	10
25.58	4
25.6	7
25.62	2
25.64	3
25.66	6
25.68	9
25.7	17
25.72	13
25.74	18
25.76	12
25.78	6
25.8	9
25.82	9
25.84	10
25.86	6
25.88	7
25.9	2
25.92	2
25.94	7
25.96	7
25.98	11
26	8
26.02	7
26.04	9
26.06	10
26.08	8
26.1	3
26.12	8
26.14	13
26.16	5
26.18	4
26.2	3
26.22	7
26.24	7
26.26	7
26.28	8
26.3	8
26.32	11
26.34	10
26.36	6
26.38	9
26.4	14
26.42	6
26.44	6
26.46	9
26.48	5
26.5	6
26.52	14
26.54	19
26.56	12
26.58	12
26.6	11
26.62	9
26.64	5
26.66	8
26.68	11
26.7	12
26.72	12
26.74	6
26.76	7
26.78	5
26.8	7
26.82	6
26.84	9
26.86	7
26.88	10
26.9	9
26.92	6
26.94	10
26.96	18
26.98	8
27	3
27.02	8
27.04	10
27.06	9
27.08	9
27.1	6
27.12	7
27.14	3
27.16	6
27.18	7
27.2	10
27.22	9
27.24	7
27.26	5
27.28	10
27.3	11
27.32	5
27.34	6
27.36	5
27.38	11
27.4	6
27.42	6
27.44	10
27.46	12
27.48	5
27.5	6
27.52	14
27.54	6
27.56	7
27.58	6
27.6	10
27.62	7
27.64	2
27.66	5
27.68	6
27.7	8
27.72	8
27.74	10
27.76	14
27.78	5
27.8	6
27.82	10
27.84	6
27.86	11
27.88	9
27.9	14
27.92	17
27.94	13
27.96	10
27.98	4
28	9
28.02	8
28.04	6
28.06	7
28.08	8
28.1	9
28.12	10
28.14	12
28.16	17
28.18	9
28.2	2
28.22	8
28.24	8
28.26	8
28.28	10
28.3	5
28.32	4
28.34	13
28.36	14
28.38	9
28.4	6
28.42	10
28.44	10
28.46	9
28.48	12
28.5	10
28.52	11
28.54	11
28.56	1
28.58	4
28.6	12
28.62	15
28.64	9
28.66	14
28.68	10
28.7	12
28.72	12
28.74	13
28.76	5
28.78	6
28.8	10
28.82	7
28.84	9
28.86	8
28.88	6
28.9	24
28.92	10
28.94	5
28.96	8
28.98	12
29	9
29.02	7
29.04	7
29.06	7
29.08	11
29.1	6
29.12	6
29.14	12
29.16	6
29.18	6
29.2	3
29.22	8
29.24	10
29.26	9
29.28	13
29.3	10
29.32	8
29.34	13
29.36	8
29.38	10
29.4	10
29.42	12
29.44	9
29.46	9
29.48	11
29.5	8
29.52	6
29.54	3
29.56	4
29.58	5
29.6	4
29.62	9
29.64	12
29.66	8
29.68	12
29.7	7
29.72	7
29.74	4
29.76	11
29.78	8
29.8	7
29.82	5
29.84	5
29.86	7
29.88	6
29.9	8
29.92	7
29.94	4
29.96	8
29.98	9
30	6
30.02	7
30.04	10
30.06	3
30.08	8
30.1	9
30.12	10
30.14	9
30.16	11
30.18	3
30.2	4
30.22	8
30.24	6
30.26	6
30.28	7
30.3	9
30.32	7
30.34	6
30.36	12
30.38	9
30.4	14
30.42	11
30.44	9
30.46	5
30.48	3
30.5	5
30.52	9
30.54	12
30.56	7
30.58	5
30.6	4
30.62	5
30.64	7
30.66	3
30.68	6
30.7	6
30.72	8
30.74	3
30.76	7
30.78	2
30.8	6
30.82	6
30.84	3
30.86	6
30.88	9
30.9	15
30.92	9
30.94	9
30.96	5
30.98	11
31	12
31.02	16
31.04	5
31.06	4
31.08	7
31.1	17
31.12	6
31.14	8
31.16	4
31.18	3
31.2	6
31.22	6
31.24	6
31.26	8
31.28	11
31.3	5
31.32	7
31.34	12
31.36	13
31.38	10
31.4	8
31.42	4
31.44	9
31.46	5
31.48	4
31.5	12
31.52	12
31.54	10
31.56	7
31.58	6
31.6	5
31.62	9
31.64	8
31.66	10
31.68	14
31.7	5
31.72	7
31.74	5
31.76	7
31.78	10
31.8	9
31.82	5
31.84	7
31.86	2
31.88	4
31.9	9
31.92	4
31.94	6
31.96	9
31.98	4
32	8
32.02	9
32.04	5
32.06	5
32.08	9
32.1	11
32.12	8
32.14	10
32.16	11
32.18	8
32.2	9
32.22	6
32.24	10
32.26	4
32.28	4
32.3	5
32.32	7
32.34	4
32.36	11
32.38	10
32.4	10
32.42	16
32.44	12
32.46	17
32.48	5
32.5	7
32.52	3
32.54	4
32.56	5
32.58	7
32.6	4
32.62	12
32.64	12
32.66	7
32.68	9
32.7	10
32.72	8
32.74	4
32.76	9
32.78	8
32.8	5
32.82	8
32.84	9
32.86	14
32.88	4
32.9	3
32.92	13
32.94	18
32.96	8
32.98	6
33	9
33.02	7
33.04	10
33.06	11
33.08	11
33.1	10
33.12	6
33.14	13
33.16	10
33.18	9
33.2	12
33.22	9
33.24	10
33.26	4
33.28	8
33.3	8
33.32	5
33.34	7
33.36	6
33.38	11
33.4	7
33.42	8
33.44	10
33.46	8
33.48	11
33.5	9
33.52	9
33.54	8
33.56	7
33.58	6
33.6	10
33.62	9
33.64	8
33.66	5
33.68	8
33.7	11
33.72	8
33.74	9
33.76	8
33.78	10
33.8	6
33.82	6
33.84	10
33.86	10
33.88	10
33.9	5
33.92	7
33.94	7
33.96	8
33.98	7
34	7
34.02	8
34.04	10
34.06	7
34.08	11
34.1	6
34.12	7
34.14	6
34.16	6
34.18	7
34.2	4
34.22	7
34.24	9
34.26	5
34.28	6
34.3	1
34.32	5
34.34	5
34.36	9
34.38	13
34.4	10
34.42	13
34.44	7
34.46	3
34.48	8
34.5	8
34.52	10
34.54	8
34.56	5
34.58	9
34.6	9
34.62	7
34.64	12
34.66	16
34.68	6
34.7	7
34.72	5
34.74	7
34.76	7
34.78	10
34.8	5
34.82	4
34.84	4
34.86	4
34.88	7
34.9	9
34.92	8
34.94	12
34.96	10
34.98	7
35	5
35.02	7
35.04	7
35.06	2
35.08	0
35.1	5
35.12	8
35.14	6
35.16	3
35.18	5
35.2	9
35.22	12
35.24	11
35.26	7
35.28	2
35.3	4
35.32	8
35.34	7
35.36	6
35.38	5
35.4	9
35.42	7
35.44	3
35.46	7
35.48	17
35.5	5
35.52	7
35.54	8
35.56	12
35.58	8
35.6	9
35.62	6
35.64	3
35.66	3
35.68	9
35.7	13
35.72	6
35.74	10
35.76	6
35.78	7
35.8	12
35.82	7
35.84	9
35.86	12
35.88	7
35.9	6
35.92	0
35.94	7
35.96	4
35.98	7
36	10
36.02	11
36.04	8
36.06	8
36.08	10
36.1	9
36.12	15
36.14	14
36.16	8
36.18	11
36.2	16
36.22	9
36.24	9
36.26	8
36.28	5
36.3	6
36.32	5
36.34	6
36.36	10
36.38	6
36.4	7
36.42	5
36.44	7
36.46	2
36.48	6
36.5	9
36.52	4
36.54	6
36.56	9
36.58	8
36.6	6
36.62	8
36.64	4
36.66	4
36.68	5
36.7	5
36.72	8
36.74	6
36.76	6
36.78	8
36.8	6
36.82	6
36.84	6
36.86	5
36.88	6
36.9	11
36.92	7
36.94	14
36.96	9
36.98	5
37	4
37.02	9
37.04	11
37.06	5
37.08	9
37.1	5
37.12	8
37.14	8
37.16	13
37.18	13
37.2	8
37.22	9
37.24	10
37.26	10
37.28	8
37.3	13
37.32	8
37.34	6
37.36	12
37.38	10
37.4	6
37.42	2
37.44	10
37.46	9
37.48	7
37.5	3
37.52	8
37.54	11
37.56	8
37.58	6
37.6	11
37.62	7
37.64	10
37.66	11
37.68	9
37.7	8
37.72	7
37.74	6
37.76	6
37.78	3
37.8	3
37.82	6
37.84	9
37.86	13
37.88	11
37.9	11
37.92	10
37.94	2
37.96	6
37.98	12
38	7
38.02	5
38.04	9
38.06	7
38.08	7
38.1	3
38.12	3
38.14	4
38.16	6
38.18	7
38.2	5
38.22	3
38.24	8
38.26	9
38.28	4
38.3	2
38.32	3
38.34	2
38.36	3
38.38	5
38.4	9
38.42	10
38.44	1
38.46	3
38.48	5
38.5	9
38.52	7
38.54	8
38.56	9
38.58	3
38.6	3
38.62	6
38.64	7
38.66	10
38.68	7
38.7	4
38.72	5
38.74	4
38.76	7
38.78	7
38.8	9
38.82	8
38.84	9
38.86	5
38.88	5
38.9	7
38.92	6
38.94	14
38.96	15
38.98	8
39	6
39.02	9
39.04	9
39.06	1
39.08	3
39.1	7
39.12	9
39.14	5
39.16	3
39.18	8
39.2	9
39.22	10
39.24	12
39.26	4
39.28	16
39.3	16
39.32	12
39.34	12
39.36	12
39.38	9
39.4	4
39.42	4
39.44	8
39.46	11
39.48	7
39.5	8
39.52	5
39.54	13
39.56	14
39.58	4
39.6	6
39.62	6
39.64	13
39.66	8
39.68	9
39.7	5
39.72	7
39.74	5
39.76	2
39.78	6
39.8	7
39.82	6
39.84	5
39.86	8
39.88	10
39.9	3
39.92	0
39.94	5
39.96	3
39.98	5
40	6
40.02	9
40.04	8
40.06	9
40.08	7
40.1	9
40.12	10
40.14	3
40.16	5
40.18	6
40.2	6
40.22	4
40.24	7
40.26	5
40.28	3
40.3	4
40.32	9
40.34	13
40.36	10
40.38	5
40.4	10
40.42	5
40.44	10
40.46	8
40.48	6
40.5	8
40.52	6
40.54	6
40.56	10
40.58	6
40.6	6
40.62	10
40.64	5
40.66	2
40.68	1
40.7	2
40.72	7
40.74	8
40.76	11
40.78	10
40.8	6
40.82	8
40.84	8
40.86	8
40.88	5
40.9	2
40.92	2
40.94	7
40.96	5
40.98	8
41	11
41.02	11
41.04	8
41.06	7
41.08	6
41.1	8
41.12	6
41.14	6
41.16	5
41.18	5
41.2	3
41.22	6
41.24	6
41.26	0
41.28	5
41.3	4
41.32	4
41.34	3
41.36	3
41.38	6
41.4	9
41.42	9
41.44	7
41.46	9
41.48	11
41.5	7
41.52	4
41.54	10
41.56	9
41.58	9
41.6	14
41.62	11
41.64	11
41.66	7
41.68	8
41.7	8
41.72	5
41.74	4
41.76	6
41.78	7
41.8	4
41.82	8
41.84	11
41.86	5
41.88	4
41.9	2
41.92	10
41.94	7
41.96	12
41.98	11
42	4
42.02	1
42.04	5
42.06	8
42.08	7
42.1	7
42.12	8
42.14	10
42.16	8
42.18	4
42.2	10
42.22	12
42.24	5
42.26	8
42.28	15
42.3	9
42.32	3
42.34	3
42.36	6
42.38	7
42.4	5
42.42	8
42.44	7
42.46	7
42.48	10
42.5	4
42.52	7
42.54	2
42.56	8
42.58	6
42.6	8
42.62	7
42.64	4
42.66	4
42.68	3
42.7	4
42.72	7
42.74	5
42.76	7
42.78	8
42.8	4
42.82	14
42.84	13
42.86	10
42.88	7
42.9	7
42.92	6
42.94	11
42.96	10
42.98	1
43	5
43.02	6
43.04	4
43.06	8
43.08	10
43.1	7
43.12	9
43.14	6
43.16	5
43.18	4
43.2	9
43.22	5
43.24	4
43.26	7
43.28	8
43.3	3
43.32	7
43.34	5
43.36	2
43.38	7
43.4	7
43.42	4
43.44	11
43.46	8
43.48	8
43.5	8
43.52	6
43.54	5
43.56	13
43.58	9
43.6	11
43.62	11
43.64	9
43.66	15
43.68	3
43.7	9
43.72	8
43.74	10
43.76	5
43.78	9
43.8	5
43.82	4
43.84	6
43.86	9
43.88	8
43.9	7
43.92	5
43.94	5
43.96	3
43.98	3
44	6
44.02	7
44.04	6
44.06	6
44.08	7
44.1	10
44.12	8
44.14	9
44.16	7
44.18	6
44.2	5
44.22	8
44.24	5
44.26	4
44.28	5
44.3	4
44.32	10
44.34	3
44.36	5
44.38	10
44.4	9
44.42	9
44.44	5
44.46	5
44.48	5
44.5	8
44.52	8
44.54	10
44.56	9
44.58	6
44.6	5
44.62	4
44.64	11
44.66	9
44.68	10
44.7	10
44.72	2
44.74	1
44.76	11
44.78	8
44.8	6
44.82	4
44.84	5
44.86	3
44.88	8
44.9	8
44.92	7
44.94	13
44.96	16
44.98	5
45	4
45.02	4
45.04	2
45.06	6
45.08	9
45.1	9
45.12	9
45.14	2
45.16	7
45.18	10
45.2	8
45.22	8
45.24	9
45.26	12
45.28	12
45.3	10
45.32	8
45.34	6
45.36	10
45.38	3
45.4	4
45.42	7
45.44	3
45.46	10
45.48	9
45.5	8
45.52	8
45.54	7
45.56	4
45.58	3
45.6	7
45.62	11
45.64	10
45.66	4
45.68	2
45.7	10
45.72	5
45.74	2
45.76	10
45.78	8
45.8	10
45.82	7
45.84	1
45.86	2
45.88	3
45.9	5
45.92	11
45.94	8
45.96	7
45.98	7
46	3
46.02	5
46.04	5
46.06	8
46.08	10
46.1	4
46.12	9
46.14	3
46.16	10
46.18	13
46.2	5
46.22	14
46.24	8
46.26	5
46.28	6
46.3	4
46.32	4
46.34	9
46.36	9
46.38	10
46.4	10
46.42	9
46.44	5
46.46	12
46.48	9
46.5	6
46.52	1
46.54	11
46.56	6
46.58	7
46.6	7
46.62	5
46.64	6
46.66	6
46.68	5
46.7	8
46.72	14
46.74	8
46.76	1
46.78	5
46.8	12
46.82	3
46.84	4
46.86	5
46.88	9
46.9	2
46.92	2
46.94	7
46.96	10
46.98	9
47	8
47.02	3
47.04	2
47.06	8
47.08	8
47.1	9
47.12	7
47.14	6
47.16	4
47.18	11
47.2	11
47.22	5
47.24	7
47.26	7
47.28	10
47.3	5
47.32	3
47.34	5
47.36	5
47.38	4
47.4	13
47.42	16
47.44	6
47.46	4
47.48	10
47.5	6
47.52	11
47.54	9
47.56	5
47.58	4
47.6	3
47.62	8
47.64	10
47.66	5
47.68	4
47.7	8
47.72	4
47.74	5
47.76	6
47.78	6
47.8	5
47.82	9
47.84	9
47.86	6
47.88	5
47.9	7
47.92	9
47.94	4
47.96	8
47.98	8
48	8
48.02	5
48.04	1
48.06	3
48.08	9
48.1	5
48.12	6
48.14	3
48.16	5
48.18	7
48.2	3
48.22	4
48.24	7
48.26	8
48.28	6
48.3	2
48.32	4
48.34	7
48.36	9
48.38	4
48.4	1
48.42	9
48.44	11
48.46	10
48.48	3
48.5	8
48.52	6
48.54	7
48.56	9
48.58	1
48.6	10
48.62	5
48.64	9
48.66	9
48.68	3
48.7	8
48.72	2
48.74	4
48.76	5
48.78	4
48.8	7
48.82	9
48.84	6
48.86	6
48.88	7
48.9	7
48.92	4
48.94	6
48.96	8
48.98	3
49	5
49.02	6
49.04	8
49.06	13
49.08	5
49.1	3
49.12	8
49.14	6
49.16	10
49.18	8
49.2	5
49.22	3
49.24	5
49.26	5
49.28	12
49.3	7
49.32	5
49.34	5
49.36	8
49.38	9
49.4	3
49.42	5
49.44	3
49.46	6
49.48	6
49.5	10
49.52	6
49.54	3
49.56	5
49.58	6
49.6	5
49.62	4
49.64	4
49.66	3
49.68	5
49.7	1
49.72	7
49.74	6
49.76	3
49.78	10
49.8	6
49.82	7
49.84	5
49.86	6
49.88	13
49.9	9
49.92	3
49.94	8
49.96	11
49.98	8
50	7
50.02	3
50.04	6
50.06	9
50.08	11
50.1	9
50.12	7
50.14	3
50.16	6
50.18	13
50.2	11
50.22	8
50.24	12
50.26	9
50.28	6
50.3	5
50.32	2
50.34	5
50.36	9
50.38	12
50.4	8
50.42	7
50.44	3
50.46	5
50.48	1
50.5	2
50.52	5
50.54	7
50.56	4
50.58	14
50.6	14
50.62	6
50.64	5
50.66	6
50.68	5
50.7	5
50.72	9
50.74	1
50.76	2
50.78	9
50.8	6
50.82	6
50.84	10
50.86	7
50.88	4
50.9	4
50.92	6
50.94	7
50.96	6
50.98	6
51	7
51.02	8
51.04	14
51.06	5
51.08	5
51.1	14
51.12	9
51.14	8
51.16	7
51.18	11
51.2	10
51.22	3
51.24	3
51.26	9
51.28	5
51.3	6
51.32	6
51.34	8
51.36	5
51.38	5
51.4	4
51.42	4
51.44	2
51.46	5
51.48	6
51.5	4
51.52	9
51.54	5
51.56	7
51.58	8
51.6	6
51.62	9
51.64	3
51.66	9
51.68	7
51.7	8
51.72	8
51.74	9
51.76	7
51.78	4
51.8	7
51.82	9
51.84	0
51.86	1
51.88	5
51.9	2
51.92	4
51.94	3
51.96	6
51.98	6
52	6
52.02	7
52.04	2
52.06	4
52.08	4
52.1	6
52.12	1
52.14	3
52.16	7
52.18	5
52.2	5
52.22	4
52.24	3
52.26	5
52.28	8
52.3	10
52.32	7
52.34	3
52.36	5
52.38	6
52.4	6
52.42	4
52.44	8
52.46	11
52.48	10
52.5	7
52.52	3
52.54	3
52.56	4
52.58	7
52.6	6
52.62	11
52.64	6
52.66	3
52.68	3
52.7	2
52.72	6
52.74	3
52.76	3
52.78	2
52.8	2
52.82	3
52.84	3
52.86	4
52.88	2
52.9	1
52.92	7
52.94	13
52.96	6
52.98	2
53	4
53.02	4
53.04	9
53.06	4
53.08	7
53.1	3
53.12	4
53.14	4
53.16	9
53.18	6
53.2	1
53.22	7
53.24	5
53.26	3
53.28	5
53.3	3
53.32	5
53.34	4
53.36	7
53.38	10
53.4	13
53.42	9
53.44	8
53.46	8
53.48	5
53.5	4
53.52	8
53.54	11
53.56	7
53.58	5
53.6	5
53.62	11
53.64	5
53.66	4
53.68	7
53.7	5
53.72	5
53.74	8
53.76	7
53.78	10
53.8	10
53.82	6
53.84	12
53.86	7
53.88	13
53.9	8
53.92	3
53.94	0
53.96	5
53.98	9
54	6
54.02	9
54.04	4
54.06	2
54.08	3
54.1	5
54.12	7
54.14	6
54.16	4
54.18	4
54.2	5
54.22	7
54.24	5
54.26	8
54.28	2
54.3	3
54.32	6
54.34	6
54.36	2
54.38	3
54.4	0
54.42	3
54.44	3
54.46	1
54.48	7
54.5	6
54.52	6
54.54	3
54.56	6
54.58	8
54.6	3
54.62	9
54.64	7
54.66	4
54.68	6
54.7	7
54.72	5
54.74	10
54.76	7
54.78	8
54.8	4
54.82	4
54.84	6
54.86	6
54.88	3
54.9	2
54.92	3
54.94	5
54.96	5
54.98	5
55	3
55.02	8
55.04	6
55.06	7
55.08	9
55.1	4
55.12	6
55.14	6
55.16	5
55.18	7
55.2	6
55.22	5
55.24	4
55.26	5
55.28	5
55.3	4
55.32	15
55.34	8
55.36	8
55.38	8
55.4	7
55.42	4
55.44	6
55.46	6
55.48	8
55.5	2
55.52	6
55.54	5
55.56	5
55.58	4
55.6	2
55.62	4
55.64	4
55.66	8
55.68	4
55.7	6
55.72	7
55.74	6
55.76	5
55.78	8
55.8	8
55.82	9
55.84	7
55.86	11
55.88	4
55.9	7
55.92	5
55.94	9
55.96	8
55.98	5
56	3
56.02	5
56.04	5
56.06	5
56.08	8
56.1	7
56.12	5
56.14	2
56.16	4
56.18	5
56.2	7
56.22	6
56.24	7
56.26	4
56.28	7
56.3	4
56.32	4
56.34	6
56.36	7
56.38	7
56.4	4
56.42	9
56.44	6
56.46	4
56.48	5
56.5	3
56.52	4
56.54	6
56.56	7
56.58	6
56.6	8
56.62	6
56.64	2
56.66	6
56.68	8
56.7	8
56.72	4
56.74	7
56.76	4
56.78	2
56.8	2
56.82	4
56.84	7
56.86	6
56.88	3
56.9	10
56.92	8
56.94	10
56.96	5
56.98	1
57	4
57.02	5
57.04	3
57.06	5
57.08	5
57.1	9
57.12	8
57.14	8
57.16	7
57.18	11
57.2	11
57.22	7
57.24	7
57.26	0
57.28	7
57.3	10
57.32	9
57.34	7
57.36	6
57.38	1
57.4	3
57.42	4
57.44	4
57.46	3
57.48	3
57.5	5
57.52	3
57.54	7
57.56	5
57.58	5
57.6	7
57.62	5
57.64	3
57.66	4
57.68	0
57.7	3
57.72	3
57.74	3
57.76	4
57.78	1
57.8	5
57.82	8
57.84	4
57.86	4
57.88	6
57.9	6
57.92	9
57.94	4
57.96	2
57.98	7
58	5
58.02	1
58.04	5
58.06	7
58.08	1
58.1	5
58.12	5
58.14	12
58.16	10
58.18	7
58.2	6
58.22	6
58.24	5
58.26	7
58.28	5
58.3	8
58.32	9
58.34	14
58.36	7
58.38	7
58.4	3
58.42	4
58.44	5
58.46	4
58.48	4
58.5	6
58.52	5
58.54	3
58.56	1
58.58	7
58.6	3
58.62	6
58.64	4
58.66	4
58.68	5
58.7	5
58.72	11
58.74	8
58.76	4
58.78	2
58.8	3
58.82	4
58.84	5
58.86	5
58.88	2
58.9	2
58.92	6
58.94	7
58.96	6
58.98	7
59	2
59.02	2
59.04	7
59.06	4
59.08	5
59.1	9
59.12	7
59.14	4
59.16	11
59.18	6
59.2	6
59.22	4
59.24	1
59.26	4
59.28	4
59.3	5
59.32	6
59.34	7
59.36	1
59.38	4
59.4	8
59.42	6
59.44	4
59.46	2
59.48	2
59.5	3
59.52	5
59.54	7
59.56	3
59.58	3
59.6	2
59.62	5
59.64	3
59.66	3
59.68	5
59.7	5
59.72	3
59.74	9
59.76	14
59.78	4
59.8	3
59.82	8
59.84	1
59.86	3
59.88	9
59.9	6
59.92	3
59.94	8
59.96	6
59.98	7
60	7
60.02	6
60.04	7
60.06	7
60.08	6
60.1	4
60.12	6
60.14	4
60.16	8
60.18	4
60.2	2
60.22	7
60.24	4
60.26	2
60.28	2
60.3	7
60.32	11
60.34	10
60.36	7
60.38	3
60.4	5
60.42	6
60.44	4
60.46	3
60.48	5
60.5	5
60.52	1
60.54	4
60.56	8
60.58	5
60.6	2
60.62	1
60.64	4
60.66	2
60.68	5
60.7	5
60.72	0
60.74	2
60.76	5
60.78	9
60.8	7
60.82	4
60.84	6
60.86	6
60.88	6
60.9	4
60.92	2
60.94	1
60.96	3
60.98	3
61	8
61.02	10
61.04	7
61.06	5
61.08	1
61.1	5
61.12	1
61.14	4
61.16	3
61.18	7
61.2	4
61.22	2
61.24	5
61.26	4
61.28	9
61.3	8
61.32	3
61.34	3
61.36	5
61.38	3
61.4	3
61.42	5
61.44	6
61.46	4
61.48	9
61.5	4
61.52	4
61.54	4
61.56	2
61.58	5
61.6	6
61.62	2
61.64	5
61.66	3
61.68	5
61.7	2
61.72	1
61.74	1
61.76	2
61.78	2
61.8	7
61.82	5
61.84	6
61.86	6
61.88	5
61.9	11
61.92	3
61.94	0
61.96	4
61.98	4
62	7
62.02	7
62.04	6
62.06	4
62.08	2
62.1	6
62.12	2
62.14	4
62.16	5
62.18	3
62.2	2
62.22	4
62.24	3
62.26	6
62.28	6
62.3	9
62.32	7
62.34	4
62.36	3
62.38	1
62.4	9
62.42	8
62.44	2
62.46	4
62.48	7
62.5	6
62.52	3
62.54	3
62.56	4
62.58	5
62.6	5
62.62	4
62.64	3
62.66	1
62.68	3
62.7	6
62.72	4
62.74	4
62.76	6
62.78	4
62.8	5
62.82	4
62.84	4
62.86	4
62.88	6
62.9	9
62.92	4
62.94	2
62.96	3
62.98	3
63	6
63.02	4
63.04	6
63.06	7
63.08	9
63.1	7
63.12	5
63.14	4
63.16	4
63.18	5
63.2	5
63.22	4
63.24	7
63.26	5
63.28	3
63.3	2
63.32	8
63.34	8
63.36	6
63.38	2
63.4	1
63.42	4
63.44	5
63.46	5
63.48	8
63.5	2
63.52	5
63.54	9
63.56	2
63.58	5
63.6	7
63.62	1
63.64	4
63.66	8
63.68	6
63.7	5
63.72	5
63.74	3
63.76	2
63.78	3
63.8	6
63.82	5
63.84	3
63.86	3
63.88	6
63.9	7
63.92	2
63.94	4
63.96	4
63.98	4
64	8
64.02	6
64.04	2
64.06	9
64.08	4
64.1	7
64.12	4
64.14	3
64.16	5
64.18	8
64.2	8
64.22	5
64.24	3
64.26	1
64.28	3
64.3	2
64.32	5
64.34	6
64.36	4
64.38	2
64.4	3
64.42	6
64.44	9
64.46	8
64.48	5
64.5	3
64.52	9
64.54	9
64.56	5
64.58	3
64.6	8
64.62	8
64.64	6
64.66	3
64.68	4
64.7	4
64.72	3
64.74	5
64.76	3
64.78	5
64.8	6
64.82	7
64.84	9
64.86	4
64.88	6
64.9	1
64.92	2
64.94	4
64.96	3
64.98	3
65	3
65.02	4
65.04	7
65.06	2
65.08	0
65.1	1
65.12	4
65.14	3
65.16	0
65.18	3
65.2	3
65.22	9
65.24	4
65.26	2
65.28	4
65.3	1
65.32	3
65.34	3
65.36	4
65.38	4
65.4	4
65.42	7
65.44	5
65.46	4
65.48	3
65.5	5
65.52	5
65.54	5
65.56	5
65.58	1
65.6	6
65.62	5
65.64	1
65.66	1
65.68	2
65.7	3
65.72	4
65.74	3
65.76	3
65.78	3
65.8	2
65.82	5
65.84	4
65.86	2
65.88	8
65.9	3
65.92	4
65.94	2
65.96	3
65.98	3
66	2
66.02	5
66.04	3
66.06	7
66.08	7
66.1	7
66.12	7
66.14	5
66.16	5
66.18	5
66.2	4
66.22	3
66.24	2
66.26	11
66.28	13
66.3	4
66.32	2
66.34	2
66.36	5
66.38	5
66.4	2
66.42	4
66.44	3
66.46	5
66.48	1
66.5	3
66.52	7
66.54	5
66.56	4
66.58	0
66.6	8
66.62	7
66.64	6
66.66	3
66.68	4
66.7	2
66.72	3
66.74	1
66.76	4
66.78	5
66.8	5
66.82	6
66.84	1
66.86	5
66.88	4
66.9	5
66.92	3
66.94	2
66.96	6
66.98	8
67	3
67.02	4
67.04	5
67.06	2
67.08	5
67.1	5
67.12	8
67.14	4
67.16	5
67.18	11
67.2	24
67.22	2
67.24	4
67.26	3
67.28	4
67.3	10
67.32	7
67.34	6
67.36	4
67.38	6
67.4	8
67.42	2
67.44	5
67.46	4
67.48	7
67.5	4
67.52	3
67.54	3
67.56	3
67.58	2
67.6	7
67.62	4
67.64	8
67.66	8
67.68	6
67.7	7
67.72	7
67.74	5
67.76	3
67.78	2
67.8	3
67.82	6
67.84	6
67.86	6
67.88	4
67.9	2
67.92	6
67.94	7
67.96	8
67.98	3
68	2
68.02	2
68.04	3
68.06	8
68.08	8
68.1	4
68.12	3
68.14	6
68.16	3
68.18	7
68.2	5
68.22	2
68.24	4
68.26	2
68.28	4
68.3	5
68.32	9
68.34	4
68.36	2
68.38	8
68.4	4
68.42	3
68.44	3
68.46	3
68.48	4
68.5	5
68.52	7
68.54	2
68.56	6
68.58	8
68.6	4
68.62	7
68.64	4
68.66	3
68.68	4
68.7	5
68.72	5
68.74	2
68.76	1
68.78	0
68.8	1
68.82	3
68.84	4
68.86	2
68.88	4
68.9	4
68.92	7
68.94	5
68.96	3
68.98	3
69	5
69.02	9
69.04	6
69.06	5
69.08	6
69.1	2
69.12	1
69.14	3
69.16	2
69.18	5
69.2	8
69.22	7
69.24	2
69.26	8
69.28	6
69.3	3
69.32	0
69.34	0
69.36	2
69.38	1
69.4	6
69.42	7
69.44	4
69.46	6
69.48	6
69.5	5
69.52	5
69.54	4
69.56	8
69.58	8
69.6	5
69.62	2
69.64	6
69.66	6
69.68	4
69.7	3
69.72	2
69.74	6
69.76	7
69.78	8
69.8	3
69.82	1
69.84	5
69.86	4
69.88	8
69.9	7
69.92	4
69.94	4
69.96	2
69.98	2
70	3
70.02	5
70.04	6
70.06	6
70.08	4
70.1	6
70.12	5
70.14	4
70.16	9
70.18	7
70.2	6
70.22	5
70.24	3
70.26	8
70.28	7
70.3	2
70.32	2
70.34	6
70.36	10
70.38	6
70.4	3
70.42	2
70.44	5
70.46	2
70.48	1
70.5	2
70.52	6
70.54	3
70.56	1
70.58	1
70.6	6
70.62	7
70.64	7
70.66	7
70.68	6
70.7	3
70.72	7
70.74	5
70.76	8
70.78	11
70.8	3
70.82	3
70.84	3
70.86	7
70.88	4
70.9	6
70.92	3
70.94	4
70.96	2
70.98	0
71	1
71.02	4
71.04	5
71.06	4
71.08	5
71.1	5
71.12	3
71.14	1
71.16	2
71.18	1
71.2	0
71.22	3
71.24	5
71.26	7
71.28	7
71.3	4
71.32	2
71.34	2
71.36	3
71.38	4
71.4	6
71.42	3
71.44	4
71.46	5
71.48	3
71.5	3
71.52	5
71.54	1
71.56	8
71.58	3
71.6	2
71.62	0
71.64	6
71.66	5
71.68	9
71.7	5
71.72	9
71.74	5
71.76	2
71.78	5
71.8	5
71.82	5
71.84	2
71.86	3
71.88	6
71.9	0
71.92	6
71.94	6
71.96	6
71.98	13
72	12
72.02	3
72.04	2
72.06	0
72.08	3
72.1	1
72.12	5
72.14	5
72.16	4
72.18	7
72.2	5
72.22	4
72.24	2
72.26	5
72.28	1
72.3	2
72.32	4
72.34	5
72.36	2
72.38	3
72.4	10
72.42	6
72.44	3
72.46	2
72.48	3
72.5	4
72.52	3
72.54	4
72.56	3
72.58	4
72.6	7
72.62	0
72.64	2
72.66	8
72.68	6
72.7	4
72.72	2
72.74	3
72.76	2
72.78	4
72.8	5
72.82	2
72.84	0
72.86	4
72.88	3
72.9	3
72.92	6
72.94	9
72.96	6
72.98	6
73	1
73.02	2
73.04	1
73.06	2
73.08	3
73.1	3
73.12	3
73.14	1
73.16	4
73.18	4
73.2	3
73.22	5
73.24	3
73.26	5
73.28	6
73.3	5
73.32	1
73.34	5
73.36	8
73.38	4
73.4	3
73.42	5
73.44	2
73.46	3
73.48	5
73.5	1
73.52	4
73.54	2
73.56	2
73.58	4
73.6	4
73.62	4
73.64	3
73.66	1
73.68	2
73.7	2
73.72	3
73.74	3
73.76	5
73.78	6
73.8	9
73.82	6
73.84	7
73.86	7
73.88	4
73.9	7
73.92	4
73.94	5
73.96	2
73.98	1
74	0
74.02	0
74.04	3
74.06	1
74.08	1
74.1	1
74.12	4
74.14	3
74.16	4
74.18	4
74.2	5
74.22	5
74.24	6
74.26	2
74.28	5
74.3	3
74.32	6
74.34	4
74.36	4
74.38	13
74.4	5
74.42	7
74.44	5
74.46	4
74.48	10
74.5	3
74.52	3
74.54	1
74.56	1
74.58	5
74.6	4
74.62	4
74.64	0
74.66	7
74.68	3
74.7	3
74.72	1
74.74	5
74.76	2
74.78	5
74.8	5
74.82	7
74.84	2
74.86	7
74.88	3
74.9	1
74.92	4
74.94	2
74.96	4
74.98	3
