Counter Settings:
Falling Edge
Disc Threshold [V]	-0.301514
Dwell time [s]	2.000000E-8
Number of channels	3750
Number of Scans	25000

D2
v 1
J 2
29.7V 3.23A
Au 789C
Knnew  C
Kn  e-2mbar (base 1.5e-2)
x=35mm y=35.5mm z=512mm
D2/RGA 9.5e-11 torr (base 8e-12)
500: 9.5e-9 mbar
100: 1.5e-9 mbar
FFR heater 4.0A 1.33V
extra heater 3.0A 0.5V
Extractor: -30V
Lens: -1200V
MCP: -2100V
Laser Position	207.499085

Laser Power [mJ]	0.931362
Time [µs]	Counts
0	40475
0.02	15482
0.04	253
0.06	89
0.08	133
0.1	60
0.12	26
0.14	10
0.16	16
0.18	25
0.2	24
0.22	29
0.24	41
0.26	50
0.28	67
0.3	60
0.32	58
0.34	41
0.36	58
0.38	82
0.4	94
0.42	102
0.44	92
0.46	59
0.48	64
0.5	68
0.52	67
0.54	51
0.56	53
0.58	52
0.6	51
0.62	55
0.64	75
0.66	87
0.68	69
0.7	66
0.72	79
0.74	75
0.76	111
0.78	155
0.8	188
0.82	204
0.84	217
0.86	197
0.88	233
0.9	247
0.92	282
0.94	292
0.96	371
0.98	410
1	459
1.02	592
1.04	672
1.06	728
1.08	736
1.1	624
1.12	516
1.14	371
1.16	277
1.18	221
1.2	204
1.22	159
1.24	174
1.26	169
1.28	167
1.3	144
1.32	149
1.34	126
1.36	134
1.38	172
1.4	146
1.42	113
1.44	95
1.46	86
1.48	86
1.5	67
1.52	62
1.54	73
1.56	69
1.58	46
1.6	51
1.62	48
1.64	44
1.66	43
1.68	41
1.7	32
1.72	27
1.74	24
1.76	23
1.78	22
1.8	23
1.82	28
1.84	37
1.86	35
1.88	31
1.9	24
1.92	14
1.94	30
1.96	37
1.98	32
2	30
2.02	28
2.04	34
2.06	35
2.08	43
2.1	58
2.12	37
2.14	36
2.16	26
2.18	32
2.2	38
2.22	43
2.24	36
2.26	23
2.28	28
2.3	18
2.32	32
2.34	36
2.36	24
2.38	19
2.4	20
2.42	23
2.44	24
2.46	26
2.48	27
2.5	19
2.52	22
2.54	19
2.56	23
2.58	20
2.6	18
2.62	19
2.64	20
2.66	25
2.68	20
2.7	26
2.72	21
2.74	16
2.76	17
2.78	14
2.8	15
2.82	12
2.84	13
2.86	11
2.88	11
2.9	18
2.92	17
2.94	19
2.96	13
2.98	21
3	21
3.02	17
3.04	11
3.06	13
3.08	21
3.1	16
3.12	20
3.14	16
3.16	16
3.18	14
3.2	19
3.22	28
3.24	20
3.26	21
3.28	13
3.3	15
3.32	7
3.34	14
3.36	22
3.38	14
3.4	12
3.42	18
3.44	19
3.46	12
3.48	16
3.5	19
3.52	15
3.54	7
3.56	20
3.58	17
3.6	8
3.62	10
3.64	12
3.66	13
3.68	12
3.7	10
3.72	16
3.74	17
3.76	12
3.78	17
3.8	15
3.82	17
3.84	17
3.86	15
3.88	13
3.9	14
3.92	17
3.94	14
3.96	6
3.98	22
4	24
4.02	20
4.04	17
4.06	20
4.08	28
4.1	23
4.12	17
4.14	17
4.16	20
4.18	19
4.2	23
4.22	29
4.24	18
4.26	24
4.28	18
4.3	12
4.32	14
4.34	19
4.36	22
4.38	14
4.4	20
4.42	13
4.44	16
4.46	15
4.48	17
4.5	15
4.52	15
4.54	12
4.56	17
4.58	15
4.6	18
4.62	16
4.64	36
4.66	22
4.68	29
4.7	18
4.72	16
4.74	14
4.76	14
4.78	17
4.8	21
4.82	19
4.84	18
4.86	21
4.88	19
4.9	16
4.92	16
4.94	18
4.96	25
4.98	20
5	23
5.02	24
5.04	29
5.06	26
5.08	33
5.1	22
5.12	27
5.14	29
5.16	26
5.18	35
5.2	38
5.22	23
5.24	23
5.26	23
5.28	32
5.3	28
5.32	25
5.34	17
5.36	27
5.38	23
5.4	26
5.42	29
5.44	22
5.46	38
5.48	36
5.5	40
5.52	34
5.54	48
5.56	25
5.58	15
5.6	25
5.62	25
5.64	37
5.66	39
5.68	38
5.7	29
5.72	22
5.74	18
5.76	17
5.78	39
5.8	37
5.82	28
5.84	23
5.86	20
5.88	22
5.9	20
5.92	24
5.94	32
5.96	33
5.98	26
6	34
6.02	44
6.04	34
6.06	39
6.08	26
6.1	25
6.12	23
6.14	25
6.16	25
6.18	39
6.2	34
6.22	25
6.24	20
6.26	26
6.28	30
6.3	51
6.32	33
6.34	24
6.36	33
6.38	47
6.4	42
6.42	35
6.44	38
6.46	33
6.48	33
6.5	34
6.52	46
6.54	35
6.56	35
6.58	25
6.6	23
6.62	42
6.64	41
6.66	36
6.68	35
6.7	36
6.72	37
6.74	38
6.76	43
6.78	48
6.8	53
6.82	35
6.84	25
6.86	28
6.88	34
6.9	36
6.92	41
6.94	48
6.96	42
6.98	28
7	36
7.02	34
7.04	44
7.06	41
7.08	39
7.1	36
7.12	35
7.14	61
7.16	43
7.18	30
7.2	26
7.22	46
7.24	39
7.26	36
7.28	37
7.3	31
7.32	37
7.34	39
7.36	26
7.38	32
7.4	35
7.42	38
7.44	57
7.46	48
7.48	34
7.5	36
7.52	41
7.54	41
7.56	46
7.58	38
7.6	32
7.62	28
7.64	36
7.66	42
7.68	31
7.7	35
7.72	41
7.74	45
7.76	51
7.78	45
7.8	33
7.82	47
7.84	44
7.86	45
7.88	40
7.9	43
7.92	58
7.94	67
7.96	45
7.98	31
8	43
8.02	47
8.04	34
8.06	42
8.08	39
8.1	38
8.12	36
8.14	33
8.16	30
8.18	43
8.2	41
8.22	37
8.24	37
8.26	35
8.28	35
8.3	27
8.32	25
8.34	31
8.36	35
8.38	48
8.4	46
8.42	36
8.44	39
8.46	38
8.48	40
8.5	42
8.52	51
8.54	41
8.56	46
8.58	35
8.6	42
8.62	64
8.64	81
8.66	62
8.68	57
8.7	60
8.72	40
8.74	49
8.76	57
8.78	69
8.8	63
8.82	73
8.84	64
8.86	46
8.88	52
8.9	61
8.92	74
8.94	65
8.96	59
8.98	84
9	81
9.02	67
9.04	99
9.06	68
9.08	81
9.1	78
9.12	76
9.14	93
9.16	98
9.18	109
9.2	102
9.22	97
9.24	104
9.26	103
9.28	116
9.3	96
9.32	88
9.34	94
9.36	84
9.38	108
9.4	101
9.42	106
9.44	120
9.46	118
9.48	92
9.5	91
9.52	98
9.54	115
9.56	118
9.58	107
9.6	112
9.62	98
9.64	97
9.66	99
9.68	102
9.7	97
9.72	89
9.74	112
9.76	110
9.78	96
9.8	96
9.82	97
9.84	110
9.86	103
9.88	83
9.9	91
9.92	101
9.94	80
9.96	75
9.98	78
10	83
10.02	92
10.04	88
10.06	92
10.08	88
10.1	62
10.12	68
10.14	72
10.16	61
10.18	59
10.2	63
10.22	60
10.24	73
10.26	66
10.28	83
10.3	67
10.32	56
10.34	52
10.36	60
10.38	62
10.4	60
10.42	70
10.44	66
10.46	56
10.48	55
10.5	64
10.52	51
10.54	62
10.56	52
10.58	56
10.6	54
10.62	51
10.64	41
10.66	61
10.68	57
10.7	39
10.72	45
10.74	44
10.76	54
10.78	46
10.8	46
10.82	47
10.84	50
10.86	44
10.88	51
10.9	43
10.92	39
10.94	43
10.96	29
10.98	43
11	42
11.02	26
11.04	41
11.06	41
11.08	35
11.1	38
11.12	39
11.14	37
11.16	34
11.18	27
11.2	52
11.22	45
11.24	30
11.26	33
11.28	41
11.3	37
11.32	38
11.34	33
11.36	23
11.38	31
11.4	25
11.42	24
11.44	29
11.46	32
11.48	28
11.5	28
11.52	37
11.54	27
11.56	28
11.58	24
11.6	23
11.62	22
11.64	26
11.66	29
11.68	28
11.7	30
11.72	27
11.74	34
11.76	32
11.78	35
11.8	29
11.82	26
11.84	18
11.86	19
11.88	23
11.9	26
11.92	19
11.94	15
11.96	24
11.98	23
12	20
12.02	19
12.04	22
12.06	21
12.08	25
12.1	21
12.12	21
12.14	22
12.16	22
12.18	20
12.2	19
12.22	13
12.24	33
12.26	23
12.28	10
12.3	9
12.32	16
12.34	19
12.36	20
12.38	18
12.4	24
12.42	22
12.44	24
12.46	26
12.48	12
12.5	12
12.52	19
12.54	25
12.56	25
12.58	27
12.6	26
12.62	24
12.64	23
12.66	16
12.68	13
12.7	14
12.72	12
12.74	14
12.76	20
12.78	29
12.8	13
12.82	22
12.84	18
12.86	23
12.88	18
12.9	14
12.92	23
12.94	22
12.96	17
12.98	11
13	9
13.02	7
13.04	21
13.06	27
13.08	17
13.1	13
13.12	13
13.14	16
13.16	20
13.18	24
13.2	18
13.22	11
13.24	14
13.26	18
13.28	15
13.3	19
13.32	15
13.34	21
13.36	15
13.38	12
13.4	14
13.42	23
13.44	17
13.46	12
13.48	19
13.5	18
13.52	12
13.54	18
13.56	15
13.58	21
13.6	12
13.62	9
13.64	14
13.66	22
13.68	13
13.7	13
13.72	18
13.74	20
13.76	16
13.78	17
13.8	14
13.82	19
13.84	20
13.86	16
13.88	20
13.9	12
13.92	23
13.94	20
13.96	18
13.98	14
14	15
14.02	16
14.04	16
14.06	22
14.08	13
14.1	12
14.12	21
14.14	18
14.16	21
14.18	14
14.2	18
14.22	12
14.24	8
14.26	7
14.28	15
14.3	18
14.32	9
14.34	4
14.36	15
14.38	19
14.4	18
14.42	20
14.44	20
14.46	16
14.48	14
14.5	16
14.52	17
14.54	14
14.56	16
14.58	17
14.6	13
14.62	12
14.64	13
14.66	19
14.68	23
14.7	14
14.72	12
14.74	6
14.76	8
14.78	13
14.8	12
14.82	13
14.84	10
14.86	21
14.88	13
14.9	19
14.92	25
14.94	20
14.96	17
14.98	11
15	10
15.02	14
15.04	16
15.06	10
15.08	8
15.1	8
15.12	9
15.14	7
15.16	19
15.18	13
15.2	15
15.22	8
15.24	14
15.26	15
15.28	12
15.3	8
15.32	17
15.34	20
15.36	19
15.38	14
15.4	18
15.42	15
15.44	15
15.46	14
15.48	11
15.5	12
15.52	8
15.54	15
15.56	16
15.58	13
15.6	14
15.62	17
15.64	18
15.66	16
15.68	10
15.7	17
15.72	25
15.74	16
15.76	15
15.78	23
15.8	19
15.82	10
15.84	8
15.86	17
15.88	16
15.9	13
15.92	14
15.94	8
15.96	11
15.98	13
16	18
16.02	9
16.04	11
16.06	11
16.08	9
16.1	6
16.12	13
16.14	17
16.16	17
16.18	18
16.2	14
16.22	12
16.24	18
16.26	19
16.28	22
16.3	25
16.32	19
16.34	18
16.36	12
16.38	19
16.4	16
16.42	13
16.44	14
16.46	18
16.48	8
16.5	2
16.52	11
16.54	11
16.56	19
16.58	18
16.6	11
16.62	14
16.64	20
16.66	18
16.68	11
16.7	9
16.72	27
16.74	20
16.76	14
16.78	10
16.8	16
16.82	25
16.84	17
16.86	15
16.88	20
16.9	12
16.92	11
16.94	11
16.96	15
16.98	15
17	20
17.02	11
17.04	11
17.06	15
17.08	19
17.1	16
17.12	10
17.14	14
17.16	21
17.18	9
17.2	9
17.22	9
17.24	12
17.26	12
17.28	15
17.3	16
17.32	15
17.34	19
17.36	16
17.38	13
17.4	10
17.42	10
17.44	12
17.46	19
17.48	15
17.5	11
17.52	16
17.54	17
17.56	16
17.58	9
17.6	6
17.62	12
17.64	11
17.66	11
17.68	14
17.7	10
17.72	12
17.74	22
17.76	14
17.78	7
17.8	11
17.82	28
17.84	17
17.86	14
17.88	23
17.9	15
17.92	17
17.94	12
17.96	17
17.98	17
18	12
18.02	10
18.04	16
18.06	13
18.08	14
18.1	9
18.12	15
18.14	19
18.16	16
18.18	14
18.2	18
18.22	5
18.24	13
18.26	18
18.28	6
18.3	10
18.32	10
18.34	8
18.36	11
18.38	17
18.4	16
18.42	17
18.44	12
18.46	13
18.48	16
18.5	12
18.52	15
18.54	18
18.56	23
18.58	9
18.6	9
18.62	15
18.64	15
18.66	6
18.68	12
18.7	11
18.72	18
18.74	25
18.76	14
18.78	10
18.8	14
18.82	10
18.84	15
18.86	11
18.88	25
18.9	18
18.92	18
18.94	20
18.96	15
18.98	13
19	19
19.02	18
19.04	22
19.06	13
19.08	13
19.1	16
19.12	11
19.14	12
19.16	18
19.18	12
19.2	20
19.22	17
19.24	9
19.26	14
19.28	21
19.3	11
19.32	9
19.34	7
19.36	5
19.38	11
19.4	11
19.42	18
19.44	18
19.46	26
19.48	12
19.5	9
19.52	10
19.54	14
19.56	16
19.58	20
19.6	6
19.62	11
19.64	6
19.66	13
19.68	23
19.7	18
19.72	20
19.74	15
19.76	12
19.78	8
19.8	13
19.82	10
19.84	13
19.86	14
19.88	13
19.9	8
19.92	16
19.94	10
19.96	10
19.98	15
20	30
20.02	16
20.04	16
20.06	12
20.08	18
20.1	9
20.12	16
20.14	16
20.16	13
20.18	17
20.2	8
20.22	4
20.24	10
20.26	16
20.28	11
20.3	23
20.32	9
20.34	8
20.36	7
20.38	14
20.4	16
20.42	19
20.44	11
20.46	6
20.48	19
20.5	15
20.52	12
20.54	15
20.56	21
20.58	16
20.6	19
20.62	18
20.64	19
20.66	15
20.68	11
20.7	10
20.72	15
20.74	15
20.76	14
20.78	17
20.8	14
20.82	8
20.84	14
20.86	21
20.88	19
20.9	20
20.92	13
20.94	15
20.96	23
20.98	23
21	25
21.02	16
21.04	18
21.06	21
21.08	13
21.1	16
21.12	13
21.14	11
21.16	14
21.18	11
21.2	22
21.22	12
21.24	10
21.26	9
21.28	11
21.3	13
21.32	16
21.34	18
21.36	11
21.38	7
21.4	11
21.42	14
21.44	15
21.46	5
21.48	14
21.5	13
21.52	12
21.54	9
21.56	10
21.58	11
21.6	13
21.62	20
21.64	11
21.66	9
21.68	6
21.7	9
21.72	11
21.74	12
21.76	12
21.78	11
21.8	19
21.82	24
21.84	15
21.86	12
21.88	16
21.9	17
21.92	15
21.94	9
21.96	18
21.98	20
22	17
22.02	16
22.04	5
22.06	11
22.08	13
22.1	7
22.12	13
22.14	8
22.16	8
22.18	8
22.2	8
22.22	12
22.24	13
22.26	14
22.28	12
22.3	16
22.32	18
22.34	16
22.36	14
22.38	5
22.4	16
22.42	18
22.44	13
22.46	11
22.48	23
22.5	23
22.52	21
22.54	21
22.56	15
22.58	11
22.6	14
22.62	16
22.64	17
22.66	5
22.68	11
22.7	11
22.72	13
22.74	9
22.76	11
22.78	14
22.8	22
22.82	9
22.84	15
22.86	24
22.88	30
22.9	22
22.92	17
22.94	10
22.96	14
22.98	5
23	7
23.02	13
23.04	11
23.06	11
23.08	12
23.1	21
23.12	19
23.14	14
23.16	11
23.18	8
23.2	7
23.22	15
23.24	10
23.26	15
23.28	9
23.3	14
23.32	12
23.34	14
23.36	15
23.38	18
23.4	17
23.42	12
23.44	6
23.46	11
23.48	10
23.5	6
23.52	10
23.54	12
23.56	22
23.58	17
23.6	12
23.62	11
23.64	8
23.66	14
23.68	19
23.7	11
23.72	15
23.74	11
23.76	17
23.78	12
23.8	19
23.82	13
23.84	11
23.86	9
23.88	17
23.9	15
23.92	13
23.94	10
23.96	15
23.98	11
24	12
24.02	14
24.04	19
24.06	18
24.08	14
24.1	13
24.12	11
24.14	9
24.16	6
24.18	9
24.2	17
24.22	12
24.24	12
24.26	6
24.28	8
24.3	17
24.32	19
24.34	13
24.36	6
24.38	5
24.4	13
24.42	14
24.44	11
24.46	12
24.48	12
24.5	14
24.52	13
24.54	9
24.56	7
24.58	19
24.6	16
24.62	8
24.64	11
24.66	8
24.68	10
24.7	12
24.72	12
24.74	12
24.76	15
24.78	17
24.8	10
24.82	18
24.84	19
24.86	9
24.88	13
24.9	11
24.92	14
24.94	17
24.96	10
24.98	5
25	12
25.02	14
25.04	15
25.06	5
25.08	12
25.1	22
25.12	20
25.14	21
25.16	21
25.18	12
25.2	14
25.22	11
25.24	8
25.26	14
25.28	18
25.3	16
25.32	10
25.34	18
25.36	13
25.38	19
25.4	24
25.42	14
25.44	13
25.46	9
25.48	11
25.5	14
25.52	11
25.54	7
25.56	11
25.58	19
25.6	13
25.62	18
25.64	14
25.66	16
25.68	19
25.7	19
25.72	14
25.74	11
25.76	5
25.78	10
25.8	13
25.82	14
25.84	12
25.86	9
25.88	11
25.9	10
25.92	10
25.94	9
25.96	15
25.98	17
26	9
26.02	9
26.04	10
26.06	8
26.08	8
26.1	6
26.12	25
26.14	27
26.16	23
26.18	12
26.2	11
26.22	16
26.24	13
26.26	15
26.28	8
26.3	6
26.32	13
26.34	19
26.36	10
26.38	9
26.4	16
26.42	9
26.44	8
26.46	12
26.48	13
26.5	19
26.52	16
26.54	13
26.56	16
26.58	15
26.6	15
26.62	13
26.64	8
26.66	3
26.68	4
26.7	4
26.72	6
26.74	10
26.76	17
26.78	13
26.8	16
26.82	17
26.84	10
26.86	9
26.88	10
26.9	8
26.92	6
26.94	9
26.96	14
26.98	14
27	15
27.02	18
27.04	18
27.06	14
27.08	12
27.1	13
27.12	15
27.14	16
27.16	14
27.18	6
27.2	10
27.22	10
27.24	17
27.26	17
27.28	17
27.3	12
27.32	22
27.34	10
27.36	8
27.38	16
27.4	15
27.42	9
27.44	9
27.46	20
27.48	11
27.5	11
27.52	9
27.54	12
27.56	14
27.58	8
27.6	10
27.62	12
27.64	4
27.66	8
27.68	11
27.7	6
27.72	4
27.74	6
27.76	11
27.78	8
27.8	12
27.82	13
27.84	17
27.86	22
27.88	16
27.9	10
27.92	9
27.94	19
27.96	19
27.98	15
28	10
28.02	10
28.04	10
28.06	12
28.08	15
28.1	12
28.12	7
28.14	11
28.16	16
28.18	15
28.2	14
28.22	21
28.24	21
28.26	19
28.28	12
28.3	9
28.32	22
28.34	16
28.36	19
28.38	10
28.4	12
28.42	13
28.44	9
28.46	7
28.48	18
28.5	23
28.52	23
28.54	19
28.56	18
28.58	20
28.6	17
28.62	12
28.64	5
28.66	16
28.68	16
28.7	11
28.72	11
28.74	10
28.76	10
28.78	14
28.8	10
28.82	7
28.84	28
28.86	12
28.88	13
28.9	9
28.92	12
28.94	15
28.96	12
28.98	6
29	8
29.02	6
29.04	11
29.06	10
29.08	13
29.1	7
29.12	8
29.14	13
29.16	13
29.18	8
29.2	8
29.22	11
29.24	10
29.26	8
29.28	16
29.3	10
29.32	9
29.34	7
29.36	13
29.38	11
29.4	14
29.42	13
29.44	9
29.46	15
29.48	13
29.5	14
29.52	11
29.54	8
29.56	5
29.58	11
29.6	8
29.62	15
29.64	11
29.66	13
29.68	15
29.7	13
29.72	13
29.74	12
29.76	10
29.78	19
29.8	8
29.82	5
29.84	7
29.86	10
29.88	8
29.9	7
29.92	8
29.94	5
29.96	7
29.98	13
30	18
30.02	22
30.04	17
30.06	8
30.08	5
30.1	11
30.12	9
30.14	12
30.16	10
30.18	11
30.2	6
30.22	13
30.24	13
30.26	12
30.28	12
30.3	16
30.32	17
30.34	12
30.36	12
30.38	10
30.4	10
30.42	13
30.44	19
30.46	7
30.48	9
30.5	10
30.52	10
30.54	13
30.56	14
30.58	14
30.6	11
30.62	13
30.64	19
30.66	11
30.68	10
30.7	16
30.72	16
30.74	8
30.76	11
30.78	15
30.8	18
30.82	17
30.84	13
30.86	13
30.88	12
30.9	15
30.92	19
30.94	19
30.96	10
30.98	10
31	14
31.02	10
31.04	12
31.06	10
31.08	13
31.1	16
31.12	17
31.14	7
31.16	9
31.18	13
31.2	15
31.22	12
31.24	11
31.26	13
31.28	11
31.3	10
31.32	14
31.34	17
31.36	18
31.38	15
31.4	10
31.42	7
31.44	16
31.46	13
31.48	10
31.5	12
31.52	14
31.54	14
31.56	12
31.58	10
31.6	19
31.62	12
31.64	8
31.66	15
31.68	14
31.7	11
31.72	10
31.74	13
31.76	14
31.78	10
31.8	8
31.82	6
31.84	6
31.86	13
31.88	12
31.9	14
31.92	12
31.94	14
31.96	15
31.98	16
32	16
32.02	19
32.04	7
32.06	5
32.08	8
32.1	8
32.12	6
32.14	8
32.16	17
32.18	11
32.2	7
32.22	12
32.24	11
32.26	13
32.28	11
32.3	11
32.32	10
32.34	9
32.36	14
32.38	12
32.4	13
32.42	10
32.44	12
32.46	10
32.48	13
32.5	14
32.52	11
32.54	12
32.56	19
32.58	17
32.6	11
32.62	10
32.64	7
32.66	8
32.68	14
32.7	14
32.72	15
32.74	19
32.76	12
32.78	6
32.8	15
32.82	17
32.84	13
32.86	11
32.88	17
32.9	12
32.92	15
32.94	12
32.96	9
32.98	11
33	8
33.02	12
33.04	14
33.06	10
33.08	7
33.1	9
33.12	11
33.14	8
33.16	12
33.18	11
33.2	15
33.22	10
33.24	19
33.26	14
33.28	21
33.3	18
33.32	26
33.34	13
33.36	11
33.38	17
33.4	14
33.42	16
33.44	10
33.46	13
33.48	19
33.5	14
33.52	16
33.54	14
33.56	10
33.58	12
33.6	11
33.62	8
33.64	11
33.66	8
33.68	11
33.7	13
33.72	7
33.74	15
33.76	16
33.78	8
33.8	6
33.82	8
33.84	10
33.86	12
33.88	9
33.9	11
33.92	12
33.94	8
33.96	11
33.98	8
34	8
34.02	17
34.04	15
34.06	16
34.08	7
34.1	16
34.12	14
34.14	13
34.16	13
34.18	6
34.2	9
34.22	4
34.24	6
34.26	16
34.28	13
34.3	6
34.32	5
34.34	11
34.36	14
34.38	13
34.4	11
34.42	8
34.44	10
34.46	13
34.48	9
34.5	8
34.52	11
34.54	9
34.56	20
34.58	15
34.6	9
34.62	11
34.64	11
34.66	8
34.68	3
34.7	4
34.72	18
34.74	8
34.76	16
34.78	16
34.8	10
34.82	12
34.84	14
34.86	15
34.88	24
34.9	7
34.92	8
34.94	8
34.96	9
34.98	10
35	9
35.02	15
35.04	12
35.06	9
35.08	14
35.1	15
35.12	11
35.14	14
35.16	15
35.18	16
35.2	10
35.22	9
35.24	5
35.26	11
35.28	7
35.3	5
35.32	9
35.34	6
35.36	4
35.38	7
35.4	15
35.42	9
35.44	11
35.46	9
35.48	11
35.5	17
35.52	13
35.54	17
35.56	11
35.58	13
35.6	11
35.62	8
35.64	12
35.66	9
35.68	7
35.7	7
35.72	14
35.74	20
35.76	17
35.78	10
35.8	8
35.82	11
35.84	12
35.86	13
35.88	16
35.9	15
35.92	19
35.94	17
35.96	11
35.98	4
36	6
36.02	15
36.04	11
36.06	5
36.08	5
36.1	6
36.12	14
36.14	12
36.16	13
36.18	8
36.2	11
36.22	16
36.24	16
36.26	11
36.28	10
36.3	14
36.32	21
36.34	7
36.36	9
36.38	6
36.4	11
36.42	9
36.44	15
36.46	9
36.48	9
36.5	6
36.52	6
36.54	8
36.56	11
36.58	13
36.6	15
36.62	10
36.64	7
36.66	13
36.68	18
36.7	12
36.72	9
36.74	6
36.76	12
36.78	16
36.8	17
36.82	16
36.84	15
36.86	8
36.88	8
36.9	16
36.92	9
36.94	8
36.96	11
36.98	6
37	14
37.02	8
37.04	16
37.06	9
37.08	18
37.1	19
37.12	15
37.14	13
37.16	19
37.18	9
37.2	12
37.22	10
37.24	14
37.26	14
37.28	14
37.3	13
37.32	9
37.34	9
37.36	9
37.38	8
37.4	20
37.42	15
37.44	17
37.46	21
37.48	16
37.5	15
37.52	16
37.54	22
37.56	13
37.58	11
37.6	12
37.62	12
37.64	7
37.66	13
37.68	16
37.7	13
37.72	6
37.74	6
37.76	17
37.78	19
37.8	14
37.82	5
37.84	5
37.86	14
37.88	12
37.9	11
37.92	13
37.94	11
37.96	18
37.98	18
38	4
38.02	6
38.04	10
38.06	9
38.08	11
38.1	11
38.12	9
38.14	9
38.16	11
38.18	7
38.2	14
38.22	11
38.24	10
38.26	12
38.28	11
38.3	18
38.32	11
38.34	10
38.36	15
38.38	11
38.4	11
38.42	6
38.44	3
38.46	10
38.48	17
38.5	18
38.52	19
38.54	18
38.56	9
38.58	15
38.6	8
38.62	10
38.64	17
38.66	17
38.68	11
38.7	13
38.72	9
38.74	8
38.76	11
38.78	14
38.8	5
38.82	12
38.84	12
38.86	13
38.88	13
38.9	10
38.92	13
38.94	6
38.96	4
38.98	14
39	14
39.02	10
39.04	9
39.06	8
39.08	10
39.1	10
39.12	13
39.14	9
39.16	11
39.18	11
39.2	24
39.22	9
39.24	12
39.26	15
39.28	17
39.3	5
39.32	4
39.34	10
39.36	15
39.38	17
39.4	16
39.42	10
39.44	14
39.46	10
39.48	9
39.5	6
39.52	7
39.54	9
39.56	7
39.58	15
39.6	9
39.62	7
39.64	8
39.66	5
39.68	7
39.7	13
39.72	14
39.74	9
39.76	15
39.78	10
39.8	14
39.82	14
39.84	7
39.86	10
39.88	9
39.9	10
39.92	11
39.94	10
39.96	17
39.98	16
40	8
40.02	8
40.04	3
40.06	8
40.08	16
40.1	9
40.12	7
40.14	6
40.16	11
40.18	15
40.2	16
40.22	11
40.24	9
40.26	7
40.28	11
40.3	13
40.32	15
40.34	9
40.36	13
40.38	14
40.4	7
40.42	13
40.44	25
40.46	14
40.48	24
40.5	13
40.52	7
40.54	7
40.56	9
40.58	16
40.6	9
40.62	10
40.64	14
40.66	6
40.68	5
40.7	7
40.72	9
40.74	8
40.76	19
40.78	12
40.8	10
40.82	8
40.84	9
40.86	9
40.88	10
40.9	11
40.92	7
40.94	14
40.96	13
40.98	10
41	15
41.02	18
41.04	12
41.06	15
41.08	10
41.1	11
41.12	15
41.14	14
41.16	8
41.18	8
41.2	12
41.22	13
41.24	8
41.26	11
41.28	15
41.3	13
41.32	17
41.34	8
41.36	16
41.38	9
41.4	12
41.42	20
41.44	19
41.46	8
41.48	18
41.5	10
41.52	10
41.54	8
41.56	7
41.58	19
41.6	15
41.62	15
41.64	17
41.66	10
41.68	12
41.7	11
41.72	15
41.74	9
41.76	11
41.78	11
41.8	9
41.82	10
41.84	19
41.86	16
41.88	14
41.9	13
41.92	12
41.94	17
41.96	12
41.98	9
42	8
42.02	13
42.04	7
42.06	5
42.08	12
42.1	17
42.12	9
42.14	11
42.16	12
42.18	8
42.2	19
42.22	12
42.24	19
42.26	13
42.28	9
42.3	21
42.32	19
42.34	12
42.36	33
42.38	8
42.4	12
42.42	11
42.44	13
42.46	15
42.48	10
42.5	20
42.52	14
42.54	16
42.56	6
42.58	6
42.6	9
42.62	17
42.64	11
42.66	8
42.68	7
42.7	11
42.72	8
42.74	11
42.76	6
42.78	16
42.8	12
42.82	10
42.84	22
42.86	10
42.88	10
42.9	11
42.92	12
42.94	8
42.96	14
42.98	12
43	8
43.02	16
43.04	17
43.06	13
43.08	14
43.1	15
43.12	8
43.14	10
43.16	13
43.18	14
43.2	12
43.22	22
43.24	15
43.26	9
43.28	16
43.3	8
43.32	9
43.34	16
43.36	13
43.38	13
43.4	8
43.42	12
43.44	20
43.46	12
43.48	14
43.5	12
43.52	7
43.54	7
43.56	10
43.58	14
43.6	11
43.62	11
43.64	6
43.66	11
43.68	12
43.7	10
43.72	8
43.74	14
43.76	15
43.78	8
43.8	8
43.82	17
43.84	14
43.86	11
43.88	11
43.9	16
43.92	6
43.94	8
43.96	11
43.98	7
44	13
44.02	10
44.04	10
44.06	8
44.08	6
44.1	5
44.12	9
44.14	12
44.16	16
44.18	14
44.2	17
44.22	16
44.24	11
44.26	10
44.28	12
44.3	14
44.32	12
44.34	10
44.36	10
44.38	8
44.4	7
44.42	8
44.44	22
44.46	11
44.48	15
44.5	14
44.52	28
44.54	13
44.56	8
44.58	3
44.6	15
44.62	12
44.64	8
44.66	11
44.68	7
44.7	9
44.72	10
44.74	16
44.76	15
44.78	7
44.8	16
44.82	9
44.84	11
44.86	7
44.88	11
44.9	13
44.92	15
44.94	13
44.96	12
44.98	9
45	18
45.02	15
45.04	12
45.06	16
45.08	15
45.1	10
45.12	6
45.14	17
45.16	13
45.18	13
45.2	15
45.22	10
45.24	12
45.26	13
45.28	10
45.3	5
45.32	12
45.34	8
45.36	7
45.38	11
45.4	10
45.42	16
45.44	12
45.46	13
45.48	4
45.5	7
45.52	18
45.54	16
45.56	11
45.58	16
45.6	9
45.62	15
45.64	12
45.66	8
45.68	9
45.7	13
45.72	15
45.74	8
45.76	13
45.78	9
45.8	9
45.82	4
45.84	6
45.86	10
45.88	6
45.9	3
45.92	7
45.94	8
45.96	15
45.98	14
46	14
46.02	13
46.04	14
46.06	9
46.08	5
46.1	9
46.12	4
46.14	8
46.16	12
46.18	8
46.2	11
46.22	10
46.24	14
46.26	14
46.28	18
46.3	15
46.32	13
46.34	12
46.36	9
46.38	8
46.4	10
46.42	15
46.44	9
46.46	5
46.48	4
46.5	5
46.52	6
46.54	15
46.56	13
46.58	9
46.6	12
46.62	15
46.64	11
46.66	5
46.68	7
46.7	10
46.72	10
46.74	6
46.76	18
46.78	12
46.8	9
46.82	4
46.84	10
46.86	8
46.88	10
46.9	9
46.92	20
46.94	8
46.96	15
46.98	8
47	10
47.02	11
47.04	19
47.06	5
47.08	8
47.1	5
47.12	10
47.14	16
47.16	17
47.18	11
47.2	11
47.22	14
47.24	19
47.26	18
47.28	16
47.3	14
47.32	7
47.34	3
47.36	5
47.38	7
47.4	11
47.42	14
47.44	13
47.46	17
47.48	6
47.5	5
47.52	11
47.54	8
47.56	12
47.58	18
47.6	20
47.62	10
47.64	17
47.66	14
47.68	12
47.7	10
47.72	1
47.74	7
47.76	16
47.78	11
47.8	19
47.82	9
47.84	15
47.86	12
47.88	18
47.9	15
47.92	15
47.94	15
47.96	12
47.98	6
48	7
48.02	8
48.04	9
48.06	9
48.08	12
48.1	14
48.12	14
48.14	11
48.16	11
48.18	10
48.2	9
48.22	18
48.24	16
48.26	12
48.28	9
48.3	10
48.32	6
48.34	9
48.36	11
48.38	9
48.4	16
48.42	12
48.44	9
48.46	9
48.48	7
48.5	8
48.52	8
48.54	11
48.56	11
48.58	5
48.6	8
48.62	13
48.64	10
48.66	7
48.68	6
48.7	10
48.72	10
48.74	8
48.76	15
48.78	13
48.8	14
48.82	14
48.84	5
48.86	9
48.88	7
48.9	17
48.92	13
48.94	13
48.96	20
48.98	14
49	5
49.02	13
49.04	10
49.06	12
49.08	12
49.1	10
49.12	14
49.14	9
49.16	10
49.18	12
49.2	10
49.22	6
49.24	7
49.26	15
49.28	16
49.3	11
49.32	6
49.34	12
49.36	9
49.38	8
49.4	10
49.42	7
49.44	6
49.46	14
49.48	6
49.5	3
49.52	13
49.54	21
49.56	15
49.58	17
49.6	13
49.62	8
49.64	9
49.66	12
49.68	8
49.7	13
49.72	9
49.74	9
49.76	12
49.78	13
49.8	7
49.82	13
49.84	11
49.86	8
49.88	11
49.9	19
49.92	7
49.94	5
49.96	13
49.98	17
50	15
50.02	13
50.04	16
50.06	15
50.08	7
50.1	5
50.12	7
50.14	4
50.16	9
50.18	7
50.2	13
50.22	9
50.24	10
50.26	12
50.28	13
50.3	9
50.32	14
50.34	14
50.36	13
50.38	9
50.4	12
50.42	17
50.44	10
50.46	12
50.48	8
50.5	3
50.52	8
50.54	12
50.56	11
50.58	6
50.6	6
50.62	5
50.64	10
50.66	8
50.68	12
50.7	12
50.72	9
50.74	4
50.76	8
50.78	14
50.8	7
50.82	6
50.84	11
50.86	9
50.88	17
50.9	11
50.92	13
50.94	14
50.96	8
50.98	11
51	9
51.02	6
51.04	7
51.06	7
51.08	6
51.1	11
51.12	14
51.14	14
51.16	25
51.18	13
51.2	10
51.22	12
51.24	7
51.26	9
51.28	13
51.3	4
51.32	10
51.34	8
51.36	14
51.38	3
51.4	6
51.42	10
51.44	8
51.46	10
51.48	11
51.5	11
51.52	14
51.54	16
51.56	9
51.58	7
51.6	8
51.62	8
51.64	5
51.66	13
51.68	11
51.7	11
51.72	13
51.74	12
51.76	13
51.78	18
51.8	19
51.82	14
51.84	11
51.86	13
51.88	12
51.9	8
51.92	7
51.94	13
51.96	9
51.98	11
52	11
52.02	8
52.04	10
52.06	10
52.08	11
52.1	9
52.12	9
52.14	14
52.16	12
52.18	14
52.2	5
52.22	7
52.24	12
52.26	13
52.28	8
52.3	12
52.32	12
52.34	11
52.36	16
52.38	12
52.4	17
52.42	15
52.44	7
52.46	7
52.48	10
52.5	5
52.52	9
52.54	9
52.56	3
52.58	8
52.6	12
52.62	11
52.64	9
52.66	14
52.68	11
52.7	6
52.72	17
52.74	9
52.76	6
52.78	9
52.8	9
52.82	8
52.84	7
52.86	12
52.88	11
52.9	9
52.92	12
52.94	9
52.96	14
52.98	15
53	9
53.02	16
53.04	10
53.06	15
53.08	18
53.1	13
53.12	14
53.14	13
53.16	22
53.18	19
53.2	10
53.22	11
53.24	5
53.26	9
53.28	6
53.3	16
53.32	18
53.34	21
53.36	12
53.38	14
53.4	9
53.42	6
53.44	11
53.46	9
53.48	8
53.5	6
53.52	12
53.54	8
53.56	7
53.58	8
53.6	5
53.62	7
53.64	13
53.66	9
53.68	10
53.7	9
53.72	13
53.74	11
53.76	16
53.78	9
53.8	7
53.82	15
53.84	14
53.86	10
53.88	14
53.9	13
53.92	7
53.94	8
53.96	11
53.98	10
54	9
54.02	13
54.04	21
54.06	13
54.08	14
54.1	11
54.12	11
54.14	9
54.16	14
54.18	13
54.2	10
54.22	13
54.24	9
54.26	10
54.28	9
54.3	15
54.32	7
54.34	16
54.36	14
54.38	9
54.4	8
54.42	8
54.44	11
54.46	14
54.48	12
54.5	14
54.52	8
54.54	10
54.56	31
54.58	12
54.6	12
54.62	12
54.64	15
54.66	15
54.68	14
54.7	22
54.72	12
54.74	15
54.76	7
54.78	12
54.8	17
54.82	11
54.84	19
54.86	13
54.88	9
54.9	10
54.92	9
54.94	13
54.96	15
54.98	9
55	13
55.02	11
55.04	12
55.06	7
55.08	9
55.1	12
55.12	12
55.14	6
55.16	5
55.18	9
55.2	11
55.22	13
55.24	7
55.26	13
55.28	12
55.3	7
55.32	7
55.34	4
55.36	3
55.38	9
55.4	9
55.42	16
55.44	25
55.46	13
55.48	16
55.5	8
55.52	11
55.54	5
55.56	9
55.58	8
55.6	15
55.62	15
55.64	10
55.66	6
55.68	10
55.7	11
55.72	17
55.74	13
55.76	7
55.78	17
55.8	8
55.82	8
55.84	10
55.86	10
55.88	11
55.9	10
55.92	11
55.94	8
55.96	9
55.98	9
56	12
56.02	14
56.04	12
56.06	6
56.08	14
56.1	10
56.12	11
56.14	9
56.16	8
56.18	12
56.2	8
56.22	14
56.24	20
56.26	11
56.28	4
56.3	7
56.32	8
56.34	9
56.36	10
56.38	5
56.4	8
56.42	15
56.44	10
56.46	4
56.48	4
56.5	8
56.52	11
56.54	8
56.56	8
56.58	11
56.6	8
56.62	7
56.64	11
56.66	11
56.68	15
56.7	9
56.72	10
56.74	10
56.76	12
56.78	8
56.8	7
56.82	6
56.84	6
56.86	11
56.88	11
56.9	10
56.92	8
56.94	7
56.96	13
56.98	7
57	11
57.02	8
57.04	8
57.06	17
57.08	15
57.1	13
57.12	14
57.14	11
57.16	7
57.18	11
57.2	7
57.22	12
57.24	8
57.26	6
57.28	5
57.3	7
57.32	14
57.34	9
57.36	11
57.38	14
57.4	12
57.42	12
57.44	8
57.46	7
57.48	13
57.5	17
57.52	9
57.54	5
57.56	9
57.58	12
57.6	9
57.62	12
57.64	11
57.66	6
57.68	8
57.7	6
57.72	4
57.74	2
57.76	10
57.78	9
57.8	17
57.82	9
57.84	15
57.86	14
57.88	13
57.9	9
57.92	11
57.94	6
57.96	14
57.98	17
58	15
58.02	7
58.04	11
58.06	12
58.08	10
58.1	3
58.12	10
58.14	9
58.16	11
58.18	19
58.2	14
58.22	10
58.24	10
58.26	6
58.28	10
58.3	8
58.32	6
58.34	6
58.36	7
58.38	7
58.4	15
58.42	10
58.44	8
58.46	11
58.48	7
58.5	8
58.52	3
58.54	8
58.56	14
58.58	10
58.6	9
58.62	8
58.64	8
58.66	15
58.68	9
58.7	9
58.72	14
58.74	11
58.76	6
58.78	10
58.8	17
58.82	11
58.84	9
58.86	9
58.88	16
58.9	11
58.92	11
58.94	9
58.96	8
58.98	14
59	11
59.02	9
59.04	5
59.06	8
59.08	7
59.1	7
59.12	11
59.14	12
59.16	15
59.18	10
59.2	10
59.22	12
59.24	17
59.26	20
59.28	7
59.3	11
59.32	12
59.34	8
59.36	16
59.38	6
59.4	7
59.42	8
59.44	10
59.46	11
59.48	9
59.5	7
59.52	3
59.54	11
59.56	10
59.58	9
59.6	10
59.62	10
59.64	9
59.66	14
59.68	11
59.7	12
59.72	12
59.74	10
59.76	9
59.78	13
59.8	9
59.82	9
59.84	13
59.86	16
59.88	7
59.9	9
59.92	10
59.94	15
59.96	14
59.98	7
60	6
60.02	14
60.04	10
60.06	10
60.08	15
60.1	10
60.12	11
60.14	7
60.16	10
60.18	10
60.2	8
60.22	3
60.24	11
60.26	9
60.28	8
60.3	13
60.32	12
60.34	11
60.36	12
60.38	11
60.4	8
60.42	11
60.44	7
60.46	13
60.48	11
60.5	9
60.52	8
60.54	11
60.56	14
60.58	13
60.6	7
60.62	10
60.64	11
60.66	13
60.68	3
60.7	9
60.72	8
60.74	12
60.76	9
60.78	6
60.8	13
60.82	9
60.84	9
60.86	13
60.88	14
60.9	15
60.92	9
60.94	5
60.96	13
60.98	13
61	7
61.02	11
61.04	6
61.06	3
61.08	8
61.1	7
61.12	10
61.14	11
61.16	14
61.18	18
61.2	15
61.22	6
61.24	9
61.26	13
61.28	9
61.3	6
61.32	9
61.34	4
61.36	8
61.38	8
61.4	8
61.42	6
61.44	5
61.46	4
61.48	11
61.5	12
61.52	12
61.54	11
61.56	17
61.58	12
61.6	10
61.62	11
61.64	10
61.66	13
61.68	8
61.7	12
61.72	13
61.74	13
61.76	17
61.78	19
61.8	12
61.82	15
61.84	15
61.86	16
61.88	13
61.9	12
61.92	4
61.94	3
61.96	6
61.98	12
62	13
62.02	10
62.04	9
62.06	7
62.08	10
62.1	14
62.12	11
62.14	6
62.16	11
62.18	12
62.2	12
62.22	12
62.24	14
62.26	9
62.28	12
62.3	11
62.32	8
62.34	6
62.36	10
62.38	16
62.4	12
62.42	14
62.44	16
62.46	17
62.48	14
62.5	17
62.52	20
62.54	15
62.56	7
62.58	4
62.6	6
62.62	4
62.64	10
62.66	9
62.68	15
62.7	11
62.72	13
62.74	7
62.76	13
62.78	19
62.8	17
62.82	10
62.84	5
62.86	7
62.88	10
62.9	14
62.92	10
62.94	6
62.96	7
62.98	11
63	8
63.02	5
63.04	8
63.06	11
63.08	8
63.1	10
63.12	7
63.14	4
63.16	10
63.18	14
63.2	13
63.22	8
63.24	13
63.26	10
63.28	17
63.3	12
63.32	6
63.34	7
63.36	5
63.38	14
63.4	7
63.42	9
63.44	9
63.46	13
63.48	10
63.5	13
63.52	10
63.54	13
63.56	15
63.58	10
63.6	8
63.62	12
63.64	10
63.66	8
63.68	11
63.7	18
63.72	11
63.74	9
63.76	7
63.78	11
63.8	9
63.82	7
63.84	10
63.86	13
63.88	10
63.9	10
63.92	11
63.94	6
63.96	15
63.98	10
64	13
64.02	14
64.04	13
64.06	14
64.08	13
64.1	8
64.12	13
64.14	13
64.16	13
64.18	9
64.2	15
64.22	9
64.24	7
64.26	6
64.28	6
64.3	10
64.32	15
64.34	4
64.36	9
64.38	6
64.4	8
64.42	14
64.44	10
64.46	15
64.48	16
64.5	6
64.52	8
64.54	3
64.56	4
64.58	9
64.6	11
64.62	8
64.64	7
64.66	10
64.68	10
64.7	5
64.72	6
64.74	13
64.76	11
64.78	9
64.8	10
64.82	6
64.84	8
64.86	10
64.88	9
64.9	16
64.92	9
64.94	11
64.96	5
64.98	12
65	15
65.02	11
65.04	10
65.06	6
65.08	9
65.1	14
65.12	10
65.14	11
65.16	12
65.18	12
65.2	17
65.22	8
65.24	12
65.26	8
65.28	5
65.3	5
65.32	5
65.34	11
65.36	6
65.38	9
65.4	20
65.42	16
65.44	14
65.46	15
65.48	15
65.5	12
65.52	17
65.54	10
65.56	10
65.58	15
65.6	21
65.62	8
65.64	8
65.66	12
65.68	17
65.7	14
65.72	12
65.74	25
65.76	12
65.78	14
65.8	7
65.82	12
65.84	15
65.86	11
65.88	12
65.9	7
65.92	12
65.94	12
65.96	9
65.98	9
66	5
66.02	13
66.04	8
66.06	9
66.08	15
66.1	11
66.12	8
66.14	5
66.16	8
66.18	6
66.2	4
66.22	5
66.24	12
66.26	8
66.28	12
66.3	8
66.32	9
66.34	13
66.36	7
66.38	4
66.4	9
66.42	12
66.44	6
66.46	6
66.48	6
66.5	7
66.52	8
66.54	7
66.56	10
66.58	8
66.6	12
66.62	12
66.64	9
66.66	9
66.68	9
66.7	17
66.72	9
66.74	8
66.76	10
66.78	12
66.8	13
66.82	12
66.84	10
66.86	10
66.88	12
66.9	9
66.92	10
66.94	17
66.96	9
66.98	6
67	8
67.02	13
67.04	12
67.06	8
67.08	2
67.1	0
67.12	5
67.14	10
67.16	13
67.18	17
67.2	12
67.22	9
67.24	11
67.26	6
67.28	11
67.3	8
67.32	11
67.34	11
67.36	12
67.38	13
67.4	14
67.42	11
67.44	10
67.46	6
67.48	7
67.5	16
67.52	9
67.54	8
67.56	11
67.58	12
67.6	16
67.62	9
67.64	10
67.66	7
67.68	4
67.7	8
67.72	7
67.74	5
67.76	8
67.78	6
67.8	8
67.82	4
67.84	12
67.86	15
67.88	15
67.9	10
67.92	10
67.94	11
67.96	13
67.98	14
68	18
68.02	18
68.04	20
68.06	12
68.08	11
68.1	16
68.12	14
68.14	11
68.16	18
68.18	5
68.2	11
68.22	8
68.24	9
68.26	8
68.28	7
68.3	6
68.32	14
68.34	14
68.36	6
68.38	8
68.4	10
68.42	5
68.44	5
68.46	5
68.48	11
68.5	9
68.52	10
68.54	14
68.56	12
68.58	21
68.6	6
68.62	9
68.64	16
68.66	11
68.68	14
68.7	8
68.72	11
68.74	18
68.76	10
68.78	9
68.8	10
68.82	4
68.84	12
68.86	6
68.88	8
68.9	3
68.92	9
68.94	12
68.96	11
68.98	13
69	9
69.02	3
69.04	7
69.06	10
69.08	7
69.1	10
69.12	8
69.14	10
69.16	8
69.18	10
69.2	14
69.22	11
69.24	8
69.26	13
69.28	10
69.3	8
69.32	10
69.34	7
69.36	15
69.38	18
69.4	9
69.42	13
69.44	11
69.46	11
69.48	12
69.5	8
69.52	3
69.54	5
69.56	10
69.58	14
69.6	10
69.62	14
69.64	9
69.66	9
69.68	10
69.7	14
69.72	9
69.74	16
69.76	8
69.78	7
69.8	12
69.82	8
69.84	12
69.86	15
69.88	11
69.9	5
69.92	10
69.94	16
69.96	9
69.98	4
70	3
70.02	6
70.04	10
70.06	12
70.08	14
70.1	11
70.12	7
70.14	3
70.16	7
70.18	7
70.2	11
70.22	14
70.24	8
70.26	10
70.28	9
70.3	8
70.32	16
70.34	21
70.36	14
70.38	5
70.4	5
70.42	7
70.44	8
70.46	11
70.48	10
70.5	8
70.52	12
70.54	12
70.56	8
70.58	8
70.6	10
70.62	4
70.64	11
70.66	10
70.68	2
70.7	12
70.72	10
70.74	6
70.76	12
70.78	19
70.8	7
70.82	5
70.84	8
70.86	6
70.88	13
70.9	15
70.92	10
70.94	15
70.96	7
70.98	7
71	17
71.02	10
71.04	15
71.06	9
71.08	9
71.1	15
71.12	10
71.14	13
71.16	10
71.18	11
71.2	8
71.22	9
71.24	10
71.26	8
71.28	7
71.3	12
71.32	5
71.34	6
71.36	10
71.38	7
71.4	10
71.42	5
71.44	12
71.46	10
71.48	15
71.5	14
71.52	7
71.54	7
71.56	13
71.58	12
71.6	10
71.62	14
71.64	14
71.66	8
71.68	10
71.7	12
71.72	9
71.74	10
71.76	9
71.78	9
71.8	8
71.82	13
71.84	6
71.86	7
71.88	3
71.9	10
71.92	8
71.94	10
71.96	10
71.98	12
72	13
72.02	17
72.04	14
72.06	8
72.08	12
72.1	11
72.12	8
72.14	11
72.16	5
72.18	9
72.2	9
72.22	11
72.24	10
72.26	15
72.28	9
72.3	13
72.32	8
72.34	11
72.36	8
72.38	12
72.4	8
72.42	9
72.44	6
72.46	11
72.48	6
72.5	9
72.52	9
72.54	8
72.56	11
72.58	10
72.6	8
72.62	15
72.64	15
72.66	17
72.68	12
72.7	18
72.72	7
72.74	4
72.76	7
72.78	7
72.8	9
72.82	14
72.84	11
72.86	8
72.88	11
72.9	8
72.92	5
72.94	5
72.96	2
72.98	7
73	14
73.02	11
73.04	8
73.06	6
73.08	7
73.1	7
73.12	12
73.14	11
73.16	7
73.18	6
73.2	13
73.22	10
73.24	10
73.26	10
73.28	8
73.3	3
73.32	10
73.34	7
73.36	13
73.38	10
73.4	12
73.42	12
73.44	6
73.46	8
73.48	11
73.5	17
73.52	9
73.54	6
73.56	6
73.58	4
73.6	4
73.62	5
73.64	6
73.66	10
73.68	9
73.7	18
73.72	10
73.74	14
73.76	9
73.78	9
73.8	9
73.82	6
73.84	11
73.86	13
73.88	7
73.9	17
73.92	13
73.94	9
73.96	7
73.98	11
74	13
74.02	14
74.04	6
74.06	4
74.08	7
74.1	7
74.12	14
74.14	15
74.16	8
74.18	12
74.2	15
74.22	22
74.24	13
74.26	13
74.28	13
74.3	8
74.32	20
74.34	8
74.36	14
74.38	16
74.4	11
74.42	10
74.44	3
74.46	5
74.48	11
74.5	9
74.52	4
74.54	10
74.56	11
74.58	13
74.6	11
74.62	13
74.64	12
74.66	11
74.68	1
74.7	7
74.72	14
74.74	6
74.76	9
74.78	12
74.8	6
74.82	4
74.84	6
74.86	6
74.88	10
74.9	7
74.92	8
74.94	4
74.96	19
74.98	9
