Counter Settings:
Falling Edge
Disc Threshold [V]	-0.301514
Dwell time [s]	2.000000E-8
Number of channels	3750
Number of Scans	25000

D2
v 1
J 2
29.7V 3.23A
Au 789C
Knnew  C
Kn  e-2mbar (base 1.5e-2)
x=35mm y=35.5mm z=512mm
D2/RGA 9.5e-11 torr (base 8e-12)
500: 9.5e-9 mbar
100: 1.5e-9 mbar
FFR heater 4.0A 1.33V
extra heater 3.0A 0.5V
Extractor: -30V
Lens: -1200V
MCP: -2100V
Laser Position	207.519054

Laser Power [mJ]	0.836422
Time [µs]	Counts
0	39545
0.02	15766
0.04	265
0.06	77
0.08	112
0.1	51
0.12	22
0.14	14
0.16	13
0.18	18
0.2	24
0.22	26
0.24	35
0.26	49
0.28	82
0.3	67
0.32	69
0.34	50
0.36	71
0.38	78
0.4	71
0.42	67
0.44	51
0.46	50
0.48	53
0.5	46
0.52	43
0.54	45
0.56	40
0.58	30
0.6	28
0.62	39
0.64	54
0.66	58
0.68	59
0.7	55
0.72	59
0.74	89
0.76	95
0.78	132
0.8	158
0.82	164
0.84	167
0.86	187
0.88	185
0.9	230
0.92	252
0.94	305
0.96	354
0.98	367
1	453
1.02	490
1.04	599
1.06	679
1.08	622
1.1	488
1.12	411
1.14	297
1.16	221
1.18	203
1.2	171
1.22	164
1.24	138
1.26	132
1.28	130
1.3	134
1.32	149
1.34	127
1.36	125
1.38	128
1.4	109
1.42	110
1.44	96
1.46	93
1.48	90
1.5	70
1.52	58
1.54	46
1.56	60
1.58	38
1.6	39
1.62	29
1.64	24
1.66	30
1.68	23
1.7	25
1.72	33
1.74	17
1.76	12
1.78	17
1.8	27
1.82	24
1.84	20
1.86	23
1.88	24
1.9	17
1.92	15
1.94	20
1.96	25
1.98	30
2	28
2.02	37
2.04	24
2.06	24
2.08	32
2.1	29
2.12	22
2.14	26
2.16	30
2.18	20
2.2	29
2.22	24
2.24	35
2.26	21
2.28	23
2.3	22
2.32	13
2.34	13
2.36	15
2.38	18
2.4	20
2.42	21
2.44	23
2.46	16
2.48	21
2.5	17
2.52	16
2.54	14
2.56	10
2.58	13
2.6	10
2.62	10
2.64	8
2.66	7
2.68	12
2.7	10
2.72	11
2.74	10
2.76	8
2.78	10
2.8	12
2.82	25
2.84	20
2.86	15
2.88	11
2.9	13
2.92	5
2.94	11
2.96	8
2.98	11
3	6
3.02	4
3.04	8
3.06	11
3.08	13
3.1	10
3.12	14
3.14	15
3.16	5
3.18	4
3.2	8
3.22	10
3.24	10
3.26	6
3.28	7
3.3	9
3.32	12
3.34	10
3.36	10
3.38	5
3.4	6
3.42	8
3.44	8
3.46	7
3.48	7
3.5	5
3.52	5
3.54	9
3.56	13
3.58	11
3.6	7
3.62	8
3.64	5
3.66	11
3.68	9
3.7	4
3.72	5
3.74	5
3.76	5
3.78	10
3.8	14
3.82	12
3.84	6
3.86	6
3.88	5
3.9	7
3.92	11
3.94	7
3.96	6
3.98	9
4	11
4.02	11
4.04	16
4.06	12
4.08	15
4.1	16
4.12	12
4.14	8
4.16	14
4.18	14
4.2	23
4.22	16
4.24	10
4.26	15
4.28	13
4.3	8
4.32	8
4.34	10
4.36	16
4.38	16
4.4	15
4.42	16
4.44	16
4.46	17
4.48	22
4.5	10
4.52	12
4.54	13
4.56	12
4.58	7
4.6	16
4.62	21
4.64	18
4.66	12
4.68	12
4.7	12
4.72	12
4.74	11
4.76	6
4.78	6
4.8	10
4.82	20
4.84	16
4.86	16
4.88	10
4.9	16
4.92	13
4.94	11
4.96	23
4.98	22
5	12
5.02	17
5.04	13
5.06	18
5.08	15
5.1	21
5.12	32
5.14	29
5.16	26
5.18	22
5.2	10
5.22	26
5.24	28
5.26	21
5.28	30
5.3	26
5.32	23
5.34	23
5.36	26
5.38	14
5.4	22
5.42	33
5.44	24
5.46	17
5.48	21
5.5	31
5.52	28
5.54	22
5.56	26
5.58	25
5.6	24
5.62	22
5.64	21
5.66	28
5.68	34
5.7	25
5.72	25
5.74	25
5.76	30
5.78	16
5.8	17
5.82	25
5.84	20
5.86	17
5.88	19
5.9	23
5.92	20
5.94	22
5.96	22
5.98	18
6	21
6.02	24
6.04	20
6.06	15
6.08	19
6.1	32
6.12	29
6.14	25
6.16	25
6.18	28
6.2	25
6.22	31
6.24	31
6.26	27
6.28	24
6.3	29
6.32	23
6.34	21
6.36	29
6.38	22
6.4	13
6.42	15
6.44	20
6.46	22
6.48	22
6.5	19
6.52	26
6.54	31
6.56	26
6.58	28
6.6	27
6.62	30
6.64	28
6.66	24
6.68	34
6.7	35
6.72	39
6.74	33
6.76	28
6.78	33
6.8	36
6.82	23
6.84	26
6.86	27
6.88	27
6.9	44
6.92	51
6.94	41
6.96	35
6.98	38
7	23
7.02	21
7.04	29
7.06	27
7.08	30
7.1	32
7.12	31
7.14	21
7.16	20
7.18	14
7.2	27
7.22	30
7.24	23
7.26	32
7.28	30
7.3	23
7.32	49
7.34	23
7.36	24
7.38	26
7.4	29
7.42	32
7.44	43
7.46	39
7.48	33
7.5	31
7.52	19
7.54	21
7.56	26
7.58	35
7.6	38
7.62	33
7.64	33
7.66	36
7.68	25
7.7	17
7.72	34
7.74	40
7.76	41
7.78	30
7.8	26
7.82	30
7.84	38
7.86	35
7.88	51
7.9	37
7.92	29
7.94	25
7.96	25
7.98	36
8	32
8.02	26
8.04	23
8.06	33
8.08	39
8.1	38
8.12	43
8.14	35
8.16	17
8.18	17
8.2	20
8.22	27
8.24	33
8.26	33
8.28	34
8.3	28
8.32	16
8.34	23
8.36	29
8.38	33
8.4	21
8.42	21
8.44	19
8.46	20
8.48	23
8.5	22
8.52	30
8.54	24
8.56	20
8.58	9
8.6	22
8.62	24
8.64	25
8.66	24
8.68	30
8.7	27
8.72	24
8.74	34
8.76	33
8.78	27
8.8	20
8.82	18
8.84	16
8.86	21
8.88	30
8.9	13
8.92	21
8.94	30
8.96	35
8.98	26
9	17
9.02	19
9.04	25
9.06	16
9.08	17
9.1	20
9.12	19
9.14	23
9.16	26
9.18	22
9.2	21
9.22	11
9.24	10
9.26	22
9.28	24
9.3	21
9.32	18
9.34	17
9.36	22
9.38	13
9.4	20
9.42	17
9.44	14
9.46	20
9.48	20
9.5	23
9.52	28
9.54	22
9.56	18
9.58	17
9.6	23
9.62	20
9.64	27
9.66	24
9.68	13
9.7	15
9.72	12
9.74	21
9.76	20
9.78	14
9.8	17
9.82	25
9.84	24
9.86	10
9.88	12
9.9	20
9.92	9
9.94	5
9.96	12
9.98	14
10	12
10.02	17
10.04	22
10.06	15
10.08	19
10.1	18
10.12	9
10.14	11
10.16	8
10.18	4
10.2	12
10.22	14
10.24	11
10.26	15
10.28	14
10.3	14
10.32	12
10.34	17
10.36	10
10.38	11
10.4	8
10.42	22
10.44	17
10.46	11
10.48	11
10.5	12
10.52	8
10.54	9
10.56	9
10.58	13
10.6	6
10.62	6
10.64	13
10.66	12
10.68	13
10.7	17
10.72	17
10.74	3
10.76	5
10.78	7
10.8	11
10.82	13
10.84	12
10.86	9
10.88	13
10.9	16
10.92	30
10.94	17
10.96	9
10.98	9
11	10
11.02	9
11.04	8
11.06	17
11.08	12
11.1	8
11.12	13
11.14	14
11.16	11
11.18	11
11.2	6
11.22	9
11.24	12
11.26	11
11.28	12
11.3	6
11.32	5
11.34	11
11.36	9
11.38	11
11.4	8
11.42	11
11.44	11
11.46	7
11.48	10
11.5	10
11.52	15
11.54	15
11.56	18
11.58	19
11.6	16
11.62	9
11.64	12
11.66	17
11.68	11
11.7	10
11.72	9
11.74	7
11.76	10
11.78	10
11.8	8
11.82	9
11.84	8
11.86	4
11.88	4
11.9	8
11.92	2
11.94	8
11.96	9
11.98	10
12	9
12.02	9
12.04	11
12.06	8
12.08	6
12.1	4
12.12	5
12.14	10
12.16	11
12.18	11
12.2	11
12.22	7
12.24	9
12.26	8
12.28	10
12.3	7
12.32	7
12.34	8
12.36	9
12.38	8
12.4	10
12.42	14
12.44	10
12.46	8
12.48	14
12.5	11
12.52	11
12.54	11
12.56	8
12.58	5
12.6	5
12.62	7
12.64	15
12.66	9
12.68	11
12.7	10
12.72	7
12.74	6
12.76	7
12.78	12
12.8	11
12.82	10
12.84	4
12.86	10
12.88	9
12.9	9
12.92	5
12.94	9
12.96	10
12.98	10
13	10
13.02	8
13.04	3
13.06	10
13.08	11
13.1	11
13.12	6
13.14	6
13.16	1
13.18	2
13.2	6
13.22	6
13.24	9
13.26	15
13.28	7
13.3	10
13.32	18
13.34	19
13.36	19
13.38	13
13.4	10
13.42	12
13.44	10
13.46	9
13.48	9
13.5	8
13.52	11
13.54	12
13.56	9
13.58	19
13.6	12
13.62	6
13.64	7
13.66	6
13.68	7
13.7	10
13.72	12
13.74	11
13.76	13
13.78	9
13.8	11
13.82	16
13.84	13
13.86	17
13.88	17
13.9	11
13.92	14
13.94	5
13.96	4
13.98	4
14	12
14.02	14
14.04	12
14.06	7
14.08	11
14.1	9
14.12	8
14.14	13
14.16	11
14.18	8
14.2	8
14.22	13
14.24	6
14.26	7
14.28	10
14.3	7
14.32	10
14.34	9
14.36	3
14.38	7
14.4	7
14.42	12
14.44	6
14.46	10
14.48	25
14.5	10
14.52	6
14.54	5
14.56	8
14.58	11
14.6	10
14.62	6
14.64	7
14.66	10
14.68	15
14.7	10
14.72	6
14.74	9
14.76	9
14.78	10
14.8	7
14.82	6
14.84	7
14.86	9
14.88	11
14.9	13
14.92	8
14.94	6
14.96	4
14.98	5
15	9
15.02	10
15.04	10
15.06	6
15.08	14
15.1	6
15.12	6
15.14	10
15.16	10
15.18	7
15.2	7
15.22	8
15.24	8
15.26	14
15.28	10
15.3	11
15.32	12
15.34	14
15.36	13
15.38	5
15.4	8
15.42	9
15.44	15
15.46	13
15.48	8
15.5	5
15.52	6
15.54	9
15.56	8
15.58	11
15.6	9
15.62	4
15.64	9
15.66	15
15.68	19
15.7	7
15.72	4
15.74	8
15.76	9
15.78	10
15.8	12
15.82	7
15.84	9
15.86	12
15.88	4
15.9	10
15.92	7
15.94	5
15.96	6
15.98	3
16	6
16.02	18
16.04	13
16.06	5
16.08	8
16.1	6
16.12	11
16.14	8
16.16	9
16.18	9
16.2	10
16.22	4
16.24	3
16.26	7
16.28	9
16.3	5
16.32	6
16.34	5
16.36	7
16.38	4
16.4	6
16.42	2
16.44	6
16.46	4
16.48	7
16.5	7
16.52	13
16.54	11
16.56	12
16.58	6
16.6	8
16.62	5
16.64	6
16.66	7
16.68	7
16.7	8
16.72	5
16.74	2
16.76	7
16.78	13
16.8	6
16.82	3
16.84	11
16.86	8
16.88	5
16.9	8
16.92	11
16.94	8
16.96	8
16.98	6
17	5
17.02	10
17.04	5
17.06	12
17.08	15
17.1	13
17.12	7
17.14	7
17.16	5
17.18	4
17.2	5
17.22	3
17.24	9
17.26	11
17.28	4
17.3	7
17.32	7
17.34	5
17.36	6
17.38	11
17.4	10
17.42	3
17.44	6
17.46	6
17.48	6
17.5	4
17.52	7
17.54	7
17.56	10
17.58	8
17.6	6
17.62	5
17.64	9
17.66	10
17.68	9
17.7	6
17.72	11
17.74	14
17.76	9
17.78	7
17.8	7
17.82	4
17.84	6
17.86	8
17.88	11
17.9	11
17.92	10
17.94	8
17.96	5
17.98	7
18	9
18.02	5
18.04	5
18.06	5
18.08	6
18.1	11
18.12	9
18.14	7
18.16	7
18.18	8
18.2	14
18.22	9
18.24	8
18.26	8
18.28	6
18.3	10
18.32	8
18.34	8
18.36	6
18.38	6
18.4	5
18.42	8
18.44	11
18.46	11
18.48	12
18.5	11
18.52	8
18.54	10
18.56	5
18.58	16
18.6	10
18.62	8
18.64	5
18.66	4
18.68	8
18.7	9
18.72	6
18.74	7
18.76	15
18.78	13
18.8	12
18.82	14
18.84	13
18.86	8
18.88	8
18.9	10
18.92	12
18.94	13
18.96	4
18.98	15
19	11
19.02	4
19.04	9
19.06	14
19.08	18
19.1	4
19.12	6
19.14	4
19.16	10
19.18	12
19.2	6
19.22	9
19.24	7
19.26	7
19.28	7
19.3	0
19.32	5
19.34	3
19.36	4
19.38	2
19.4	6
19.42	8
19.44	12
19.46	8
19.48	10
19.5	10
19.52	17
19.54	9
19.56	12
19.58	15
19.6	20
19.62	6
19.64	7
19.66	10
19.68	6
19.7	12
19.72	15
19.74	6
19.76	7
19.78	10
19.8	7
19.82	6
19.84	5
19.86	5
19.88	8
19.9	8
19.92	4
19.94	10
19.96	5
19.98	8
20	6
20.02	11
20.04	6
20.06	7
20.08	13
20.1	7
20.12	19
20.14	8
20.16	4
20.18	6
20.2	7
20.22	6
20.24	3
20.26	6
20.28	6
20.3	3
20.32	6
20.34	6
20.36	8
20.38	14
20.4	8
20.42	4
20.44	6
20.46	9
20.48	13
20.5	10
20.52	7
20.54	9
20.56	10
20.58	14
20.6	13
20.62	5
20.64	6
20.66	8
20.68	10
20.7	11
20.72	9
20.74	11
20.76	15
20.78	14
20.8	5
20.82	7
20.84	4
20.86	11
20.88	5
20.9	5
20.92	9
20.94	9
20.96	8
20.98	6
21	7
21.02	10
21.04	10
21.06	3
21.08	11
21.1	17
21.12	9
21.14	13
21.16	13
21.18	7
21.2	2
21.22	10
21.24	12
21.26	13
21.28	7
21.3	10
21.32	15
21.34	9
21.36	4
21.38	6
21.4	7
21.42	4
21.44	13
21.46	11
21.48	4
21.5	6
21.52	5
21.54	6
21.56	7
21.58	14
21.6	11
21.62	14
21.64	14
21.66	8
21.68	8
21.7	8
21.72	3
21.74	8
21.76	7
21.78	10
21.8	13
21.82	5
21.84	7
21.86	8
21.88	2
21.9	6
21.92	8
21.94	6
21.96	7
21.98	9
22	8
22.02	7
22.04	5
22.06	9
22.08	10
22.1	9
22.12	8
22.14	7
22.16	10
22.18	10
22.2	11
22.22	3
22.24	9
22.26	4
22.28	5
22.3	7
22.32	9
22.34	20
22.36	11
22.38	3
22.4	7
22.42	3
22.44	7
22.46	4
22.48	9
22.5	8
22.52	9
22.54	10
22.56	3
22.58	3
22.6	7
22.62	3
22.64	6
22.66	3
22.68	6
22.7	10
22.72	12
22.74	8
22.76	5
22.78	7
22.8	10
22.82	8
22.84	5
22.86	6
22.88	9
22.9	8
22.92	6
22.94	8
22.96	5
22.98	5
23	3
23.02	5
23.04	3
23.06	7
23.08	6
23.1	7
23.12	8
23.14	12
23.16	8
23.18	7
23.2	3
23.22	7
23.24	6
23.26	9
23.28	5
23.3	3
23.32	5
23.34	3
23.36	5
23.38	5
23.4	5
23.42	7
23.44	12
23.46	13
23.48	12
23.5	8
23.52	5
23.54	4
23.56	5
23.58	6
23.6	13
23.62	4
23.64	1
23.66	4
23.68	10
23.7	8
23.72	4
23.74	8
23.76	8
23.78	4
23.8	3
23.82	6
23.84	6
23.86	6
23.88	7
23.9	9
23.92	10
23.94	9
23.96	5
23.98	5
24	7
24.02	7
24.04	14
24.06	8
24.08	6
24.1	7
24.12	8
24.14	7
24.16	7
24.18	11
24.2	2
24.22	10
24.24	10
24.26	11
24.28	12
24.3	7
24.32	5
24.34	6
24.36	3
24.38	6
24.4	7
24.42	9
24.44	10
24.46	14
24.48	9
24.5	12
24.52	9
24.54	7
24.56	8
24.58	5
24.6	4
24.62	6
24.64	10
24.66	6
24.68	6
24.7	7
24.72	5
24.74	5
24.76	4
24.78	3
24.8	8
24.82	7
24.84	7
24.86	13
24.88	11
24.9	7
24.92	8
24.94	8
24.96	10
24.98	3
25	2
25.02	2
25.04	2
25.06	9
25.08	8
25.1	13
25.12	3
25.14	4
25.16	8
25.18	3
25.2	10
25.22	6
25.24	15
25.26	8
25.28	7
25.3	7
25.32	7
25.34	4
25.36	6
25.38	11
25.4	8
25.42	6
25.44	6
25.46	5
25.48	8
25.5	5
25.52	5
25.54	8
25.56	9
25.58	5
25.6	7
25.62	6
25.64	9
25.66	10
25.68	8
25.7	5
25.72	11
25.74	6
25.76	6
25.78	5
25.8	8
25.82	10
25.84	6
25.86	9
25.88	7
25.9	4
25.92	0
25.94	4
25.96	5
25.98	10
26	8
26.02	4
26.04	3
26.06	4
26.08	1
26.1	2
26.12	5
26.14	5
26.16	7
26.18	5
26.2	9
26.22	13
26.24	10
26.26	14
26.28	9
26.3	9
26.32	11
26.34	8
26.36	8
26.38	4
26.4	8
26.42	9
26.44	3
26.46	6
26.48	9
26.5	3
26.52	4
26.54	2
26.56	6
26.58	10
26.6	12
26.62	10
26.64	7
26.66	6
26.68	11
26.7	13
26.72	7
26.74	3
26.76	2
26.78	6
26.8	10
26.82	8
26.84	11
26.86	6
26.88	6
26.9	8
26.92	6
26.94	12
26.96	12
26.98	7
27	8
27.02	12
27.04	8
27.06	6
27.08	11
27.1	8
27.12	7
27.14	9
27.16	6
27.18	4
27.2	9
27.22	7
27.24	4
27.26	5
27.28	7
27.3	8
27.32	8
27.34	5
27.36	9
27.38	11
27.4	5
27.42	7
27.44	9
27.46	8
27.48	10
27.5	13
27.52	10
27.54	5
27.56	7
27.58	3
27.6	4
27.62	4
27.64	6
27.66	4
27.68	5
27.7	6
27.72	8
27.74	7
27.76	6
27.78	11
27.8	10
27.82	5
27.84	11
27.86	6
27.88	6
27.9	8
27.92	3
27.94	8
27.96	9
27.98	6
28	10
28.02	11
28.04	4
28.06	5
28.08	2
28.1	6
28.12	13
28.14	14
28.16	8
28.18	10
28.2	11
28.22	10
28.24	10
28.26	11
28.28	5
28.3	2
28.32	7
28.34	8
28.36	6
28.38	8
28.4	7
28.42	12
28.44	9
28.46	16
28.48	10
28.5	5
28.52	8
28.54	8
28.56	2
28.58	8
28.6	5
28.62	8
28.64	8
28.66	11
28.68	11
28.7	4
28.72	6
28.74	6
28.76	5
28.78	6
28.8	8
28.82	12
28.84	5
28.86	7
28.88	10
28.9	8
28.92	5
28.94	6
28.96	6
28.98	3
29	6
29.02	7
29.04	7
29.06	10
29.08	4
29.1	5
29.12	9
29.14	8
29.16	7
29.18	8
29.2	9
29.22	14
29.24	7
29.26	6
29.28	5
29.3	6
29.32	7
29.34	10
29.36	9
29.38	11
29.4	9
29.42	8
29.44	6
29.46	8
29.48	7
29.5	3
29.52	6
29.54	6
29.56	7
29.58	13
29.6	8
29.62	7
29.64	7
29.66	5
29.68	9
29.7	16
29.72	12
29.74	7
29.76	2
29.78	5
29.8	5
29.82	10
29.84	3
29.86	3
29.88	4
29.9	6
29.92	6
29.94	17
29.96	8
29.98	5
30	6
30.02	11
30.04	6
30.06	5
30.08	4
30.1	8
30.12	7
30.14	9
30.16	8
30.18	3
30.2	6
30.22	7
30.24	2
30.26	5
30.28	8
30.3	10
30.32	7
30.34	11
30.36	10
30.38	8
30.4	9
30.42	9
30.44	9
30.46	6
30.48	3
30.5	12
30.52	6
30.54	7
30.56	10
30.58	5
30.6	9
30.62	9
30.64	8
30.66	4
30.68	5
30.7	10
30.72	11
30.74	10
30.76	6
30.78	13
30.8	7
30.82	8
30.84	10
30.86	6
30.88	10
30.9	12
30.92	9
30.94	7
30.96	15
30.98	8
31	4
31.02	8
31.04	6
31.06	10
31.08	11
31.1	6
31.12	8
31.14	14
31.16	8
31.18	10
31.2	5
31.22	6
31.24	9
31.26	6
31.28	8
31.3	10
31.32	11
31.34	8
31.36	13
31.38	13
31.4	5
31.42	3
31.44	6
31.46	10
31.48	9
31.5	3
31.52	6
31.54	11
31.56	9
31.58	6
31.6	6
31.62	5
31.64	3
31.66	9
31.68	10
31.7	11
31.72	5
31.74	6
31.76	10
31.78	18
31.8	11
31.82	4
31.84	5
31.86	8
31.88	6
31.9	2
31.92	5
31.94	9
31.96	7
31.98	6
32	8
32.02	5
32.04	10
32.06	4
32.08	6
32.1	13
32.12	8
32.14	4
32.16	8
32.18	10
32.2	11
32.22	5
32.24	8
32.26	9
32.28	10
32.3	6
32.32	7
32.34	5
32.36	4
32.38	2
32.4	5
32.42	11
32.44	5
32.46	6
32.48	7
32.5	4
32.52	7
32.54	6
32.56	2
32.58	10
32.6	7
32.62	1
32.64	6
32.66	8
32.68	12
32.7	9
32.72	6
32.74	5
32.76	6
32.78	4
32.8	6
32.82	8
32.84	13
32.86	12
32.88	9
32.9	5
32.92	8
32.94	7
32.96	12
32.98	9
33	7
33.02	2
33.04	7
33.06	12
33.08	6
33.1	6
33.12	10
33.14	10
33.16	10
33.18	12
33.2	11
33.22	5
33.24	6
33.26	16
33.28	10
33.3	4
33.32	10
33.34	10
33.36	3
33.38	6
33.4	8
33.42	3
33.44	4
33.46	3
33.48	1
33.5	4
33.52	11
33.54	10
33.56	6
33.58	3
33.6	8
33.62	5
33.64	11
33.66	7
33.68	3
33.7	5
33.72	21
33.74	4
33.76	3
33.78	7
33.8	6
33.82	6
33.84	5
33.86	4
33.88	12
33.9	5
33.92	3
33.94	10
33.96	9
33.98	9
34	4
34.02	8
34.04	6
34.06	6
34.08	6
34.1	10
34.12	6
34.14	5
34.16	3
34.18	8
34.2	9
34.22	16
34.24	11
34.26	7
34.28	11
34.3	11
34.32	9
34.34	8
34.36	8
34.38	6
34.4	4
34.42	4
34.44	4
34.46	3
34.48	8
34.5	5
34.52	8
34.54	9
34.56	14
34.58	11
34.6	12
34.62	7
34.64	6
34.66	3
34.68	2
34.7	7
34.72	9
34.74	10
34.76	12
34.78	8
34.8	5
34.82	7
34.84	7
34.86	5
34.88	5
34.9	8
34.92	10
34.94	12
34.96	6
34.98	3
35	4
35.02	6
35.04	7
35.06	6
35.08	6
35.1	4
35.12	3
35.14	9
35.16	9
35.18	6
35.2	4
35.22	9
35.24	9
35.26	5
35.28	9
35.3	4
35.32	3
35.34	1
35.36	4
35.38	7
35.4	6
35.42	8
35.44	4
35.46	3
35.48	6
35.5	12
35.52	8
35.54	5
35.56	6
35.58	2
35.6	4
35.62	4
35.64	7
35.66	2
35.68	6
35.7	10
35.72	10
35.74	7
35.76	8
35.78	5
35.8	4
35.82	8
35.84	7
35.86	7
35.88	7
35.9	7
35.92	12
35.94	10
35.96	10
35.98	9
36	7
36.02	8
36.04	10
36.06	7
36.08	13
36.1	11
36.12	4
36.14	6
36.16	7
36.18	6
36.2	4
36.22	9
36.24	13
36.26	4
36.28	9
36.3	7
36.32	4
36.34	6
36.36	2
36.38	8
36.4	6
36.42	10
36.44	5
36.46	5
36.48	8
36.5	6
36.52	8
36.54	6
36.56	9
36.58	7
36.6	6
36.62	5
36.64	6
36.66	9
36.68	6
36.7	4
36.72	4
36.74	7
36.76	4
36.78	3
36.8	6
36.82	9
36.84	6
36.86	8
36.88	6
36.9	4
36.92	13
36.94	11
36.96	9
36.98	12
37	8
37.02	2
37.04	2
37.06	9
37.08	11
37.1	11
37.12	8
37.14	10
37.16	8
37.18	10
37.2	6
37.22	12
37.24	7
37.26	12
37.28	12
37.3	11
37.32	6
37.34	5
37.36	14
37.38	4
37.4	8
37.42	4
37.44	6
37.46	6
37.48	5
37.5	6
37.52	7
37.54	11
37.56	9
37.58	11
37.6	3
37.62	7
37.64	16
37.66	12
37.68	5
37.7	7
37.72	9
37.74	8
37.76	5
37.78	5
37.8	6
37.82	8
37.84	11
37.86	8
37.88	8
37.9	3
37.92	4
37.94	7
37.96	7
37.98	7
38	5
38.02	9
38.04	6
38.06	6
38.08	4
38.1	7
38.12	0
38.14	2
38.16	6
38.18	8
38.2	10
38.22	8
38.24	8
38.26	2
38.28	10
38.3	5
38.32	3
38.34	2
38.36	2
38.38	7
38.4	4
38.42	7
38.44	7
38.46	2
38.48	6
38.5	4
38.52	4
38.54	10
38.56	7
38.58	6
38.6	8
38.62	7
38.64	6
38.66	6
38.68	5
38.7	7
38.72	5
38.74	1
38.76	4
38.78	4
38.8	7
38.82	8
38.84	4
38.86	8
38.88	5
38.9	9
38.92	11
38.94	6
38.96	7
38.98	6
39	11
39.02	5
39.04	7
39.06	5
39.08	3
39.1	6
39.12	6
39.14	9
39.16	8
39.18	5
39.2	7
39.22	6
39.24	6
39.26	4
39.28	6
39.3	17
39.32	17
39.34	7
39.36	8
39.38	11
39.4	11
39.42	7
39.44	4
39.46	2
39.48	2
39.5	3
39.52	6
39.54	6
39.56	6
39.58	5
39.6	8
39.62	6
39.64	1
39.66	8
39.68	10
39.7	7
39.72	3
39.74	6
39.76	5
39.78	6
39.8	11
39.82	7
39.84	5
39.86	6
39.88	8
39.9	4
39.92	6
39.94	10
39.96	14
39.98	5
40	8
40.02	5
40.04	5
40.06	9
40.08	13
40.1	13
40.12	7
40.14	5
40.16	9
40.18	8
40.2	1
40.22	6
40.24	6
40.26	12
40.28	9
40.3	6
40.32	6
40.34	7
40.36	5
40.38	8
40.4	6
40.42	5
40.44	8
40.46	13
40.48	11
40.5	5
40.52	4
40.54	9
40.56	9
40.58	8
40.6	6
40.62	8
40.64	10
40.66	8
40.68	12
40.7	7
40.72	4
40.74	3
40.76	8
40.78	10
40.8	8
40.82	9
40.84	9
40.86	10
40.88	11
40.9	8
40.92	5
40.94	10
40.96	13
40.98	5
41	9
41.02	4
41.04	6
41.06	5
41.08	6
41.1	5
41.12	7
41.14	8
41.16	7
41.18	6
41.2	6
41.22	13
41.24	15
41.26	4
41.28	3
41.3	12
41.32	8
41.34	8
41.36	6
41.38	7
41.4	6
41.42	5
41.44	6
41.46	4
41.48	8
41.5	11
41.52	7
41.54	6
41.56	9
41.58	10
41.6	13
41.62	6
41.64	6
41.66	4
41.68	7
41.7	7
41.72	9
41.74	3
41.76	9
41.78	6
41.8	7
41.82	6
41.84	8
41.86	7
41.88	5
41.9	10
41.92	11
41.94	5
41.96	11
41.98	7
42	5
42.02	6
42.04	9
42.06	7
42.08	6
42.1	8
42.12	6
42.14	12
42.16	12
42.18	5
42.2	4
42.22	7
42.24	6
42.26	9
42.28	14
42.3	7
42.32	6
42.34	7
42.36	11
42.38	13
42.4	8
42.42	11
42.44	8
42.46	8
42.48	9
42.5	9
42.52	8
42.54	8
42.56	7
42.58	3
42.6	7
42.62	9
42.64	9
42.66	7
42.68	5
42.7	9
42.72	8
42.74	5
42.76	9
42.78	9
42.8	12
42.82	10
42.84	7
42.86	2
42.88	0
42.9	5
42.92	7
42.94	16
42.96	8
42.98	12
43	8
43.02	10
43.04	2
43.06	7
43.08	7
43.1	8
43.12	8
43.14	6
43.16	5
43.18	2
43.2	9
43.22	8
43.24	4
43.26	6
43.28	3
43.3	2
43.32	4
43.34	3
43.36	16
43.38	9
43.4	9
43.42	8
43.44	5
43.46	5
43.48	4
43.5	7
43.52	10
43.54	15
43.56	5
43.58	7
43.6	2
43.62	6
43.64	6
43.66	3
43.68	6
43.7	3
43.72	6
43.74	8
43.76	3
43.78	6
43.8	3
43.82	8
43.84	8
43.86	6
43.88	7
43.9	8
43.92	3
43.94	8
43.96	7
43.98	5
44	0
44.02	4
44.04	10
44.06	4
44.08	4
44.1	6
44.12	5
44.14	6
44.16	5
44.18	10
44.2	11
44.22	6
44.24	3
44.26	3
44.28	6
44.3	6
44.32	9
44.34	7
44.36	6
44.38	7
44.4	4
44.42	5
44.44	3
44.46	10
44.48	6
44.5	3
44.52	8
44.54	13
44.56	10
44.58	9
44.6	12
44.62	6
44.64	8
44.66	13
44.68	10
44.7	8
44.72	6
44.74	4
44.76	6
44.78	8
44.8	14
44.82	10
44.84	6
44.86	14
44.88	9
44.9	9
44.92	10
44.94	7
44.96	4
44.98	4
45	5
45.02	5
45.04	7
45.06	5
45.08	3
45.1	5
45.12	5
45.14	7
45.16	7
45.18	7
45.2	7
45.22	3
45.24	9
45.26	10
45.28	7
45.3	4
45.32	6
45.34	6
45.36	5
45.38	7
45.4	8
45.42	9
45.44	8
45.46	8
45.48	5
45.5	5
45.52	7
45.54	11
45.56	4
45.58	11
45.6	10
45.62	5
45.64	4
45.66	5
45.68	4
45.7	10
45.72	6
45.74	6
45.76	4
45.78	7
45.8	4
45.82	4
45.84	5
45.86	5
45.88	3
45.9	6
45.92	12
45.94	7
45.96	3
45.98	11
46	5
46.02	10
46.04	9
46.06	7
46.08	11
46.1	6
46.12	2
46.14	6
46.16	9
46.18	8
46.2	8
46.22	7
46.24	6
46.26	8
46.28	7
46.3	7
46.32	7
46.34	8
46.36	8
46.38	3
46.4	4
46.42	4
46.44	1
46.46	3
46.48	11
46.5	9
46.52	3
46.54	8
46.56	6
46.58	3
46.6	7
46.62	9
46.64	6
46.66	7
46.68	7
46.7	2
46.72	5
46.74	7
46.76	3
46.78	4
46.8	7
46.82	10
46.84	4
46.86	4
46.88	8
46.9	11
46.92	11
46.94	10
46.96	7
46.98	7
47	7
47.02	7
47.04	10
47.06	7
47.08	6
47.1	12
47.12	6
47.14	2
47.16	9
47.18	8
47.2	12
47.22	11
47.24	6
47.26	11
47.28	3
47.3	6
47.32	6
47.34	5
47.36	6
47.38	5
47.4	4
47.42	4
47.44	11
47.46	15
47.48	12
47.5	10
47.52	10
47.54	6
47.56	6
47.58	9
47.6	6
47.62	3
47.64	11
47.66	4
47.68	7
47.7	3
47.72	8
47.74	6
47.76	14
47.78	7
47.8	11
47.82	12
47.84	3
47.86	5
47.88	1
47.9	1
47.92	5
47.94	10
47.96	7
47.98	5
48	10
48.02	8
48.04	13
48.06	12
48.08	5
48.1	6
48.12	8
48.14	5
48.16	3
48.18	6
48.2	7
48.22	8
48.24	11
48.26	3
48.28	1
48.3	4
48.32	6
48.34	4
48.36	8
48.38	8
48.4	6
48.42	9
48.44	7
48.46	6
48.48	9
48.5	4
48.52	7
48.54	13
48.56	9
48.58	8
48.6	5
48.62	11
48.64	8
48.66	10
48.68	3
48.7	3
48.72	11
48.74	9
48.76	6
48.78	7
48.8	6
48.82	5
48.84	5
48.86	3
48.88	4
48.9	6
48.92	13
48.94	6
48.96	3
48.98	1
49	6
49.02	2
49.04	4
49.06	11
49.08	7
49.1	8
49.12	11
49.14	10
49.16	5
49.18	5
49.2	6
49.22	9
49.24	6
49.26	7
49.28	8
49.3	10
49.32	7
49.34	13
49.36	5
49.38	9
49.4	6
49.42	8
49.44	15
49.46	12
49.48	10
49.5	1
49.52	3
49.54	2
49.56	4
49.58	5
49.6	5
49.62	5
49.64	6
49.66	8
49.68	11
49.7	9
49.72	23
49.74	11
49.76	10
49.78	7
49.8	8
49.82	4
49.84	8
49.86	4
49.88	5
49.9	6
49.92	8
49.94	11
49.96	3
49.98	5
50	8
50.02	6
50.04	5
50.06	9
50.08	8
50.1	8
50.12	10
50.14	7
50.16	4
50.18	5
50.2	4
50.22	6
50.24	4
50.26	8
50.28	3
50.3	3
50.32	9
50.34	9
50.36	8
50.38	9
50.4	6
50.42	3
50.44	7
50.46	5
50.48	8
50.5	7
50.52	24
50.54	12
50.56	9
50.58	12
50.6	9
50.62	11
50.64	3
50.66	3
50.68	4
50.7	8
50.72	5
50.74	4
50.76	3
50.78	4
50.8	10
50.82	3
50.84	4
50.86	10
50.88	9
50.9	5
50.92	6
50.94	10
50.96	6
50.98	4
51	11
51.02	10
51.04	6
51.06	6
51.08	6
51.1	7
51.12	7
51.14	5
51.16	10
51.18	5
51.2	6
51.22	6
51.24	4
51.26	7
51.28	8
51.3	8
51.32	4
51.34	5
51.36	5
51.38	6
51.4	8
51.42	8
51.44	9
51.46	12
51.48	7
51.5	4
51.52	1
51.54	6
51.56	6
51.58	2
51.6	5
51.62	8
51.64	6
51.66	10
51.68	8
51.7	7
51.72	10
51.74	5
51.76	4
51.78	3
51.8	2
51.82	4
51.84	4
51.86	2
51.88	5
51.9	7
51.92	6
51.94	3
51.96	2
51.98	4
52	6
52.02	6
52.04	3
52.06	6
52.08	4
52.1	3
52.12	1
52.14	3
52.16	5
52.18	9
52.2	9
52.22	6
52.24	7
52.26	5
52.28	3
52.3	6
52.32	3
52.34	7
52.36	9
52.38	10
52.4	3
52.42	5
52.44	6
52.46	10
52.48	9
52.5	12
52.52	10
52.54	5
52.56	4
52.58	5
52.6	6
52.62	9
52.64	6
52.66	8
52.68	10
52.7	6
52.72	4
52.74	6
52.76	4
52.78	6
52.8	5
52.82	4
52.84	2
52.86	5
52.88	2
52.9	4
52.92	5
52.94	4
52.96	4
52.98	6
53	8
53.02	8
53.04	8
53.06	4
53.08	9
53.1	10
53.12	7
53.14	6
53.16	3
53.18	3
53.2	7
53.22	6
53.24	1
53.26	4
53.28	10
53.3	4
53.32	6
53.34	7
53.36	7
53.38	9
53.4	10
53.42	8
53.44	8
53.46	9
53.48	14
53.5	5
53.52	8
53.54	7
53.56	6
53.58	8
53.6	6
53.62	9
53.64	9
53.66	7
53.68	10
53.7	5
53.72	4
53.74	2
53.76	4
53.78	5
53.8	8
53.82	7
53.84	2
53.86	12
53.88	10
53.9	5
53.92	6
53.94	5
53.96	8
53.98	8
54	7
54.02	11
54.04	12
54.06	4
54.08	4
54.1	5
54.12	7
54.14	6
54.16	7
54.18	4
54.2	6
54.22	2
54.24	6
54.26	7
54.28	9
54.3	3
54.32	8
54.34	10
54.36	6
54.38	5
54.4	10
54.42	10
54.44	2
54.46	2
54.48	9
54.5	6
54.52	6
54.54	4
54.56	8
54.58	3
54.6	4
54.62	7
54.64	5
54.66	5
54.68	4
54.7	10
54.72	11
54.74	9
54.76	4
54.78	3
54.8	6
54.82	11
54.84	4
54.86	7
54.88	11
54.9	8
54.92	4
54.94	5
54.96	6
54.98	5
55	5
55.02	8
55.04	7
55.06	10
55.08	8
55.1	8
55.12	8
55.14	1
55.16	2
55.18	0
55.2	0
55.22	2
55.24	8
55.26	8
55.28	9
55.3	3
55.32	8
55.34	5
55.36	12
55.38	14
55.4	7
55.42	3
55.44	4
55.46	8
55.48	4
55.5	9
55.52	8
55.54	1
55.56	6
55.58	4
55.6	4
55.62	4
55.64	6
55.66	7
55.68	9
55.7	9
55.72	9
55.74	6
55.76	3
55.78	4
55.8	9
55.82	5
55.84	5
55.86	15
55.88	3
55.9	4
55.92	3
55.94	4
55.96	5
55.98	4
56	7
56.02	8
56.04	4
56.06	14
56.08	8
56.1	6
56.12	4
56.14	6
56.16	5
56.18	5
56.2	6
56.22	3
56.24	4
56.26	6
56.28	4
56.3	5
56.32	7
56.34	7
56.36	9
56.38	6
56.4	1
56.42	9
56.44	15
56.46	9
56.48	7
56.5	6
56.52	3
56.54	4
56.56	5
56.58	7
56.6	3
56.62	13
56.64	5
56.66	8
56.68	10
56.7	7
56.72	6
56.74	9
56.76	6
56.78	8
56.8	3
56.82	9
56.84	9
56.86	6
56.88	8
56.9	9
56.92	3
56.94	5
56.96	6
56.98	6
57	4
57.02	5
57.04	15
57.06	11
57.08	7
57.1	8
57.12	8
57.14	7
57.16	8
57.18	4
57.2	4
57.22	3
57.24	10
57.26	8
57.28	7
57.3	5
57.32	6
57.34	8
57.36	5
57.38	2
57.4	5
57.42	7
57.44	9
57.46	11
57.48	4
57.5	5
57.52	10
57.54	13
57.56	6
57.58	11
57.6	17
57.62	8
57.64	12
57.66	4
57.68	4
57.7	5
57.72	6
57.74	6
57.76	5
57.78	2
57.8	6
57.82	5
57.84	7
57.86	7
57.88	4
57.9	6
57.92	3
57.94	8
57.96	7
57.98	6
58	5
58.02	6
58.04	4
58.06	7
58.08	3
58.1	4
58.12	5
58.14	5
58.16	5
58.18	6
58.2	9
58.22	12
58.24	8
58.26	3
58.28	6
58.3	8
58.32	5
58.34	4
58.36	5
58.38	3
58.4	6
58.42	4
58.44	9
58.46	5
58.48	9
58.5	5
58.52	4
58.54	4
58.56	6
58.58	3
58.6	6
58.62	11
58.64	8
58.66	3
58.68	9
58.7	7
58.72	7
58.74	9
58.76	6
58.78	3
58.8	6
58.82	5
58.84	6
58.86	2
58.88	4
58.9	2
58.92	7
58.94	7
58.96	10
58.98	10
59	12
59.02	11
59.04	4
59.06	1
59.08	7
59.1	8
59.12	4
59.14	6
59.16	7
59.18	4
59.2	1
59.22	5
59.24	6
59.26	6
59.28	2
59.3	2
59.32	10
59.34	4
59.36	6
59.38	7
59.4	9
59.42	7
59.44	6
59.46	5
59.48	5
59.5	5
59.52	6
59.54	6
59.56	9
59.58	9
59.6	7
59.62	5
59.64	6
59.66	5
59.68	4
59.7	7
59.72	1
59.74	4
59.76	7
59.78	1
59.8	2
59.82	8
59.84	8
59.86	8
59.88	14
59.9	11
59.92	10
59.94	7
59.96	10
59.98	12
60	6
60.02	9
60.04	3
60.06	4
60.08	8
60.1	4
60.12	5
60.14	4
60.16	6
60.18	8
60.2	4
60.22	3
60.24	3
60.26	6
60.28	8
60.3	7
60.32	6
60.34	5
60.36	3
60.38	6
60.4	6
60.42	5
60.44	7
60.46	8
60.48	4
60.5	5
60.52	4
60.54	7
60.56	9
60.58	5
60.6	7
60.62	6
60.64	9
60.66	5
60.68	7
60.7	11
60.72	10
60.74	1
60.76	3
60.78	6
60.8	5
60.82	6
60.84	7
60.86	5
60.88	5
60.9	9
60.92	7
60.94	8
60.96	11
60.98	2
61	2
61.02	4
61.04	7
61.06	7
61.08	9
61.1	13
61.12	5
61.14	9
61.16	7
61.18	4
61.2	5
61.22	5
61.24	4
61.26	2
61.28	5
61.3	7
61.32	4
61.34	7
61.36	9
61.38	7
61.4	6
61.42	8
61.44	9
61.46	5
61.48	8
61.5	13
61.52	12
61.54	4
61.56	1
61.58	4
61.6	4
61.62	5
61.64	10
61.66	10
61.68	9
61.7	10
61.72	5
61.74	10
61.76	7
61.78	17
61.8	11
61.82	11
61.84	6
61.86	4
61.88	10
61.9	2
61.92	8
61.94	9
61.96	6
61.98	3
62	6
62.02	3
62.04	8
62.06	5
62.08	5
62.1	5
62.12	5
62.14	2
62.16	6
62.18	5
62.2	5
62.22	8
62.24	8
62.26	5
62.28	10
62.3	7
62.32	4
62.34	10
62.36	4
62.38	5
62.4	4
62.42	2
62.44	4
62.46	4
62.48	6
62.5	9
62.52	7
62.54	10
62.56	4
62.58	1
62.6	2
62.62	5
62.64	6
62.66	6
62.68	1
62.7	6
62.72	7
62.74	3
62.76	8
62.78	8
62.8	8
62.82	8
62.84	3
62.86	5
62.88	8
62.9	5
62.92	6
62.94	9
62.96	9
62.98	8
63	6
63.02	3
63.04	4
63.06	10
63.08	6
63.1	3
63.12	9
63.14	7
63.16	9
63.18	10
63.2	5
63.22	4
63.24	7
63.26	7
63.28	3
63.3	8
63.32	9
63.34	4
63.36	3
63.38	1
63.4	1
63.42	4
63.44	9
63.46	8
63.48	7
63.5	11
63.52	8
63.54	10
63.56	9
63.58	8
63.6	9
63.62	5
63.64	7
63.66	5
63.68	5
63.7	7
63.72	8
63.74	2
63.76	2
63.78	5
63.8	3
63.82	5
63.84	5
63.86	6
63.88	2
63.9	4
63.92	8
63.94	11
63.96	8
63.98	4
64	4
64.02	1
64.04	6
64.06	11
64.08	10
64.1	15
64.12	11
64.14	6
64.16	4
64.18	9
64.2	1
64.22	4
64.24	8
64.26	5
64.28	5
64.3	1
64.32	3
64.34	8
64.36	8
64.38	6
64.4	10
64.42	4
64.44	4
64.46	9
64.48	7
64.5	3
64.52	14
64.54	16
64.56	10
64.58	4
64.6	9
64.62	6
64.64	5
64.66	4
64.68	7
64.7	7
64.72	3
64.74	5
64.76	5
64.78	2
64.8	6
64.82	8
64.84	7
64.86	10
64.88	4
64.9	5
64.92	6
64.94	6
64.96	4
64.98	5
65	3
65.02	3
65.04	3
65.06	3
65.08	2
65.1	4
65.12	5
65.14	5
65.16	5
65.18	2
65.2	2
65.22	3
65.24	2
65.26	7
65.28	4
65.3	5
65.32	5
65.34	7
65.36	4
65.38	5
65.4	10
65.42	4
65.44	3
65.46	3
65.48	9
65.5	5
65.52	1
65.54	7
65.56	4
65.58	2
65.6	3
65.62	6
65.64	1
65.66	6
65.68	7
65.7	10
65.72	7
65.74	4
65.76	4
65.78	4
65.8	5
65.82	7
65.84	3
65.86	2
65.88	9
65.9	7
65.92	3
65.94	10
65.96	8
65.98	6
66	3
66.02	3
66.04	0
66.06	4
66.08	4
66.1	2
66.12	8
66.14	7
66.16	7
66.18	7
66.2	9
66.22	5
66.24	4
66.26	3
66.28	5
66.3	3
66.32	4
66.34	11
66.36	4
66.38	4
66.4	2
66.42	4
66.44	3
66.46	5
66.48	5
66.5	8
66.52	6
66.54	5
66.56	3
66.58	6
66.6	7
66.62	2
66.64	10
66.66	8
66.68	9
66.7	7
66.72	7
66.74	13
66.76	7
66.78	9
66.8	12
66.82	7
66.84	4
66.86	5
66.88	9
66.9	5
66.92	7
66.94	4
66.96	3
66.98	12
67	9
67.02	6
67.04	6
67.06	6
67.08	8
67.1	9
67.12	6
67.14	9
67.16	8
67.18	7
67.2	7
67.22	9
67.24	5
67.26	5
67.28	7
67.3	4
67.32	5
67.34	5
67.36	6
67.38	7
67.4	7
67.42	8
67.44	6
67.46	7
67.48	6
67.5	8
67.52	5
67.54	7
67.56	5
67.58	10
67.6	7
67.62	5
67.64	4
67.66	3
67.68	5
67.7	4
67.72	5
67.74	2
67.76	3
67.78	4
67.8	4
67.82	3
67.84	4
67.86	7
67.88	12
67.9	4
67.92	7
67.94	2
67.96	3
67.98	8
68	7
68.02	2
68.04	11
68.06	5
68.08	7
68.1	5
68.12	5
68.14	9
68.16	11
68.18	4
68.2	3
68.22	9
68.24	5
68.26	3
68.28	2
68.3	8
68.32	5
68.34	2
68.36	4
68.38	7
68.4	5
68.42	5
68.44	10
68.46	4
68.48	7
68.5	11
68.52	5
68.54	1
68.56	6
68.58	4
68.6	6
68.62	1
68.64	7
68.66	4
68.68	9
68.7	12
68.72	2
68.74	1
68.76	4
68.78	7
68.8	8
68.82	4
68.84	3
68.86	4
68.88	19
68.9	3
68.92	6
68.94	6
68.96	6
68.98	6
69	9
69.02	9
69.04	5
69.06	5
69.08	7
69.1	2
69.12	10
69.14	10
69.16	10
69.18	12
69.2	6
69.22	4
69.24	4
69.26	4
69.28	7
69.3	15
69.32	13
69.34	4
69.36	8
69.38	10
69.4	6
69.42	6
69.44	5
69.46	7
69.48	12
69.5	10
69.52	7
69.54	10
69.56	10
69.58	10
69.6	6
69.62	5
69.64	4
69.66	9
69.68	6
69.7	7
69.72	3
69.74	4
69.76	2
69.78	4
69.8	5
69.82	4
69.84	8
69.86	5
69.88	3
69.9	3
69.92	5
69.94	0
69.96	2
69.98	2
70	2
70.02	8
70.04	5
70.06	5
70.08	5
70.1	7
70.12	1
70.14	3
70.16	4
70.18	7
70.2	5
70.22	7
70.24	10
70.26	7
70.28	5
70.3	10
70.32	4
70.34	6
70.36	6
70.38	11
70.4	12
70.42	6
70.44	2
70.46	3
70.48	5
70.5	7
70.52	7
70.54	2
70.56	4
70.58	9
70.6	6
70.62	6
70.64	5
70.66	4
70.68	8
70.7	2
70.72	2
70.74	0
70.76	3
70.78	11
70.8	4
70.82	2
70.84	12
70.86	9
70.88	7
70.9	6
70.92	8
70.94	7
70.96	6
70.98	2
71	9
71.02	5
71.04	9
71.06	5
71.08	9
71.1	5
71.12	2
71.14	7
71.16	12
71.18	5
71.2	15
71.22	5
71.24	7
71.26	7
71.28	4
71.3	5
71.32	10
71.34	5
71.36	1
71.38	1
71.4	4
71.42	5
71.44	2
71.46	2
71.48	6
71.5	3
71.52	6
71.54	7
71.56	6
71.58	3
71.6	6
71.62	2
71.64	4
71.66	4
71.68	1
71.7	9
71.72	7
71.74	8
71.76	5
71.78	7
71.8	8
71.82	12
71.84	7
71.86	10
71.88	6
71.9	4
71.92	7
71.94	10
71.96	6
71.98	2
72	2
72.02	7
72.04	5
72.06	4
72.08	4
72.1	3
72.12	1
72.14	6
72.16	9
72.18	7
72.2	6
72.22	10
72.24	9
72.26	11
72.28	4
72.3	6
72.32	9
72.34	5
72.36	3
72.38	2
72.4	6
72.42	5
72.44	10
72.46	11
72.48	5
72.5	9
72.52	10
72.54	4
72.56	1
72.58	10
72.6	6
72.62	8
72.64	6
72.66	4
72.68	7
72.7	8
72.72	8
72.74	4
72.76	5
72.78	9
72.8	5
72.82	5
72.84	8
72.86	8
72.88	5
72.9	8
72.92	8
72.94	4
72.96	5
72.98	3
73	3
73.02	9
73.04	12
73.06	3
73.08	5
73.1	4
73.12	4
73.14	6
73.16	12
73.18	8
73.2	4
73.22	6
73.24	8
73.26	5
73.28	13
73.3	11
73.32	10
73.34	6
73.36	2
73.38	1
73.4	5
73.42	14
73.44	6
73.46	3
73.48	2
73.5	4
73.52	7
73.54	9
73.56	12
73.58	10
73.6	10
73.62	4
73.64	4
73.66	5
73.68	8
73.7	3
73.72	2
73.74	2
73.76	8
73.78	4
73.8	7
73.82	5
73.84	6
73.86	6
73.88	6
73.9	7
73.92	5
73.94	7
73.96	11
73.98	8
74	4
74.02	7
74.04	7
74.06	5
74.08	8
74.1	3
74.12	5
74.14	7
74.16	10
74.18	5
74.2	4
74.22	4
74.24	10
74.26	5
74.28	7
74.3	8
74.32	5
74.34	6
74.36	6
74.38	4
74.4	4
74.42	6
74.44	6
74.46	6
74.48	4
74.5	3
74.52	2
74.54	3
74.56	10
74.58	9
74.6	4
74.62	5
74.64	2
74.66	4
74.68	2
74.7	8
74.72	5
74.74	3
74.76	5
74.78	7
74.8	6
74.82	5
74.84	4
74.86	6
74.88	9
74.9	8
74.92	9
74.94	6
74.96	3
74.98	3
