Counter Settings:
Falling Edge
Disc Threshold [V]	-0.301514
Dwell time [s]	2.000000E-8
Number of channels	3750
Number of Scans	25000

D2
v 1
J 2
29.7V 3.26A
Au 788C
Knnew  C
Kn  e-2mbar (base 1.5e-2)
x=35mm y=35.5mm z=512mm
D2/RGA: 9.0e-10 torr (base 8e-12)
500: 9.2e-9 mbar
100: 1.4e-9 mbar
FFR heater 4.0A 1.37V
extra heater 3.0A 0.5V
Extractor: -30V
Lens: -1200V
MCP: -2100V
Laser Position	207.520428

Laser Power [mJ]	0.885753
Time [µs]	Counts
0	40140
0.02	15508
0.04	301
0.06	98
0.08	124
0.1	58
0.12	19
0.14	6
0.16	10
0.18	14
0.2	17
0.22	12
0.24	35
0.26	58
0.28	73
0.3	65
0.32	81
0.34	47
0.36	59
0.38	91
0.4	72
0.42	81
0.44	83
0.46	76
0.48	76
0.5	62
0.52	51
0.54	48
0.56	25
0.58	35
0.6	35
0.62	48
0.64	63
0.66	75
0.68	61
0.7	43
0.72	68
0.74	112
0.76	112
0.78	124
0.8	158
0.82	159
0.84	178
0.86	205
0.88	202
0.9	240
0.92	272
0.94	297
0.96	335
0.98	391
1	504
1.02	578
1.04	689
1.06	706
1.08	676
1.1	531
1.12	416
1.14	300
1.16	249
1.18	206
1.2	191
1.22	171
1.24	171
1.26	143
1.28	145
1.3	132
1.32	133
1.34	132
1.36	141
1.38	144
1.4	144
1.42	129
1.44	123
1.46	111
1.48	93
1.5	79
1.52	76
1.54	58
1.56	39
1.58	34
1.6	41
1.62	39
1.64	38
1.66	33
1.68	21
1.7	14
1.72	21
1.74	23
1.76	21
1.78	17
1.8	17
1.82	25
1.84	27
1.86	22
1.88	22
1.9	27
1.92	30
1.94	32
1.96	23
1.98	18
2	14
2.02	16
2.04	22
2.06	25
2.08	24
2.1	30
2.12	38
2.14	31
2.16	24
2.18	29
2.2	26
2.22	20
2.24	19
2.26	23
2.28	32
2.3	40
2.32	38
2.34	21
2.36	16
2.38	20
2.4	18
2.42	11
2.44	17
2.46	13
2.48	7
2.5	11
2.52	15
2.54	22
2.56	13
2.58	12
2.6	18
2.62	24
2.64	12
2.66	5
2.68	8
2.7	7
2.72	11
2.74	13
2.76	11
2.78	7
2.8	10
2.82	9
2.84	9
2.86	13
2.88	8
2.9	8
2.92	11
2.94	11
2.96	9
2.98	8
3	8
3.02	15
3.04	9
3.06	4
3.08	9
3.1	16
3.12	11
3.14	15
3.16	13
3.18	9
3.2	8
3.22	6
3.24	11
3.26	18
3.28	13
3.3	8
3.32	4
3.34	11
3.36	11
3.38	7
3.4	18
3.42	11
3.44	7
3.46	9
3.48	10
3.5	11
3.52	8
3.54	11
3.56	13
3.58	8
3.6	11
3.62	11
3.64	8
3.66	6
3.68	10
3.7	5
3.72	4
3.74	10
3.76	12
3.78	5
3.8	11
3.82	17
3.84	13
3.86	8
3.88	9
3.9	9
3.92	5
3.94	6
3.96	6
3.98	7
4	8
4.02	5
4.04	11
4.06	15
4.08	14
4.1	14
4.12	17
4.14	18
4.16	14
4.18	17
4.2	22
4.22	9
4.24	13
4.26	15
4.28	8
4.3	13
4.32	9
4.34	15
4.36	13
4.38	12
4.4	10
4.42	10
4.44	16
4.46	17
4.48	19
4.5	14
4.52	22
4.54	13
4.56	13
4.58	9
4.6	12
4.62	15
4.64	18
4.66	14
4.68	11
4.7	20
4.72	17
4.74	26
4.76	22
4.78	17
4.8	9
4.82	10
4.84	22
4.86	21
4.88	21
4.9	21
4.92	21
4.94	20
4.96	15
4.98	14
5	13
5.02	15
5.04	20
5.06	15
5.08	14
5.1	16
5.12	21
5.14	14
5.16	19
5.18	20
5.2	21
5.22	14
5.24	23
5.26	27
5.28	23
5.3	32
5.32	29
5.34	24
5.36	29
5.38	22
5.4	15
5.42	18
5.44	29
5.46	23
5.48	23
5.5	31
5.52	30
5.54	31
5.56	31
5.58	23
5.6	21
5.62	25
5.64	24
5.66	36
5.68	36
5.7	31
5.72	31
5.74	21
5.76	27
5.78	23
5.8	18
5.82	18
5.84	20
5.86	13
5.88	15
5.9	21
5.92	19
5.94	18
5.96	27
5.98	29
6	25
6.02	28
6.04	26
6.06	27
6.08	23
6.1	22
6.12	26
6.14	25
6.16	28
6.18	23
6.2	19
6.22	19
6.24	35
6.26	25
6.28	28
6.3	29
6.32	19
6.34	18
6.36	30
6.38	33
6.4	23
6.42	24
6.44	41
6.46	46
6.48	30
6.5	32
6.52	27
6.54	20
6.56	22
6.58	25
6.6	20
6.62	33
6.64	36
6.66	32
6.68	30
6.7	31
6.72	36
6.74	34
6.76	24
6.78	23
6.8	34
6.82	44
6.84	34
6.86	29
6.88	38
6.9	39
6.92	47
6.94	55
6.96	38
6.98	28
7	44
7.02	48
7.04	32
7.06	24
7.08	22
7.1	19
7.12	35
7.14	30
7.16	27
7.18	32
7.2	21
7.22	18
7.24	20
7.26	25
7.28	27
7.3	31
7.32	32
7.34	36
7.36	33
7.38	31
7.4	30
7.42	43
7.44	31
7.46	33
7.48	41
7.5	36
7.52	32
7.54	46
7.56	22
7.58	27
7.6	30
7.62	30
7.64	34
7.66	38
7.68	31
7.7	33
7.72	28
7.74	27
7.76	41
7.78	29
7.8	20
7.82	30
7.84	37
7.86	35
7.88	27
7.9	30
7.92	36
7.94	38
7.96	31
7.98	29
8	31
8.02	31
8.04	36
8.06	39
8.08	46
8.1	29
8.12	21
8.14	25
8.16	30
8.18	34
8.2	41
8.22	43
8.24	31
8.26	34
8.28	22
8.3	22
8.32	29
8.34	24
8.36	32
8.38	31
8.4	24
8.42	20
8.44	20
8.46	22
8.48	30
8.5	19
8.52	25
8.54	21
8.56	25
8.58	24
8.6	29
8.62	25
8.64	22
8.66	26
8.68	30
8.7	27
8.72	31
8.74	21
8.76	25
8.78	20
8.8	16
8.82	24
8.84	17
8.86	18
8.88	21
8.9	15
8.92	21
8.94	20
8.96	15
8.98	18
9	15
9.02	17
9.04	25
9.06	17
9.08	22
9.1	15
9.12	22
9.14	29
9.16	28
9.18	22
9.2	22
9.22	25
9.24	22
9.26	28
9.28	27
9.3	29
9.32	20
9.34	11
9.36	23
9.38	26
9.4	22
9.42	23
9.44	22
9.46	24
9.48	15
9.5	18
9.52	26
9.54	27
9.56	23
9.58	14
9.6	15
9.62	15
9.64	23
9.66	22
9.68	20
9.7	19
9.72	17
9.74	24
9.76	26
9.78	29
9.8	21
9.82	18
9.84	21
9.86	15
9.88	13
9.9	15
9.92	12
9.94	18
9.96	17
9.98	12
10	18
10.02	13
10.04	13
10.06	12
10.08	14
10.1	16
10.12	15
10.14	8
10.16	9
10.18	12
10.2	10
10.22	14
10.24	17
10.26	18
10.28	12
10.3	16
10.32	21
10.34	10
10.36	9
10.38	18
10.4	25
10.42	25
10.44	18
10.46	13
10.48	17
10.5	19
10.52	19
10.54	11
10.56	10
10.58	12
10.6	11
10.62	11
10.64	12
10.66	17
10.68	11
10.7	11
10.72	17
10.74	12
10.76	16
10.78	19
10.8	9
10.82	10
10.84	15
10.86	16
10.88	16
10.9	20
10.92	17
10.94	9
10.96	7
10.98	10
11	8
11.02	6
11.04	2
11.06	8
11.08	9
11.1	11
11.12	12
11.14	12
11.16	14
11.18	10
11.2	16
11.22	11
11.24	8
11.26	9
11.28	18
11.3	14
11.32	13
11.34	15
11.36	15
11.38	14
11.4	11
11.42	11
11.44	8
11.46	11
11.48	9
11.5	8
11.52	8
11.54	8
11.56	12
11.58	7
11.6	10
11.62	1
11.64	5
11.66	5
11.68	8
11.7	13
11.72	15
11.74	9
11.76	9
11.78	11
11.8	5
11.82	8
11.84	11
11.86	9
11.88	9
11.9	8
11.92	9
11.94	8
11.96	6
11.98	11
12	12
12.02	14
12.04	9
12.06	12
12.08	15
12.1	9
12.12	3
12.14	8
12.16	13
12.18	15
12.2	17
12.22	10
12.24	12
12.26	11
12.28	11
12.3	6
12.32	11
12.34	19
12.36	12
12.38	9
12.4	10
12.42	9
12.44	11
12.46	21
12.48	11
12.5	15
12.52	15
12.54	11
12.56	4
12.58	6
12.6	10
12.62	8
12.64	9
12.66	11
12.68	14
12.7	20
12.72	10
12.74	15
12.76	14
12.78	13
12.8	6
12.82	11
12.84	10
12.86	11
12.88	10
12.9	10
12.92	11
12.94	9
12.96	11
12.98	12
13	16
13.02	13
13.04	14
13.06	9
13.08	11
13.1	4
13.12	4
13.14	6
13.16	11
13.18	8
13.2	8
13.22	13
13.24	10
13.26	9
13.28	10
13.3	7
13.32	8
13.34	7
13.36	7
13.38	9
13.4	10
13.42	8
13.44	5
13.46	5
13.48	7
13.5	5
13.52	5
13.54	6
13.56	11
13.58	13
13.6	5
13.62	8
13.64	9
13.66	15
13.68	12
13.7	13
13.72	8
13.74	9
13.76	5
13.78	3
13.8	4
13.82	9
13.84	10
13.86	3
13.88	6
13.9	7
13.92	4
13.94	11
13.96	10
13.98	10
14	2
14.02	8
14.04	11
14.06	7
14.08	4
14.1	5
14.12	5
14.14	5
14.16	7
14.18	10
14.2	12
14.22	10
14.24	8
14.26	8
14.28	10
14.3	7
14.32	10
14.34	5
14.36	4
14.38	7
14.4	8
14.42	8
14.44	7
14.46	11
14.48	8
14.5	8
14.52	9
14.54	9
14.56	7
14.58	9
14.6	17
14.62	15
14.64	10
14.66	18
14.68	13
14.7	4
14.72	11
14.74	11
14.76	14
14.78	4
14.8	6
14.82	4
14.84	7
14.86	6
14.88	6
14.9	11
14.92	10
14.94	7
14.96	1
14.98	9
15	15
15.02	7
15.04	9
15.06	10
15.08	7
15.1	11
15.12	11
15.14	6
15.16	12
15.18	11
15.2	6
15.22	8
15.24	13
15.26	14
15.28	12
15.3	10
15.32	15
15.34	11
15.36	8
15.38	8
15.4	1
15.42	9
15.44	15
15.46	17
15.48	12
15.5	7
15.52	8
15.54	8
15.56	8
15.58	8
15.6	12
15.62	7
15.64	4
15.66	5
15.68	7
15.7	12
15.72	6
15.74	6
15.76	6
15.78	7
15.8	6
15.82	13
15.84	9
15.86	4
15.88	11
15.9	16
15.92	8
15.94	8
15.96	7
15.98	8
16	7
16.02	8
16.04	5
16.06	5
16.08	8
16.1	3
16.12	3
16.14	8
16.16	7
16.18	10
16.2	6
16.22	5
16.24	3
16.26	4
16.28	6
16.3	8
16.32	4
16.34	3
16.36	9
16.38	4
16.4	2
16.42	12
16.44	11
16.46	5
16.48	7
16.5	6
16.52	10
16.54	8
16.56	7
16.58	8
16.6	10
16.62	13
16.64	11
16.66	14
16.68	5
16.7	4
16.72	4
16.74	9
16.76	9
16.78	9
16.8	5
16.82	9
16.84	5
16.86	7
16.88	13
16.9	12
16.92	9
16.94	6
16.96	10
16.98	1
17	6
17.02	10
17.04	7
17.06	5
17.08	6
17.1	10
17.12	7
17.14	12
17.16	8
17.18	6
17.2	5
17.22	7
17.24	5
17.26	7
17.28	8
17.3	13
17.32	12
17.34	8
17.36	8
17.38	4
17.4	8
17.42	13
17.44	7
17.46	4
17.48	8
17.5	5
17.52	9
17.54	8
17.56	8
17.58	11
17.6	5
17.62	4
17.64	4
17.66	0
17.68	5
17.7	10
17.72	8
17.74	4
17.76	5
17.78	3
17.8	2
17.82	4
17.84	7
17.86	10
17.88	11
17.9	4
17.92	5
17.94	12
17.96	3
17.98	4
18	4
18.02	2
18.04	4
18.06	9
18.08	10
18.1	11
18.12	8
18.14	8
18.16	5
18.18	12
18.2	3
18.22	6
18.24	8
18.26	7
18.28	7
18.3	8
18.32	4
18.34	6
18.36	4
18.38	3
18.4	5
18.42	8
18.44	9
18.46	4
18.48	7
18.5	2
18.52	5
18.54	4
18.56	5
18.58	3
18.6	5
18.62	4
18.64	8
18.66	9
18.68	10
18.7	13
18.72	8
18.74	4
18.76	3
18.78	1
18.8	3
18.82	6
18.84	3
18.86	4
18.88	5
18.9	8
18.92	11
18.94	5
18.96	4
18.98	4
19	6
19.02	6
19.04	1
19.06	7
19.08	11
19.1	5
19.12	4
19.14	11
19.16	6
19.18	8
19.2	13
19.22	8
19.24	6
19.26	8
19.28	10
19.3	9
19.32	5
19.34	6
19.36	11
19.38	5
19.4	3
19.42	5
19.44	6
19.46	10
19.48	11
19.5	6
19.52	8
19.54	7
19.56	3
19.58	0
19.6	3
19.62	8
19.64	4
19.66	21
19.68	8
19.7	5
19.72	11
19.74	11
19.76	8
19.78	3
19.8	7
19.82	7
19.84	9
19.86	7
19.88	5
19.9	4
19.92	5
19.94	5
19.96	13
19.98	13
20	5
20.02	9
20.04	5
20.06	11
20.08	11
20.1	8
20.12	10
20.14	2
20.16	8
20.18	12
20.2	5
20.22	10
20.24	8
20.26	5
20.28	5
20.3	5
20.32	7
20.34	6
20.36	6
20.38	6
20.4	7
20.42	7
20.44	5
20.46	5
20.48	7
20.5	5
20.52	5
20.54	1
20.56	7
20.58	6
20.6	10
20.62	11
20.64	8
20.66	7
20.68	9
20.7	7
20.72	6
20.74	14
20.76	9
20.78	6
20.8	6
20.82	5
20.84	6
20.86	4
20.88	7
20.9	14
20.92	9
20.94	2
20.96	6
20.98	8
21	10
21.02	4
21.04	8
21.06	9
21.08	9
21.1	10
21.12	10
21.14	6
21.16	9
21.18	7
21.2	15
21.22	9
21.24	9
21.26	8
21.28	3
21.3	3
21.32	6
21.34	9
21.36	9
21.38	9
21.4	10
21.42	9
21.44	8
21.46	9
21.48	4
21.5	6
21.52	8
21.54	24
21.56	6
21.58	7
21.6	8
21.62	7
21.64	8
21.66	7
21.68	4
21.7	3
21.72	3
21.74	11
21.76	7
21.78	4
21.8	8
21.82	4
21.84	5
21.86	5
21.88	6
21.9	6
21.92	5
21.94	2
21.96	7
21.98	4
22	3
22.02	5
22.04	5
22.06	2
22.08	4
22.1	6
22.12	6
22.14	18
22.16	6
22.18	3
22.2	8
22.22	13
22.24	13
22.26	6
22.28	3
22.3	4
22.32	7
22.34	9
22.36	8
22.38	6
22.4	10
22.42	10
22.44	12
22.46	12
22.48	9
22.5	7
22.52	4
22.54	2
22.56	1
22.58	5
22.6	8
22.62	8
22.64	9
22.66	9
22.68	6
22.7	7
22.72	4
22.74	4
22.76	5
22.78	5
22.8	1
22.82	1
22.84	7
22.86	8
22.88	1
22.9	5
22.92	7
22.94	2
22.96	6
22.98	6
23	4
23.02	8
23.04	9
23.06	5
23.08	8
23.1	12
23.12	2
23.14	3
23.16	6
23.18	8
23.2	6
23.22	5
23.24	3
23.26	0
23.28	5
23.3	5
23.32	11
23.34	8
23.36	5
23.38	11
23.4	8
23.42	6
23.44	8
23.46	6
23.48	3
23.5	7
23.52	7
23.54	5
23.56	2
23.58	10
23.6	15
23.62	9
23.64	4
23.66	4
23.68	9
23.7	11
23.72	4
23.74	8
23.76	7
23.78	6
23.8	8
23.82	7
23.84	11
23.86	12
23.88	5
23.9	8
23.92	4
23.94	6
23.96	4
23.98	4
24	6
24.02	11
24.04	12
24.06	11
24.08	5
24.1	7
24.12	6
24.14	4
24.16	1
24.18	2
24.2	9
24.22	8
24.24	6
24.26	8
24.28	4
24.3	4
24.32	1
24.34	3
24.36	7
24.38	1
24.4	2
24.42	4
24.44	6
24.46	6
24.48	7
24.5	2
24.52	5
24.54	3
24.56	11
24.58	8
24.6	6
24.62	6
24.64	7
24.66	5
24.68	6
24.7	1
24.72	4
24.74	8
24.76	5
24.78	7
24.8	6
24.82	9
24.84	9
24.86	4
24.88	10
24.9	5
24.92	4
24.94	7
24.96	4
24.98	5
25	6
25.02	5
25.04	6
25.06	8
25.08	13
25.1	9
25.12	6
25.14	7
25.16	5
25.18	8
25.2	10
25.22	10
25.24	9
25.26	3
25.28	6
25.3	7
25.32	4
25.34	6
25.36	4
25.38	6
25.4	6
25.42	6
25.44	10
25.46	10
25.48	4
25.5	5
25.52	8
25.54	16
25.56	3
25.58	10
25.6	4
25.62	3
25.64	7
25.66	6
25.68	8
25.7	8
25.72	7
25.74	5
25.76	9
25.78	9
25.8	9
25.82	3
25.84	5
25.86	13
25.88	9
25.9	6
25.92	4
25.94	3
25.96	5
25.98	8
26	4
26.02	3
26.04	5
26.06	4
26.08	6
26.1	6
26.12	11
26.14	7
26.16	6
26.18	4
26.2	9
26.22	10
26.24	9
26.26	10
26.28	11
26.3	2
26.32	4
26.34	5
26.36	3
26.38	4
26.4	9
26.42	9
26.44	5
26.46	2
26.48	6
26.5	13
26.52	12
26.54	6
26.56	10
26.58	4
26.6	1
26.62	6
26.64	2
26.66	5
26.68	5
26.7	4
26.72	9
26.74	5
26.76	4
26.78	4
26.8	12
26.82	12
26.84	6
26.86	6
26.88	12
26.9	7
26.92	8
26.94	5
26.96	7
26.98	4
27	3
27.02	4
27.04	1
27.06	3
27.08	12
27.1	9
27.12	3
27.14	5
27.16	10
27.18	11
27.2	3
27.22	0
27.24	3
27.26	7
27.28	6
27.3	7
27.32	5
27.34	4
27.36	6
27.38	12
27.4	9
27.42	3
27.44	2
27.46	1
27.48	6
27.5	6
27.52	3
27.54	8
27.56	6
27.58	4
27.6	8
27.62	9
27.64	11
27.66	7
27.68	6
27.7	1
27.72	4
27.74	1
27.76	3
27.78	13
27.8	7
27.82	5
27.84	4
27.86	1
27.88	5
27.9	7
27.92	12
27.94	11
27.96	8
27.98	6
28	3
28.02	4
28.04	8
28.06	5
28.08	3
28.1	4
28.12	7
28.14	4
28.16	4
28.18	11
28.2	2
28.22	2
28.24	3
28.26	6
28.28	8
28.3	13
28.32	9
28.34	1
28.36	7
28.38	6
28.4	5
28.42	6
28.44	6
28.46	10
28.48	7
28.5	7
28.52	2
28.54	6
28.56	8
28.58	6
28.6	5
28.62	6
28.64	9
28.66	9
28.68	5
28.7	3
28.72	12
28.74	10
28.76	9
28.78	9
28.8	8
28.82	10
28.84	7
28.86	6
28.88	17
28.9	2
28.92	2
28.94	4
28.96	6
28.98	9
29	12
29.02	13
29.04	7
29.06	8
29.08	3
29.1	7
29.12	3
29.14	7
29.16	4
29.18	10
29.2	8
29.22	9
29.24	5
29.26	3
29.28	4
29.3	1
29.32	3
29.34	9
29.36	6
29.38	7
29.4	6
29.42	8
29.44	11
29.46	6
29.48	9
29.5	8
29.52	8
29.54	4
29.56	5
29.58	7
29.6	5
29.62	6
29.64	11
29.66	8
29.68	5
29.7	8
29.72	8
29.74	8
29.76	10
29.78	11
29.8	9
29.82	7
29.84	12
29.86	13
29.88	13
29.9	12
29.92	5
29.94	4
29.96	11
29.98	9
30	4
30.02	1
30.04	5
30.06	4
30.08	4
30.1	8
30.12	7
30.14	7
30.16	9
30.18	5
30.2	10
30.22	8
30.24	5
30.26	5
30.28	9
30.3	14
30.32	8
30.34	9
30.36	8
30.38	10
30.4	3
30.42	8
30.44	10
30.46	11
30.48	6
30.5	6
30.52	5
30.54	9
30.56	7
30.58	5
30.6	16
30.62	10
30.64	5
30.66	2
30.68	3
30.7	6
30.72	4
30.74	7
30.76	10
30.78	3
30.8	9
30.82	11
30.84	7
30.86	6
30.88	12
30.9	5
30.92	3
30.94	4
30.96	3
30.98	0
31	9
31.02	6
31.04	4
31.06	8
31.08	6
31.1	7
31.12	8
31.14	11
31.16	10
31.18	6
31.2	4
31.22	3
31.24	8
31.26	9
31.28	9
31.3	6
31.32	6
31.34	8
31.36	5
31.38	3
31.4	8
31.42	11
31.44	8
31.46	7
31.48	9
31.5	4
31.52	5
31.54	2
31.56	7
31.58	8
31.6	4
31.62	5
31.64	3
31.66	6
31.68	1
31.7	6
31.72	4
31.74	9
31.76	7
31.78	12
31.8	12
31.82	10
31.84	4
31.86	7
31.88	4
31.9	6
31.92	7
31.94	6
31.96	6
31.98	8
32	1
32.02	6
32.04	14
32.06	16
32.08	10
32.1	6
32.12	2
32.14	7
32.16	9
32.18	11
32.2	8
32.22	5
32.24	4
32.26	4
32.28	6
32.3	9
32.32	8
32.34	4
32.36	7
32.38	5
32.4	4
32.42	7
32.44	9
32.46	4
32.48	5
32.5	6
32.52	9
32.54	7
32.56	6
32.58	8
32.6	7
32.62	11
32.64	10
32.66	9
32.68	5
32.7	14
32.72	14
32.74	6
32.76	10
32.78	5
32.8	2
32.82	4
32.84	5
32.86	3
32.88	10
32.9	11
32.92	3
32.94	6
32.96	3
32.98	7
33	7
33.02	1
33.04	1
33.06	3
33.08	5
33.1	2
33.12	7
33.14	5
33.16	4
33.18	8
33.2	4
33.22	8
33.24	4
33.26	6
33.28	3
33.3	5
33.32	6
33.34	14
33.36	7
33.38	5
33.4	9
33.42	2
33.44	6
33.46	9
33.48	9
33.5	2
33.52	6
33.54	8
33.56	6
33.58	7
33.6	6
33.62	8
33.64	15
33.66	7
33.68	7
33.7	8
33.72	12
33.74	7
33.76	6
33.78	8
33.8	7
33.82	7
33.84	8
33.86	3
33.88	3
33.9	7
33.92	8
33.94	8
33.96	3
33.98	2
34	6
34.02	6
34.04	3
34.06	5
34.08	3
34.1	8
34.12	15
34.14	10
34.16	8
34.18	5
34.2	9
34.22	11
34.24	9
34.26	8
34.28	7
34.3	6
34.32	3
34.34	6
34.36	9
34.38	6
34.4	9
34.42	8
34.44	7
34.46	8
34.48	3
34.5	4
34.52	2
34.54	3
34.56	9
34.58	7
34.6	4
34.62	5
34.64	3
34.66	5
34.68	6
34.7	11
34.72	6
34.74	4
34.76	2
34.78	3
34.8	5
34.82	3
34.84	6
34.86	7
34.88	1
34.9	3
34.92	5
34.94	4
34.96	8
34.98	7
35	6
35.02	9
35.04	9
35.06	4
35.08	4
35.1	9
35.12	6
35.14	6
35.16	3
35.18	3
35.2	6
35.22	8
35.24	6
35.26	8
35.28	7
35.3	9
35.32	7
35.34	8
35.36	5
35.38	4
35.4	1
35.42	10
35.44	7
35.46	8
35.48	6
35.5	3
35.52	2
35.54	6
35.56	5
35.58	6
35.6	7
35.62	7
35.64	7
35.66	5
35.68	3
35.7	4
35.72	5
35.74	8
35.76	9
35.78	8
35.8	7
35.82	8
35.84	7
35.86	10
35.88	8
35.9	2
35.92	5
35.94	9
35.96	9
35.98	2
36	6
36.02	6
36.04	10
36.06	6
36.08	12
36.1	12
36.12	12
36.14	6
36.16	1
36.18	8
36.2	7
36.22	5
36.24	8
36.26	10
36.28	7
36.3	9
36.32	4
36.34	1
36.36	2
36.38	6
36.4	7
36.42	6
36.44	6
36.46	7
36.48	4
36.5	6
36.52	6
36.54	7
36.56	5
36.58	6
36.6	9
36.62	4
36.64	9
36.66	7
36.68	8
36.7	7
36.72	5
36.74	13
36.76	12
36.78	4
36.8	2
36.82	7
36.84	7
36.86	8
36.88	8
36.9	4
36.92	4
36.94	3
36.96	11
36.98	4
37	3
37.02	8
37.04	9
37.06	5
37.08	8
37.1	9
37.12	9
37.14	5
37.16	7
37.18	4
37.2	4
37.22	5
37.24	6
37.26	3
37.28	5
37.3	7
37.32	6
37.34	8
37.36	2
37.38	6
37.4	8
37.42	7
37.44	3
37.46	6
37.48	10
37.5	3
37.52	8
37.54	7
37.56	3
37.58	8
37.6	13
37.62	5
37.64	2
37.66	9
37.68	9
37.7	8
37.72	6
37.74	3
37.76	6
37.78	6
37.8	4
37.82	2
37.84	6
37.86	4
37.88	9
37.9	6
37.92	3
37.94	4
37.96	8
37.98	11
38	18
38.02	9
38.04	5
38.06	5
38.08	10
38.1	10
38.12	8
38.14	9
38.16	5
38.18	9
38.2	11
38.22	7
38.24	7
38.26	6
38.28	4
38.3	6
38.32	7
38.34	6
38.36	5
38.38	7
38.4	12
38.42	9
38.44	10
38.46	8
38.48	2
38.5	2
38.52	6
38.54	7
38.56	6
38.58	4
38.6	9
38.62	5
38.64	5
38.66	1
38.68	8
38.7	9
38.72	8
38.74	8
38.76	5
38.78	4
38.8	6
38.82	6
38.84	6
38.86	2
38.88	5
38.9	4
38.92	2
38.94	1
38.96	3
38.98	5
39	4
39.02	6
39.04	8
39.06	7
39.08	13
39.1	10
39.12	9
39.14	8
39.16	6
39.18	11
39.2	9
39.22	7
39.24	8
39.26	6
39.28	5
39.3	7
39.32	6
39.34	4
39.36	2
39.38	2
39.4	2
39.42	9
39.44	13
39.46	10
39.48	7
39.5	9
39.52	11
39.54	7
39.56	6
39.58	2
39.6	6
39.62	5
39.64	7
39.66	4
39.68	7
39.7	3
39.72	6
39.74	5
39.76	6
39.78	5
39.8	2
39.82	4
39.84	10
39.86	10
39.88	9
39.9	7
39.92	8
39.94	8
39.96	7
39.98	4
40	2
40.02	3
40.04	5
40.06	1
40.08	7
40.1	10
40.12	8
40.14	6
40.16	12
40.18	10
40.2	9
40.22	4
40.24	3
40.26	6
40.28	14
40.3	5
40.32	6
40.34	11
40.36	5
40.38	10
40.4	9
40.42	7
40.44	4
40.46	8
40.48	7
40.5	14
40.52	3
40.54	5
40.56	6
40.58	7
40.6	13
40.62	9
40.64	6
40.66	10
40.68	7
40.7	4
40.72	5
40.74	5
40.76	10
40.78	3
40.8	5
40.82	6
40.84	1
40.86	4
40.88	7
40.9	5
40.92	6
40.94	5
40.96	5
40.98	7
41	10
41.02	6
41.04	5
41.06	5
41.08	9
41.1	9
41.12	3
41.14	9
41.16	9
41.18	6
41.2	5
41.22	7
41.24	6
41.26	4
41.28	8
41.3	5
41.32	7
41.34	6
41.36	5
41.38	9
41.4	5
41.42	10
41.44	10
41.46	6
41.48	1
41.5	3
41.52	6
41.54	4
41.56	5
41.58	6
41.6	6
41.62	6
41.64	6
41.66	2
41.68	1
41.7	6
41.72	8
41.74	7
41.76	5
41.78	5
41.8	8
41.82	6
41.84	6
41.86	6
41.88	5
41.9	3
41.92	3
41.94	6
41.96	9
41.98	6
42	7
42.02	4
42.04	4
42.06	5
42.08	4
42.1	9
42.12	1
42.14	1
42.16	3
42.18	4
42.2	2
42.22	3
42.24	8
42.26	8
42.28	7
42.3	8
42.32	7
42.34	3
42.36	7
42.38	13
42.4	4
42.42	6
42.44	7
42.46	3
42.48	6
42.5	9
42.52	4
42.54	8
42.56	7
42.58	7
42.6	13
42.62	6
42.64	8
42.66	3
42.68	7
42.7	5
42.72	4
42.74	3
42.76	7
42.78	4
42.8	4
42.82	9
42.84	5
42.86	8
42.88	10
42.9	5
42.92	6
42.94	6
42.96	4
42.98	4
43	3
43.02	3
43.04	3
43.06	9
43.08	9
43.1	7
43.12	7
43.14	4
43.16	12
43.18	10
43.2	7
43.22	6
43.24	4
43.26	5
43.28	8
43.3	3
43.32	3
43.34	2
43.36	4
43.38	5
43.4	8
43.42	6
43.44	3
43.46	2
43.48	7
43.5	3
43.52	4
43.54	4
43.56	8
43.58	4
43.6	4
43.62	8
43.64	7
43.66	8
43.68	8
43.7	4
43.72	6
43.74	6
43.76	8
43.78	5
43.8	4
43.82	8
43.84	5
43.86	5
43.88	8
43.9	6
43.92	9
43.94	4
43.96	5
43.98	4
44	3
44.02	3
44.04	5
44.06	9
44.08	5
44.1	4
44.12	4
44.14	5
44.16	4
44.18	7
44.2	3
44.22	5
44.24	6
44.26	5
44.28	4
44.3	8
44.32	7
44.34	2
44.36	8
44.38	4
44.4	7
44.42	8
44.44	3
44.46	3
44.48	10
44.5	6
44.52	7
44.54	11
44.56	6
44.58	8
44.6	5
44.62	3
44.64	10
44.66	6
44.68	4
44.7	7
44.72	7
44.74	2
44.76	4
44.78	2
44.8	6
44.82	5
44.84	8
44.86	9
44.88	7
44.9	8
44.92	6
44.94	5
44.96	2
44.98	2
45	6
45.02	5
45.04	8
45.06	8
45.08	6
45.1	8
45.12	6
45.14	5
45.16	7
45.18	8
45.2	13
45.22	5
45.24	6
45.26	7
45.28	4
45.3	5
45.32	7
45.34	7
45.36	13
45.38	6
45.4	7
45.42	4
45.44	3
45.46	6
45.48	2
45.5	4
45.52	5
45.54	2
45.56	7
45.58	5
45.6	4
45.62	2
45.64	8
45.66	9
45.68	6
45.7	5
45.72	3
45.74	4
45.76	4
45.78	5
45.8	10
45.82	9
45.84	4
45.86	7
45.88	7
45.9	3
45.92	7
45.94	6
45.96	8
45.98	3
46	7
46.02	10
46.04	8
46.06	7
46.08	1
46.1	7
46.12	11
46.14	5
46.16	3
46.18	4
46.2	4
46.22	5
46.24	7
46.26	5
46.28	12
46.3	10
46.32	4
46.34	3
46.36	3
46.38	4
46.4	4
46.42	4
46.44	3
46.46	5
46.48	10
46.5	11
46.52	8
46.54	6
46.56	7
46.58	5
46.6	8
46.62	8
46.64	4
46.66	4
46.68	4
46.7	6
46.72	6
46.74	2
46.76	4
46.78	3
46.8	6
46.82	4
46.84	7
46.86	11
46.88	4
46.9	6
46.92	8
46.94	6
46.96	4
46.98	6
47	7
47.02	3
47.04	4
47.06	3
47.08	2
47.1	4
47.12	9
47.14	6
47.16	4
47.18	7
47.2	4
47.22	3
47.24	5
47.26	10
47.28	5
47.3	9
47.32	6
47.34	6
47.36	10
47.38	13
47.4	7
47.42	2
47.44	4
47.46	5
47.48	7
47.5	7
47.52	4
47.54	6
47.56	7
47.58	7
47.6	6
47.62	6
47.64	6
47.66	6
47.68	5
47.7	7
47.72	4
47.74	6
47.76	4
47.78	8
47.8	4
47.82	2
47.84	3
47.86	4
47.88	3
47.9	8
47.92	1
47.94	4
47.96	13
47.98	8
48	7
48.02	7
48.04	5
48.06	2
48.08	6
48.1	5
48.12	3
48.14	7
48.16	9
48.18	3
48.2	2
48.22	4
48.24	2
48.26	7
48.28	6
48.3	6
48.32	5
48.34	3
48.36	7
48.38	8
48.4	4
48.42	9
48.44	8
48.46	10
48.48	7
48.5	4
48.52	5
48.54	6
48.56	7
48.58	7
48.6	1
48.62	6
48.64	8
48.66	5
48.68	3
48.7	5
48.72	5
48.74	5
48.76	6
48.78	3
48.8	2
48.82	11
48.84	8
48.86	4
48.88	9
48.9	10
48.92	9
48.94	4
48.96	7
48.98	5
49	9
49.02	4
49.04	5
49.06	7
49.08	10
49.1	5
49.12	1
49.14	5
49.16	8
49.18	6
49.2	5
49.22	11
49.24	8
49.26	5
49.28	5
49.3	3
49.32	2
49.34	4
49.36	10
49.38	9
49.4	4
49.42	8
49.44	6
49.46	5
49.48	11
49.5	9
49.52	5
49.54	3
49.56	7
49.58	9
49.6	8
49.62	6
49.64	4
49.66	7
49.68	12
49.7	8
49.72	10
49.74	4
49.76	6
49.78	4
49.8	3
49.82	12
49.84	7
49.86	5
49.88	5
49.9	4
49.92	3
49.94	11
49.96	8
49.98	7
50	5
50.02	5
50.04	8
50.06	9
50.08	5
50.1	6
50.12	4
50.14	3
50.16	7
50.18	10
50.2	7
50.22	5
50.24	7
50.26	6
50.28	4
50.3	8
50.32	9
50.34	6
50.36	9
50.38	5
50.4	5
50.42	9
50.44	13
50.46	7
50.48	6
50.5	5
50.52	9
50.54	4
50.56	4
50.58	6
50.6	8
50.62	10
50.64	5
50.66	2
50.68	9
50.7	8
50.72	10
50.74	8
50.76	4
50.78	7
50.8	4
50.82	3
50.84	4
50.86	5
50.88	6
50.9	2
50.92	3
50.94	4
50.96	2
50.98	7
51	2
51.02	3
51.04	4
51.06	8
51.08	4
51.1	5
51.12	5
51.14	6
51.16	4
51.18	5
51.2	9
51.22	6
51.24	7
51.26	4
51.28	5
51.3	8
51.32	5
51.34	6
51.36	6
51.38	5
51.4	1
51.42	5
51.44	7
51.46	1
51.48	4
51.5	14
51.52	6
51.54	7
51.56	2
51.58	3
51.6	5
51.62	11
51.64	4
51.66	4
51.68	4
51.7	5
51.72	4
51.74	2
51.76	3
51.78	9
51.8	6
51.82	6
51.84	8
51.86	5
51.88	5
51.9	3
51.92	3
51.94	9
51.96	8
51.98	4
52	12
52.02	3
52.04	4
52.06	3
52.08	3
52.1	5
52.12	5
52.14	4
52.16	5
52.18	4
52.2	5
52.22	6
52.24	9
52.26	6
52.28	7
52.3	4
52.32	2
52.34	7
52.36	4
52.38	7
52.4	4
52.42	3
52.44	9
52.46	4
52.48	10
52.5	7
52.52	6
52.54	7
52.56	4
52.58	4
52.6	4
52.62	11
52.64	8
52.66	9
52.68	10
52.7	7
52.72	4
52.74	3
52.76	15
52.78	12
52.8	6
52.82	4
52.84	6
52.86	9
52.88	10
52.9	13
52.92	7
52.94	5
52.96	6
52.98	3
53	5
53.02	6
53.04	13
53.06	9
53.08	3
53.1	4
53.12	1
53.14	1
53.16	7
53.18	9
53.2	9
53.22	7
53.24	2
53.26	6
53.28	6
53.3	2
53.32	6
53.34	5
53.36	3
53.38	4
53.4	5
53.42	8
53.44	6
53.46	5
53.48	5
53.5	9
53.52	6
53.54	5
53.56	5
53.58	5
53.6	3
53.62	3
53.64	3
53.66	8
53.68	2
53.7	5
53.72	2
53.74	4
53.76	2
53.78	5
53.8	7
53.82	7
53.84	7
53.86	6
53.88	8
53.9	7
53.92	5
53.94	6
53.96	10
53.98	4
54	2
54.02	2
54.04	8
54.06	7
54.08	2
54.1	6
54.12	4
54.14	4
54.16	6
54.18	2
54.2	6
54.22	5
54.24	6
54.26	7
54.28	5
54.3	7
54.32	4
54.34	4
54.36	9
54.38	8
54.4	7
54.42	10
54.44	14
54.46	4
54.48	4
54.5	10
54.52	6
54.54	9
54.56	5
54.58	7
54.6	5
54.62	4
54.64	5
54.66	3
54.68	8
54.7	10
54.72	3
54.74	4
54.76	4
54.78	5
54.8	9
54.82	3
54.84	3
54.86	6
54.88	2
54.9	5
54.92	9
54.94	5
54.96	5
54.98	8
55	6
55.02	3
55.04	7
55.06	7
55.08	8
55.1	8
55.12	5
55.14	4
55.16	10
55.18	8
55.2	5
55.22	6
55.24	10
55.26	9
55.28	9
55.3	3
55.32	5
55.34	9
55.36	6
55.38	4
55.4	4
55.42	6
55.44	4
55.46	4
55.48	2
55.5	4
55.52	7
55.54	5
55.56	5
55.58	6
55.6	5
55.62	5
55.64	6
55.66	11
55.68	4
55.7	6
55.72	11
55.74	12
55.76	6
55.78	6
55.8	7
55.82	8
55.84	8
55.86	6
55.88	2
55.9	5
55.92	7
55.94	4
55.96	4
55.98	7
56	7
56.02	4
56.04	5
56.06	7
56.08	5
56.1	4
56.12	2
56.14	5
56.16	3
56.18	4
56.2	7
56.22	2
56.24	10
56.26	9
56.28	3
56.3	5
56.32	8
56.34	7
56.36	5
56.38	6
56.4	6
56.42	2
56.44	4
56.46	2
56.48	8
56.5	10
56.52	5
56.54	3
56.56	5
56.58	3
56.6	4
56.62	3
56.64	6
56.66	8
56.68	3
56.7	12
56.72	6
56.74	8
56.76	6
56.78	3
56.8	5
56.82	8
56.84	2
56.86	3
56.88	4
56.9	7
56.92	5
56.94	6
56.96	6
56.98	11
57	9
57.02	5
57.04	7
57.06	8
57.08	6
57.1	5
57.12	5
57.14	4
57.16	6
57.18	7
57.2	5
57.22	6
57.24	3
57.26	2
57.28	3
57.3	6
57.32	4
57.34	6
57.36	6
57.38	4
57.4	6
57.42	3
57.44	7
57.46	5
57.48	5
57.5	5
57.52	7
57.54	9
57.56	7
57.58	5
57.6	8
57.62	7
57.64	5
57.66	6
57.68	5
57.7	7
57.72	9
57.74	5
57.76	4
57.78	8
57.8	5
57.82	6
57.84	4
57.86	2
57.88	2
57.9	7
57.92	10
57.94	7
57.96	8
57.98	7
58	4
58.02	8
58.04	3
58.06	6
58.08	4
58.1	7
58.12	6
58.14	6
58.16	5
58.18	1
58.2	5
58.22	6
58.24	1
58.26	7
58.28	3
58.3	2
58.32	5
58.34	1
58.36	8
58.38	7
58.4	6
58.42	1
58.44	4
58.46	3
58.48	5
58.5	9
58.52	6
58.54	4
58.56	3
58.58	4
58.6	5
58.62	5
58.64	6
58.66	10
58.68	10
58.7	4
58.72	2
58.74	1
58.76	3
58.78	11
58.8	6
58.82	3
58.84	4
58.86	3
58.88	5
58.9	9
58.92	7
58.94	5
58.96	8
58.98	6
59	4
59.02	3
59.04	12
59.06	5
59.08	7
59.1	8
59.12	8
59.14	5
59.16	7
59.18	3
59.2	7
59.22	6
59.24	12
59.26	2
59.28	6
59.3	8
59.32	8
59.34	6
59.36	7
59.38	13
59.4	13
59.42	8
59.44	7
59.46	1
59.48	0
59.5	2
59.52	4
59.54	3
59.56	5
59.58	6
59.6	9
59.62	8
59.64	5
59.66	5
59.68	3
59.7	11
59.72	10
59.74	3
59.76	7
59.78	4
59.8	4
59.82	4
59.84	3
59.86	8
59.88	6
59.9	3
59.92	4
59.94	5
59.96	7
59.98	4
60	2
60.02	5
60.04	4
60.06	3
60.08	8
60.1	8
60.12	5
60.14	4
60.16	5
60.18	6
60.2	6
60.22	7
60.24	3
60.26	5
60.28	6
60.3	5
60.32	5
60.34	3
60.36	6
60.38	7
60.4	7
60.42	2
60.44	6
60.46	7
60.48	10
60.5	6
60.52	6
60.54	4
60.56	5
60.58	3
60.6	4
60.62	4
60.64	4
60.66	2
60.68	1
60.7	3
60.72	2
60.74	0
60.76	2
60.78	4
60.8	8
60.82	6
60.84	4
60.86	3
60.88	5
60.9	6
60.92	6
60.94	7
60.96	5
60.98	6
61	6
61.02	3
61.04	7
61.06	3
61.08	3
61.1	2
61.12	8
61.14	6
61.16	0
61.18	4
61.2	2
61.22	3
61.24	3
61.26	3
61.28	3
61.3	5
61.32	4
61.34	0
61.36	2
61.38	1
61.4	3
61.42	1
61.44	4
61.46	6
61.48	4
61.5	7
61.52	15
61.54	8
61.56	6
61.58	5
61.6	2
61.62	6
61.64	3
61.66	4
61.68	3
61.7	3
61.72	6
61.74	4
61.76	4
61.78	3
61.8	7
61.82	9
61.84	4
61.86	4
61.88	5
61.9	9
61.92	5
61.94	2
61.96	5
61.98	8
62	9
62.02	2
62.04	3
62.06	6
62.08	5
62.1	4
62.12	10
62.14	9
62.16	4
62.18	6
62.2	9
62.22	7
62.24	8
62.26	5
62.28	5
62.3	5
62.32	4
62.34	3
62.36	4
62.38	3
62.4	11
62.42	7
62.44	6
62.46	7
62.48	4
62.5	8
62.52	3
62.54	6
62.56	7
62.58	6
62.6	9
62.62	6
62.64	5
62.66	4
62.68	6
62.7	11
62.72	4
62.74	6
62.76	10
62.78	4
62.8	4
62.82	10
62.84	4
62.86	5
62.88	7
62.9	4
62.92	7
62.94	6
62.96	10
62.98	7
63	11
63.02	5
63.04	6
63.06	10
63.08	8
63.1	5
63.12	6
63.14	6
63.16	1
63.18	5
63.2	5
63.22	4
63.24	1
63.26	3
63.28	7
63.3	4
63.32	2
63.34	6
63.36	7
63.38	10
63.4	3
63.42	1
63.44	3
63.46	5
63.48	5
63.5	5
63.52	5
63.54	2
63.56	3
63.58	0
63.6	2
63.62	6
63.64	5
63.66	5
63.68	7
63.7	7
63.72	3
63.74	7
63.76	5
63.78	3
63.8	6
63.82	4
63.84	4
63.86	5
63.88	1
63.9	0
63.92	3
63.94	3
63.96	7
63.98	6
64	5
64.02	4
64.04	4
64.06	6
64.08	9
64.1	3
64.12	3
64.14	3
64.16	2
64.18	2
64.2	5
64.22	4
64.24	8
64.26	12
64.28	11
64.3	6
64.32	4
64.34	3
64.36	7
64.38	3
64.4	3
64.42	5
64.44	8
64.46	6
64.48	3
64.5	8
64.52	8
64.54	8
64.56	7
64.58	4
64.6	4
64.62	1
64.64	0
64.66	0
64.68	3
64.7	3
64.72	4
64.74	3
64.76	4
64.78	5
64.8	1
64.82	5
64.84	5
64.86	7
64.88	2
64.9	0
64.92	5
64.94	5
64.96	6
64.98	3
65	4
65.02	7
65.04	6
65.06	6
65.08	6
65.1	6
65.12	3
65.14	3
65.16	5
65.18	6
65.2	4
65.22	2
65.24	3
65.26	6
65.28	4
65.3	2
65.32	4
65.34	2
65.36	8
65.38	6
65.4	9
65.42	6
65.44	5
65.46	3
65.48	2
65.5	7
65.52	10
65.54	5
65.56	6
65.58	6
65.6	2
65.62	3
65.64	3
65.66	4
65.68	6
65.7	7
65.72	8
65.74	7
65.76	8
65.78	7
65.8	9
65.82	11
65.84	5
65.86	9
65.88	6
65.9	5
65.92	4
65.94	5
65.96	10
65.98	12
66	8
66.02	4
66.04	2
66.06	5
66.08	7
66.1	4
66.12	6
66.14	8
66.16	3
66.18	5
66.2	4
66.22	4
66.24	4
66.26	5
66.28	4
66.3	2
66.32	3
66.34	7
66.36	2
66.38	5
66.4	2
66.42	1
66.44	3
66.46	6
66.48	8
66.5	5
66.52	6
66.54	6
66.56	10
66.58	6
66.6	1
66.62	4
66.64	7
66.66	5
66.68	7
66.7	5
66.72	4
66.74	5
66.76	8
66.78	10
66.8	8
66.82	4
66.84	2
66.86	3
66.88	5
66.9	3
66.92	3
66.94	6
66.96	9
66.98	1
67	2
67.02	2
67.04	5
67.06	6
67.08	5
67.1	5
67.12	8
67.14	2
67.16	4
67.18	1
67.2	1
67.22	3
67.24	2
67.26	2
67.28	5
67.3	6
67.32	2
67.34	5
67.36	3
67.38	2
67.4	5
67.42	2
67.44	5
67.46	7
67.48	7
67.5	5
67.52	2
67.54	12
67.56	3
67.58	4
67.6	3
67.62	3
67.64	6
67.66	7
67.68	7
67.7	8
67.72	4
67.74	6
67.76	10
67.78	3
67.8	5
67.82	3
67.84	5
67.86	4
67.88	2
67.9	3
67.92	4
67.94	4
67.96	7
67.98	11
68	5
68.02	5
68.04	6
68.06	4
68.08	1
68.1	6
68.12	3
68.14	4
68.16	4
68.18	5
68.2	3
68.22	4
68.24	7
68.26	7
68.28	4
68.3	4
68.32	7
68.34	6
68.36	4
68.38	6
68.4	8
68.42	6
68.44	4
68.46	6
68.48	0
68.5	0
68.52	6
68.54	4
68.56	4
68.58	3
68.6	1
68.62	0
68.64	4
68.66	3
68.68	2
68.7	2
68.72	6
68.74	8
68.76	7
68.78	5
68.8	5
68.82	6
68.84	4
68.86	6
68.88	4
68.9	3
68.92	2
68.94	8
68.96	11
68.98	14
69	5
69.02	7
69.04	4
69.06	3
69.08	8
69.1	9
69.12	6
69.14	8
69.16	7
69.18	8
69.2	12
69.22	7
69.24	1
69.26	12
69.28	5
69.3	1
69.32	1
69.34	9
69.36	12
69.38	5
69.4	7
69.42	6
69.44	2
69.46	4
69.48	7
69.5	6
69.52	5
69.54	8
69.56	6
69.58	5
69.6	2
69.62	5
69.64	4
69.66	3
69.68	4
69.7	5
69.72	4
69.74	5
69.76	3
69.78	2
69.8	5
69.82	4
69.84	2
69.86	4
69.88	4
69.9	3
69.92	5
69.94	4
69.96	2
69.98	4
70	9
70.02	7
70.04	4
70.06	3
70.08	5
70.1	4
70.12	5
70.14	3
70.16	5
70.18	5
70.2	6
70.22	1
70.24	4
70.26	0
70.28	6
70.3	6
70.32	6
70.34	7
70.36	7
70.38	3
70.4	5
70.42	6
70.44	5
70.46	6
70.48	8
70.5	7
70.52	5
70.54	2
70.56	5
70.58	6
70.6	8
70.62	1
70.64	6
70.66	7
70.68	8
70.7	6
70.72	3
70.74	7
70.76	3
70.78	8
70.8	6
70.82	2
70.84	10
70.86	14
70.88	7
70.9	8
70.92	2
70.94	3
70.96	4
70.98	10
71	8
71.02	5
71.04	3
71.06	6
71.08	8
71.1	7
71.12	7
71.14	5
71.16	0
71.18	5
71.2	3
71.22	6
71.24	8
71.26	5
71.28	6
71.3	8
71.32	7
71.34	5
71.36	7
71.38	4
71.4	3
71.42	2
71.44	1
71.46	3
71.48	4
71.5	5
71.52	5
71.54	4
71.56	9
71.58	4
71.6	4
71.62	3
71.64	10
71.66	8
71.68	10
71.7	9
71.72	8
71.74	6
71.76	1
71.78	2
71.8	5
71.82	4
71.84	4
71.86	3
71.88	7
71.9	6
71.92	3
71.94	5
71.96	5
71.98	1
72	6
72.02	6
72.04	5
72.06	2
72.08	4
72.1	8
72.12	11
72.14	4
72.16	5
72.18	4
72.2	3
72.22	6
72.24	5
72.26	1
72.28	5
72.3	6
72.32	4
72.34	6
72.36	10
72.38	6
72.4	4
72.42	3
72.44	6
72.46	4
72.48	6
72.5	7
72.52	4
72.54	2
72.56	6
72.58	8
72.6	5
72.62	6
72.64	7
72.66	7
72.68	3
72.7	5
72.72	7
72.74	7
72.76	7
72.78	5
72.8	5
72.82	8
72.84	12
72.86	6
72.88	5
72.9	4
72.92	4
72.94	9
72.96	4
72.98	3
73	6
73.02	6
73.04	2
73.06	2
73.08	3
73.1	2
73.12	4
73.14	3
73.16	3
73.18	4
73.2	6
73.22	2
73.24	3
73.26	2
73.28	2
73.3	2
73.32	4
73.34	2
73.36	1
73.38	4
73.4	8
73.42	8
73.44	1
73.46	8
73.48	9
73.5	5
73.52	3
73.54	5
73.56	3
73.58	5
73.6	4
73.62	5
73.64	5
73.66	5
73.68	9
73.7	6
73.72	2
73.74	5
73.76	2
73.78	7
73.8	5
73.82	7
73.84	3
73.86	3
73.88	4
73.9	3
73.92	1
73.94	5
73.96	6
73.98	5
74	10
74.02	6
74.04	4
74.06	4
74.08	5
74.1	4
74.12	5
74.14	6
74.16	1
74.18	5
74.2	6
74.22	4
74.24	2
74.26	3
74.28	4
74.3	4
74.32	9
74.34	8
74.36	5
74.38	2
74.4	4
74.42	2
74.44	3
74.46	8
74.48	5
74.5	1
74.52	3
74.54	2
74.56	3
74.58	3
74.6	3
74.62	5
74.64	5
74.66	5
74.68	5
74.7	4
74.72	3
74.74	8
74.76	6
74.78	4
74.8	4
74.82	2
74.84	6
74.86	4
74.88	7
74.9	10
74.92	6
74.94	4
74.96	4
74.98	8
