Disc Threshold [V]	D2, v1J2, 09.12. First	D2, v1J2, 09.12. First
Dwell time [s]	25k shots	25k shots
Number of channels Number of Scans  D2 v 1 J 2 30.1V 3.25A Au 788C Knnew  C Kn  e-2mbar (base 1.5e-2) x=35mm y=35.5mm z=512mm D2/RGA 1.0e-10 torr (base 1.8e-11) 500: 9.3e-9 mbar		power corrected
0	493	0.0181457667584147
0.02	-885	-0.0325740437752475
0.04	11	4.04875120370307E-4
0.06	-1	-3.68068291245734E-5
0.08	-18	-6.62522924242321E-4
0.1	-1	-3.68068291245734E-5
0.12	6	2.2084097474744E-4
0.14	-3	-1.1042048737372E-4
0.16	6	2.2084097474744E-4
0.18	-1	-3.68068291245734E-5
0.2	6	2.2084097474744E-4
0.22	-6	-2.2084097474744E-4
0.24	-8	-2.94454632996587E-4
0.26	2	7.36136582491468E-5
0.28	5	1.84034145622867E-4
0.3	3	1.1042048737372E-4
0.32	9	3.31261462121161E-4
0.34	13	4.78488778619454E-4
0.36	6	2.2084097474744E-4
0.38	-15	-5.52102436868601E-4
0.4	19	6.99329753366895E-4
0.42	12	4.41681949494881E-4
0.44	23	8.46557069865188E-4
0.46	5	1.84034145622867E-4
0.48	-7	-2.57647803872014E-4
0.5	8	2.94454632996587E-4
0.52	16	5.88909265993175E-4
0.54	13	4.78488778619454E-4
0.56	-12	-4.41681949494881E-4
0.58	2	7.36136582491468E-5
0.6	11	4.04875120370307E-4
0.62	0	0
0.64	-6	-2.2084097474744E-4
0.66	21	7.72943411616042E-4
0.68	10	3.68068291245734E-4
0.7	-15	-5.52102436868601E-4
0.72	-12	-4.41681949494881E-4
0.74	15	5.52102436868601E-4
0.76	-1	-3.68068291245734E-5
0.78	8	2.94454632996587E-4
0.8	11	4.04875120370307E-4
0.82	31	0.00114101170286178
0.84	77	0.00283412584259215
0.86	55	0.00202437560185154
0.88	50	0.00184034145622867
0.9	-15	-5.52102436868601E-4
0.92	40	0.00147227316498294
0.94	42	0.00154588682323208
0.96	-19	-6.99329753366895E-4
0.98	0	0
1	104	0.00382791022895563
1.02	66	0.00242925072222184
1.04	-14	-5.15295607744028E-4
1.06	22	8.09750240740615E-4
1.08	8	2.94454632996587E-4
1.1	102	0.00375429657070649
1.12	82	0.00301815998821502
1.14	33	0.00121462536111092
1.16	45	0.0016563073106058
1.18	12	4.41681949494881E-4
1.2	42	0.00154588682323208
1.22	85	0.00312858047558874
1.24	3	1.1042048737372E-4
1.26	-36	-0.00132504584848464
1.28	2	7.36136582491468E-5
1.3	6	2.2084097474744E-4
1.32	17	6.25716095117748E-4
1.34	2	7.36136582491468E-5
1.36	6	2.2084097474744E-4
1.38	9	3.31261462121161E-4
1.4	47	0.00172992096885495
1.42	15	5.52102436868601E-4
1.44	17	6.25716095117748E-4
1.46	15	5.52102436868601E-4
1.48	-8	-2.94454632996587E-4
1.5	-3	-1.1042048737372E-4
1.52	-21	-7.72943411616042E-4
1.54	-22	-8.09750240740615E-4
1.56	-10	-3.68068291245734E-4
1.58	16	5.88909265993175E-4
1.6	16	5.88909265993175E-4
1.62	13	4.78488778619454E-4
1.64	3	1.1042048737372E-4
1.66	4	1.47227316498294E-4
1.68	15	5.52102436868601E-4
1.7	12	4.41681949494881E-4
1.72	7	2.57647803872014E-4
1.74	8	2.94454632996587E-4
1.76	14	5.15295607744028E-4
1.78	-2	-7.36136582491468E-5
1.8	-3	-1.1042048737372E-4
1.82	0	0
1.84	12	4.41681949494881E-4
1.86	13	4.78488778619454E-4
1.88	4	1.47227316498294E-4
1.9	9	3.31261462121161E-4
1.92	7	2.57647803872014E-4
1.94	4	1.47227316498294E-4
1.96	3	1.1042048737372E-4
1.98	-4	-1.47227316498294E-4
2	10	3.68068291245734E-4
2.02	-4	-1.47227316498294E-4
2.04	-18	-6.62522924242321E-4
2.06	-9	-3.31261462121161E-4
2.08	-7	-2.57647803872014E-4
2.1	-7	-2.57647803872014E-4
2.12	0	0
2.14	-7	-2.57647803872014E-4
2.16	8	2.94454632996587E-4
2.18	4	1.47227316498294E-4
2.2	-16	-5.88909265993175E-4
2.22	-22	-8.09750240740615E-4
2.24	-9	-3.31261462121161E-4
2.26	2	7.36136582491468E-5
2.28	-1	-3.68068291245734E-5
2.3	4	1.47227316498294E-4
2.32	-6	-2.2084097474744E-4
2.34	-5	-1.84034145622867E-4
2.36	-4	-1.47227316498294E-4
2.38	11	4.04875120370307E-4
2.4	6	2.2084097474744E-4
2.42	-7	-2.57647803872014E-4
2.44	-11	-4.04875120370307E-4
2.46	0	0
2.48	0	0
2.5	-1	-3.68068291245734E-5
2.52	5	1.84034145622867E-4
2.54	6	2.2084097474744E-4
2.56	7	2.57647803872014E-4
2.58	7	2.57647803872014E-4
2.6	7	2.57647803872014E-4
2.62	8	2.94454632996587E-4
2.64	6	2.2084097474744E-4
2.66	-2	-7.36136582491468E-5
2.68	-2	-7.36136582491468E-5
2.7	0	0
2.72	4	1.47227316498294E-4
2.74	-2	-7.36136582491468E-5
2.76	-2	-7.36136582491468E-5
2.78	-3	-1.1042048737372E-4
2.8	-15	-5.52102436868601E-4
2.82	-8	-2.94454632996587E-4
2.84	6	2.2084097474744E-4
2.86	2	7.36136582491468E-5
2.88	1	3.68068291245734E-5
2.9	2	7.36136582491468E-5
2.92	-3	-1.1042048737372E-4
2.94	-7	-2.57647803872014E-4
2.96	8	2.94454632996587E-4
2.98	7	2.57647803872014E-4
3	5	1.84034145622867E-4
3.02	1	3.68068291245734E-5
3.04	0	0
3.06	-3	-1.1042048737372E-4
3.08	-3	-1.1042048737372E-4
3.1	4	1.47227316498294E-4
3.12	5	1.84034145622867E-4
3.14	9	3.31261462121161E-4
3.16	3	1.1042048737372E-4
3.18	2	7.36136582491468E-5
3.2	-1	-3.68068291245734E-5
3.22	-6	-2.2084097474744E-4
3.24	20	7.36136582491468E-4
3.26	4	1.47227316498294E-4
3.28	2	7.36136582491468E-5
3.3	0	0
3.32	2	7.36136582491468E-5
3.34	5	1.84034145622867E-4
3.36	2	7.36136582491468E-5
3.38	1	3.68068291245734E-5
3.4	-1	-3.68068291245734E-5
3.42	-3	-1.1042048737372E-4
3.44	-3	-1.1042048737372E-4
3.46	-8	-2.94454632996587E-4
3.48	-5	-1.84034145622867E-4
3.5	4	1.47227316498294E-4
3.52	11	4.04875120370307E-4
3.54	8	2.94454632996587E-4
3.56	2	7.36136582491468E-5
3.58	6	2.2084097474744E-4
3.6	1	3.68068291245734E-5
3.62	-7	-2.57647803872014E-4
3.64	8	2.94454632996587E-4
3.66	0	0
3.68	-3	-1.1042048737372E-4
3.7	-3	-1.1042048737372E-4
3.72	-2	-7.36136582491468E-5
3.74	-2	-7.36136582491468E-5
3.76	1	3.68068291245734E-5
3.78	0	0
3.8	-2	-7.36136582491468E-5
3.82	-4	-1.47227316498294E-4
3.84	0	0
3.86	-2	-7.36136582491468E-5
3.88	3	1.1042048737372E-4
3.9	3	1.1042048737372E-4
3.92	0	0
3.94	0	0
3.96	2	7.36136582491468E-5
3.98	2	7.36136582491468E-5
4	8	2.94454632996587E-4
4.02	4	1.47227316498294E-4
4.04	-2	-7.36136582491468E-5
4.06	1	3.68068291245734E-5
4.08	9	3.31261462121161E-4
4.1	6	2.2084097474744E-4
4.12	12	4.41681949494881E-4
4.14	32	0.00117781853198635
4.16	7	2.57647803872014E-4
4.18	2	7.36136582491468E-5
4.2	-5	-1.84034145622867E-4
4.22	-10	-3.68068291245734E-4
4.24	-7	-2.57647803872014E-4
4.26	12	4.41681949494881E-4
4.28	18	6.62522924242321E-4
4.3	0	0
4.32	-5	-1.84034145622867E-4
4.34	-2	-7.36136582491468E-5
4.36	0	0
4.38	0	0
4.4	-2	-7.36136582491468E-5
4.42	4	1.47227316498294E-4
4.44	9	3.31261462121161E-4
4.46	3	1.1042048737372E-4
4.48	6	2.2084097474744E-4
4.5	12	4.41681949494881E-4
4.52	8	2.94454632996587E-4
4.54	3	1.1042048737372E-4
4.56	-7	-2.57647803872014E-4
4.58	-6	-2.2084097474744E-4
4.6	-5	-1.84034145622867E-4
4.62	0	0
4.64	-1	-3.68068291245734E-5
4.66	12	4.41681949494881E-4
4.68	8	2.94454632996587E-4
4.7	0	0
4.72	-4	-1.47227316498294E-4
4.74	-5	-1.84034145622867E-4
4.76	5	1.84034145622867E-4
4.78	7	2.57647803872014E-4
4.8	-6	-2.2084097474744E-4
4.82	-8	-2.94454632996587E-4
4.84	-4	-1.47227316498294E-4
4.86	-6	-2.2084097474744E-4
4.88	-2	-7.36136582491468E-5
4.9	-4	-1.47227316498294E-4
4.92	10	3.68068291245734E-4
4.94	7	2.57647803872014E-4
4.96	7	2.57647803872014E-4
4.98	6	2.2084097474744E-4
5	0	0
5.02	6	2.2084097474744E-4
5.04	6	2.2084097474744E-4
5.06	0	0
5.08	14	5.15295607744028E-4
5.1	13	4.78488778619454E-4
5.12	5	1.84034145622867E-4
5.14	-1	-3.68068291245734E-5
5.16	0	0
5.18	-2	-7.36136582491468E-5
5.2	9	3.31261462121161E-4
5.22	6	2.2084097474744E-4
5.24	6	2.2084097474744E-4
5.26	3	1.1042048737372E-4
5.28	6	2.2084097474744E-4
5.3	16	5.88909265993175E-4
5.32	14	5.15295607744028E-4
5.34	14	5.15295607744028E-4
5.36	7	2.57647803872014E-4
5.38	4	1.47227316498294E-4
5.4	6	2.2084097474744E-4
5.42	23	8.46557069865188E-4
5.44	13	4.78488778619454E-4
5.46	-5	-1.84034145622867E-4
5.48	-12	-4.41681949494881E-4
5.5	-2	-7.36136582491468E-5
5.52	-1	-3.68068291245734E-5
5.54	4	1.47227316498294E-4
5.56	11	4.04875120370307E-4
5.58	6	2.2084097474744E-4
5.6	2	7.36136582491468E-5
5.62	-1	-3.68068291245734E-5
5.64	0	0
5.66	-7	-2.57647803872014E-4
5.68	-2	-7.36136582491468E-5
5.7	5	1.84034145622867E-4
5.72	14	5.15295607744028E-4
5.74	4	1.47227316498294E-4
5.76	-4	-1.47227316498294E-4
5.78	-3	-1.1042048737372E-4
5.8	6	2.2084097474744E-4
5.82	-3	-1.1042048737372E-4
5.84	-10	-3.68068291245734E-4
5.86	6	2.2084097474744E-4
5.88	6	2.2084097474744E-4
5.9	-10	-3.68068291245734E-4
5.92	1	3.68068291245734E-5
5.94	0	0
5.96	9	3.31261462121161E-4
5.98	5	1.84034145622867E-4
6	-2	-7.36136582491468E-5
6.02	3	1.1042048737372E-4
6.04	-10	-3.68068291245734E-4
6.06	-5	-1.84034145622867E-4
6.08	-9	-3.31261462121161E-4
6.1	-6	-2.2084097474744E-4
6.12	10	3.68068291245734E-4
6.14	15	5.52102436868601E-4
6.16	6	2.2084097474744E-4
6.18	-5	-1.84034145622867E-4
6.2	-14	-5.15295607744028E-4
6.22	-1	-3.68068291245734E-5
6.24	4	1.47227316498294E-4
6.26	-1	-3.68068291245734E-5
6.28	-5	-1.84034145622867E-4
6.3	-1	-3.68068291245734E-5
6.32	7	2.57647803872014E-4
6.34	6	2.2084097474744E-4
6.36	-6	-2.2084097474744E-4
6.38	-13	-4.78488778619454E-4
6.4	-4	-1.47227316498294E-4
6.42	10	3.68068291245734E-4
6.44	0	0
6.46	-2	-7.36136582491468E-5
6.48	4	1.47227316498294E-4
6.5	6	2.2084097474744E-4
6.52	3	1.1042048737372E-4
6.54	-2	-7.36136582491468E-5
6.56	-11	-4.04875120370307E-4
6.58	-16	-5.88909265993175E-4
6.6	-6	-2.2084097474744E-4
6.62	19	6.99329753366895E-4
6.64	14	5.15295607744028E-4
6.66	-11	-4.04875120370307E-4
6.68	3	1.1042048737372E-4
6.7	-13	-4.78488778619454E-4
6.72	-7	-2.57647803872014E-4
6.74	-4	-1.47227316498294E-4
6.76	-7	-2.57647803872014E-4
6.78	-6	-2.2084097474744E-4
6.8	2	7.36136582491468E-5
6.82	10	3.68068291245734E-4
6.84	-21	-7.72943411616042E-4
6.86	-24	-8.83363898989762E-4
6.88	-11	-4.04875120370307E-4
6.9	-7	-2.57647803872014E-4
6.92	-8	-2.94454632996587E-4
6.94	-8	-2.94454632996587E-4
6.96	0	0
6.98	-3	-1.1042048737372E-4
7	0	0
7.02	9	3.31261462121161E-4
7.04	-26	-9.56977557238908E-4
7.06	-13	-4.78488778619454E-4
7.08	3	1.1042048737372E-4
7.1	1	3.68068291245734E-5
7.12	1	3.68068291245734E-5
7.14	-1	-3.68068291245734E-5
7.16	10	3.68068291245734E-4
7.18	23	8.46557069865188E-4
7.2	9	3.31261462121161E-4
7.22	3	1.1042048737372E-4
7.24	-8	-2.94454632996587E-4
7.26	-8	-2.94454632996587E-4
7.28	-15	-5.52102436868601E-4
7.3	6	2.2084097474744E-4
7.32	9	3.31261462121161E-4
7.34	10	3.68068291245734E-4
7.36	5	1.84034145622867E-4
7.38	-6	-2.2084097474744E-4
7.4	-14	-5.15295607744028E-4
7.42	1	3.68068291245734E-5
7.44	12	4.41681949494881E-4
7.46	2	7.36136582491468E-5
7.48	0	0
7.5	1	3.68068291245734E-5
7.52	5	1.84034145622867E-4
7.54	-2	-7.36136582491468E-5
7.56	0	0
7.58	3	1.1042048737372E-4
7.6	15	5.52102436868601E-4
7.62	-1	-3.68068291245734E-5
7.64	-2	-7.36136582491468E-5
7.66	4	1.47227316498294E-4
7.68	-2	-7.36136582491468E-5
7.7	-1	-3.68068291245734E-5
7.72	8	2.94454632996587E-4
7.74	34	0.0012514321902355
7.76	29	0.00106739804461263
7.78	15	5.52102436868601E-4
7.8	5	1.84034145622867E-4
7.82	8	2.94454632996587E-4
7.84	3	1.1042048737372E-4
7.86	6	2.2084097474744E-4
7.88	9	3.31261462121161E-4
7.9	9	3.31261462121161E-4
7.92	16	5.88909265993175E-4
7.94	2	7.36136582491468E-5
7.96	25	9.20170728114335E-4
7.98	10	3.68068291245734E-4
8	6	2.2084097474744E-4
8.02	2	7.36136582491468E-5
8.04	1	3.68068291245734E-5
8.06	9	3.31261462121161E-4
8.08	10	3.68068291245734E-4
8.1	1	3.68068291245734E-5
8.12	4	1.47227316498294E-4
8.14	3	1.1042048737372E-4
8.16	-10	-3.68068291245734E-4
8.18	4	1.47227316498294E-4
8.2	-2	-7.36136582491468E-5
8.22	-7	-2.57647803872014E-4
8.24	4	1.47227316498294E-4
8.26	10	3.68068291245734E-4
8.28	11	4.04875120370307E-4
8.3	-2	-7.36136582491468E-5
8.32	3	1.1042048737372E-4
8.34	-2	-7.36136582491468E-5
8.36	2	7.36136582491468E-5
8.38	7	2.57647803872014E-4
8.4	14	5.15295607744028E-4
8.42	20	7.36136582491468E-4
8.44	17	6.25716095117748E-4
8.46	7	2.57647803872014E-4
8.48	15	5.52102436868601E-4
8.5	6	2.2084097474744E-4
8.52	24	8.83363898989762E-4
8.54	24	8.83363898989762E-4
8.56	16	5.88909265993175E-4
8.58	29	0.00106739804461263
8.6	24	8.83363898989762E-4
8.62	26	9.56977557238908E-4
8.64	22	8.09750240740615E-4
8.66	43	0.00158269365235666
8.68	41	0.00150907999410751
8.7	25	9.20170728114335E-4
8.72	18	6.62522924242321E-4
8.74	25	9.20170728114335E-4
8.76	26	9.56977557238908E-4
8.78	34	0.0012514321902355
8.8	26	9.56977557238908E-4
8.82	8	2.94454632996587E-4
8.84	14	5.15295607744028E-4
8.86	28	0.00103059121548806
8.88	22	8.09750240740615E-4
8.9	37	0.00136185267760922
8.92	43	0.00158269365235666
8.94	38	0.00139865950673379
8.96	32	0.00117781853198635
8.98	44	0.00161950048148123
9	44	0.00161950048148123
9.02	41	0.00150907999410751
9.04	73	0.00268689852609386
9.06	77	0.00283412584259215
9.08	56	0.00206118243097611
9.1	43	0.00158269365235666
9.12	55	0.00202437560185154
9.14	45	0.0016563073106058
9.16	41	0.00150907999410751
9.18	46	0.00169311413973038
9.2	65	0.00239244389309727
9.22	75	0.00276051218434301
9.24	68	0.00250286438047099
9.26	47	0.00172992096885495
9.28	58	0.00213479608922526
9.3	57	0.00209798926010068
9.32	53	0.00195076194360239
9.34	61	0.00224521657659898
9.36	60	0.0022084097474744
9.38	69	0.00253967120959557
9.4	47	0.00172992096885495
9.42	61	0.00224521657659898
9.44	72	0.00265009169696929
9.46	87	0.00320219413383789
9.48	88	0.00323900096296246
9.5	81	0.00298135315909045
9.52	91	0.00334942145033618
9.54	85	0.00312858047558874
9.56	117	0.00430639900757509
9.58	68	0.00250286438047099
9.6	62	0.00228202340572355
9.62	77	0.00283412584259215
9.64	72	0.00265009169696929
9.66	59	0.00217160291834983
9.68	75	0.00276051218434301
9.7	66	0.00242925072222184
9.72	60	0.0022084097474744
9.74	74	0.00272370535521843
9.76	54	0.00198756877272696
9.78	73	0.00268689852609386
9.8	67	0.00246605755134642
9.82	63	0.00231883023484812
9.84	67	0.00246605755134642
9.86	69	0.00253967120959557
9.88	52	0.00191395511447782
9.9	53	0.00195076194360239
9.92	50	0.00184034145622867
9.94	61	0.00224521657659898
9.96	66	0.00242925072222184
9.98	71	0.00261328486784471
10	68	0.00250286438047099
10.02	40	0.00147227316498294
10.04	49	0.0018035346271041
10.06	42	0.00154588682323208
10.08	46	0.00169311413973038
10.1	48	0.00176672779797952
10.12	38	0.00139865950673379
10.14	46	0.00169311413973038
10.16	48	0.00176672779797952
10.18	53	0.00195076194360239
10.2	54	0.00198756877272696
10.22	52	0.00191395511447782
10.24	43	0.00158269365235666
10.26	56	0.00206118243097611
10.28	51	0.00187714828535324
10.3	42	0.00154588682323208
10.32	59	0.00217160291834983
10.34	59	0.00217160291834983
10.36	41	0.00150907999410751
10.38	43	0.00158269365235666
10.4	36	0.00132504584848464
10.42	22	8.09750240740615E-4
10.44	34	0.0012514321902355
10.46	37	0.00136185267760922
10.48	35	0.00128823901936007
10.5	35	0.00128823901936007
10.52	31	0.00114101170286178
10.54	37	0.00136185267760922
10.56	32	0.00117781853198635
10.58	26	9.56977557238908E-4
10.6	32	0.00117781853198635
10.62	50	0.00184034145622867
10.64	39	0.00143546633585836
10.66	16	5.88909265993175E-4
10.68	26	9.56977557238908E-4
10.7	22	8.09750240740615E-4
10.72	22	8.09750240740615E-4
10.74	24	8.83363898989762E-4
10.76	26	9.56977557238908E-4
10.78	36	0.00132504584848464
10.8	26	9.56977557238908E-4
10.82	29	0.00106739804461263
10.84	28	0.00103059121548806
10.86	25	9.20170728114335E-4
10.88	17	6.25716095117748E-4
10.9	19	6.99329753366895E-4
10.92	20	7.36136582491468E-4
10.94	21	7.72943411616042E-4
10.96	28	0.00103059121548806
10.98	13	4.78488778619454E-4
11	15	5.52102436868601E-4
11.02	16	5.88909265993175E-4
11.04	21	7.72943411616042E-4
11.06	33	0.00121462536111092
11.08	26	9.56977557238908E-4
11.1	12	4.41681949494881E-4
11.12	6	2.2084097474744E-4
11.14	17	6.25716095117748E-4
11.16	17	6.25716095117748E-4
11.18	11	4.04875120370307E-4
11.2	15	5.52102436868601E-4
11.22	10	3.68068291245734E-4
11.24	18	6.62522924242321E-4
11.26	5	1.84034145622867E-4
11.28	12	4.41681949494881E-4
11.3	21	7.72943411616042E-4
11.32	18	6.62522924242321E-4
11.34	24	8.83363898989762E-4
11.36	16	5.88909265993175E-4
11.38	13	4.78488778619454E-4
11.4	10	3.68068291245734E-4
11.42	14	5.15295607744028E-4
11.44	17	6.25716095117748E-4
11.46	8	2.94454632996587E-4
11.48	-1	-3.68068291245734E-5
11.5	9	3.31261462121161E-4
11.52	16	5.88909265993175E-4
11.54	15	5.52102436868601E-4
11.56	9	3.31261462121161E-4
11.58	21	7.72943411616042E-4
11.6	16	5.88909265993175E-4
11.62	15	5.52102436868601E-4
11.64	21	7.72943411616042E-4
11.66	15	5.52102436868601E-4
11.68	9	3.31261462121161E-4
11.7	4	1.47227316498294E-4
11.72	12	4.41681949494881E-4
11.74	11	4.04875120370307E-4
11.76	13	4.78488778619454E-4
11.78	18	6.62522924242321E-4
11.8	21	7.72943411616042E-4
11.82	1	3.68068291245734E-5
11.84	19	6.99329753366895E-4
11.86	3	1.1042048737372E-4
11.88	6	2.2084097474744E-4
11.9	15	5.52102436868601E-4
11.92	4	1.47227316498294E-4
11.94	20	7.36136582491468E-4
11.96	6	2.2084097474744E-4
11.98	0	0
12	1	3.68068291245734E-5
12.02	8	2.94454632996587E-4
12.04	13	4.78488778619454E-4
12.06	12	4.41681949494881E-4
12.08	2	7.36136582491468E-5
12.1	-5	-1.84034145622867E-4
12.12	7	2.57647803872014E-4
12.14	9	3.31261462121161E-4
12.16	15	5.52102436868601E-4
12.18	19	6.99329753366895E-4
12.2	10	3.68068291245734E-4
12.22	13	4.78488778619454E-4
12.24	8	2.94454632996587E-4
12.26	7	2.57647803872014E-4
12.28	-5	-1.84034145622867E-4
12.3	4	1.47227316498294E-4
12.32	14	5.15295607744028E-4
12.34	11	4.04875120370307E-4
12.36	2	7.36136582491468E-5
12.38	2	7.36136582491468E-5
12.4	1	3.68068291245734E-5
12.42	6	2.2084097474744E-4
12.44	20	7.36136582491468E-4
12.46	16	5.88909265993175E-4
12.48	5	1.84034145622867E-4
12.5	12	4.41681949494881E-4
12.52	3	1.1042048737372E-4
12.54	7	2.57647803872014E-4
12.56	3	1.1042048737372E-4
12.58	-7	-2.57647803872014E-4
12.6	2	7.36136582491468E-5
12.62	9	3.31261462121161E-4
12.64	6	2.2084097474744E-4
12.66	10	3.68068291245734E-4
12.68	5	1.84034145622867E-4
12.7	6	2.2084097474744E-4
12.72	5	1.84034145622867E-4
12.74	7	2.57647803872014E-4
12.76	11	4.04875120370307E-4
12.78	15	5.52102436868601E-4
12.8	7	2.57647803872014E-4
12.82	-5	-1.84034145622867E-4
12.84	3	1.1042048737372E-4
12.86	5	1.84034145622867E-4
12.88	0	0
12.9	1	3.68068291245734E-5
12.92	6	2.2084097474744E-4
12.94	2	7.36136582491468E-5
12.96	2	7.36136582491468E-5
12.98	6	2.2084097474744E-4
13	16	5.88909265993175E-4
13.02	10	3.68068291245734E-4
13.04	6	2.2084097474744E-4
13.06	9	3.31261462121161E-4
13.08	5	1.84034145622867E-4
13.1	9	3.31261462121161E-4
13.12	12	4.41681949494881E-4
13.14	-3	-1.1042048737372E-4
13.16	3	1.1042048737372E-4
13.18	-2	-7.36136582491468E-5
13.2	-9	-3.31261462121161E-4
13.22	-2	-7.36136582491468E-5
13.24	-4	-1.47227316498294E-4
13.26	1	3.68068291245734E-5
13.28	8	2.94454632996587E-4
13.3	6	2.2084097474744E-4
13.32	-1	-3.68068291245734E-5
13.34	11	4.04875120370307E-4
13.36	12	4.41681949494881E-4
13.38	4	1.47227316498294E-4
13.4	-2	-7.36136582491468E-5
13.42	-1	-3.68068291245734E-5
13.44	0	0
13.46	5	1.84034145622867E-4
13.48	-7	-2.57647803872014E-4
13.5	-2	-7.36136582491468E-5
13.52	7	2.57647803872014E-4
13.54	4	1.47227316498294E-4
13.56	6	2.2084097474744E-4
13.58	3	1.1042048737372E-4
13.6	-2	-7.36136582491468E-5
13.62	0	0
13.64	3	1.1042048737372E-4
13.66	1	3.68068291245734E-5
13.68	-9	-3.31261462121161E-4
13.7	-4	-1.47227316498294E-4
13.72	-10	-3.68068291245734E-4
13.74	0	0
13.76	11	4.04875120370307E-4
13.78	5	1.84034145622867E-4
13.8	2	7.36136582491468E-5
13.82	8	2.94454632996587E-4
13.84	6	2.2084097474744E-4
13.86	5	1.84034145622867E-4
13.88	2	7.36136582491468E-5
13.9	7	2.57647803872014E-4
13.92	2	7.36136582491468E-5
13.94	4	1.47227316498294E-4
13.96	6	2.2084097474744E-4
13.98	4	1.47227316498294E-4
14	1	3.68068291245734E-5
14.02	-2	-7.36136582491468E-5
14.04	6	2.2084097474744E-4
14.06	9	3.31261462121161E-4
14.08	-1	-3.68068291245734E-5
14.1	5	1.84034145622867E-4
14.12	9	3.31261462121161E-4
14.14	8	2.94454632996587E-4
14.16	13	4.78488778619454E-4
14.18	5	1.84034145622867E-4
14.2	3	1.1042048737372E-4
14.22	7	2.57647803872014E-4
14.24	3	1.1042048737372E-4
14.26	3	1.1042048737372E-4
14.28	2	7.36136582491468E-5
14.3	-2	-7.36136582491468E-5
14.32	1	3.68068291245734E-5
14.34	2	7.36136582491468E-5
14.36	0	0
14.38	4	1.47227316498294E-4
14.4	-1	-3.68068291245734E-5
14.42	-8	-2.94454632996587E-4
14.44	3	1.1042048737372E-4
14.46	-4	-1.47227316498294E-4
14.48	4	1.47227316498294E-4
14.5	-8	-2.94454632996587E-4
14.52	-3	-1.1042048737372E-4
14.54	5	1.84034145622867E-4
14.56	13	4.78488778619454E-4
14.58	4	1.47227316498294E-4
14.6	-1	-3.68068291245734E-5
14.62	1	3.68068291245734E-5
14.64	2	7.36136582491468E-5
14.66	5	1.84034145622867E-4
14.68	-2	-7.36136582491468E-5
14.7	1	3.68068291245734E-5
14.72	0	0
14.74	-3	-1.1042048737372E-4
14.76	0	0
14.78	1	3.68068291245734E-5
14.8	4	1.47227316498294E-4
14.82	7	2.57647803872014E-4
14.84	4	1.47227316498294E-4
14.86	0	0
14.88	-8	-2.94454632996587E-4
14.9	-4	-1.47227316498294E-4
14.92	0	0
14.94	2	7.36136582491468E-5
14.96	9	3.31261462121161E-4
14.98	14	5.15295607744028E-4
15	13	4.78488778619454E-4
15.02	4	1.47227316498294E-4
15.04	4	1.47227316498294E-4
15.06	12	4.41681949494881E-4
15.08	9	3.31261462121161E-4
15.1	6	2.2084097474744E-4
15.12	8	2.94454632996587E-4
15.14	8	2.94454632996587E-4
15.16	6	2.2084097474744E-4
15.18	-1	-3.68068291245734E-5
15.2	3	1.1042048737372E-4
15.22	2	7.36136582491468E-5
15.24	1	3.68068291245734E-5
15.26	4	1.47227316498294E-4
15.28	-4	-1.47227316498294E-4
15.3	7	2.57647803872014E-4
15.32	2	7.36136582491468E-5
15.34	-1	-3.68068291245734E-5
15.36	6	2.2084097474744E-4
15.38	6	2.2084097474744E-4
15.4	3	1.1042048737372E-4
15.42	-2	-7.36136582491468E-5
15.44	3	1.1042048737372E-4
15.46	4	1.47227316498294E-4
15.48	4	1.47227316498294E-4
15.5	3	1.1042048737372E-4
15.52	6	2.2084097474744E-4
15.54	0	0
15.56	5	1.84034145622867E-4
15.58	4	1.47227316498294E-4
15.6	3	1.1042048737372E-4
15.62	3	1.1042048737372E-4
15.64	2	7.36136582491468E-5
15.66	6	2.2084097474744E-4
15.68	3	1.1042048737372E-4
15.7	5	1.84034145622867E-4
15.72	4	1.47227316498294E-4
15.74	7	2.57647803872014E-4
15.76	4	1.47227316498294E-4
15.78	8	2.94454632996587E-4
15.8	5	1.84034145622867E-4
15.82	5	1.84034145622867E-4
15.84	-1	-3.68068291245734E-5
15.86	-1	-3.68068291245734E-5
15.88	-7	-2.57647803872014E-4
15.9	-5	-1.84034145622867E-4
15.92	0	0
15.94	3	1.1042048737372E-4
15.96	5	1.84034145622867E-4
15.98	7	2.57647803872014E-4
16	0	0
16.02	-2	-7.36136582491468E-5
16.04	-4	-1.47227316498294E-4
16.06	-2	-7.36136582491468E-5
16.08	1	3.68068291245734E-5
16.1	-2	-7.36136582491468E-5
16.12	3	1.1042048737372E-4
16.14	9	3.31261462121161E-4
16.16	18	6.62522924242321E-4
16.18	2	7.36136582491468E-5
16.2	-1	-3.68068291245734E-5
16.22	-6	-2.2084097474744E-4
16.24	-6	-2.2084097474744E-4
16.26	1	3.68068291245734E-5
16.28	8	2.94454632996587E-4
16.3	2	7.36136582491468E-5
16.32	-2	-7.36136582491468E-5
16.34	5	1.84034145622867E-4
16.36	0	0
16.38	-5	-1.84034145622867E-4
16.4	15	5.52102436868601E-4
16.42	5	1.84034145622867E-4
16.44	2	7.36136582491468E-5
16.46	2	7.36136582491468E-5
16.48	3	1.1042048737372E-4
16.5	3	1.1042048737372E-4
16.52	-4	-1.47227316498294E-4
16.54	-6	-2.2084097474744E-4
16.56	-2	-7.36136582491468E-5
16.58	-3	-1.1042048737372E-4
16.6	-5	-1.84034145622867E-4
16.62	1	3.68068291245734E-5
16.64	7	2.57647803872014E-4
16.66	3	1.1042048737372E-4
16.68	7	2.57647803872014E-4
16.7	10	3.68068291245734E-4
16.72	2	7.36136582491468E-5
16.74	3	1.1042048737372E-4
16.76	1	3.68068291245734E-5
16.78	5	1.84034145622867E-4
16.8	8	2.94454632996587E-4
16.82	2	7.36136582491468E-5
16.84	14	5.15295607744028E-4
16.86	3	1.1042048737372E-4
16.88	2	7.36136582491468E-5
16.9	11	4.04875120370307E-4
16.92	-1	-3.68068291245734E-5
16.94	-9	-3.31261462121161E-4
16.96	0	0
16.98	2	7.36136582491468E-5
17	-4	-1.47227316498294E-4
17.02	6	2.2084097474744E-4
17.04	5	1.84034145622867E-4
17.06	6	2.2084097474744E-4
17.08	5	1.84034145622867E-4
17.1	3	1.1042048737372E-4
17.12	2	7.36136582491468E-5
17.14	2	7.36136582491468E-5
17.16	7	2.57647803872014E-4
17.18	3	1.1042048737372E-4
17.2	5	1.84034145622867E-4
17.22	4	1.47227316498294E-4
17.24	4	1.47227316498294E-4
17.26	1	3.68068291245734E-5
17.28	6	2.2084097474744E-4
17.3	-4	-1.47227316498294E-4
17.32	-7	-2.57647803872014E-4
17.34	3	1.1042048737372E-4
17.36	15	5.52102436868601E-4
17.38	9	3.31261462121161E-4
17.4	3	1.1042048737372E-4
17.42	3	1.1042048737372E-4
17.44	5	1.84034145622867E-4
17.46	1	3.68068291245734E-5
17.48	-2	-7.36136582491468E-5
17.5	-3	-1.1042048737372E-4
17.52	-8	-2.94454632996587E-4
17.54	-2	-7.36136582491468E-5
17.56	2	7.36136582491468E-5
17.58	0	0
17.6	0	0
17.62	4	1.47227316498294E-4
17.64	0	0
17.66	8	2.94454632996587E-4
17.68	10	3.68068291245734E-4
17.7	4	1.47227316498294E-4
17.72	0	0
17.74	2	7.36136582491468E-5
17.76	3	1.1042048737372E-4
17.78	1	3.68068291245734E-5
17.8	11	4.04875120370307E-4
17.82	12	4.41681949494881E-4
17.84	0	0
17.86	4	1.47227316498294E-4
17.88	14	5.15295607744028E-4
17.9	14	5.15295607744028E-4
17.92	0	0
17.94	1	3.68068291245734E-5
17.96	0	0
17.98	-3	-1.1042048737372E-4
18	-5	-1.84034145622867E-4
18.02	-1	-3.68068291245734E-5
18.04	6	2.2084097474744E-4
18.06	4	1.47227316498294E-4
18.08	-3	-1.1042048737372E-4
18.1	1	3.68068291245734E-5
18.12	-3	-1.1042048737372E-4
18.14	-1	-3.68068291245734E-5
18.16	-4	-1.47227316498294E-4
18.18	-1	-3.68068291245734E-5
18.2	0	0
18.22	1	3.68068291245734E-5
18.24	2	7.36136582491468E-5
18.26	3	1.1042048737372E-4
18.28	6	2.2084097474744E-4
18.3	3	1.1042048737372E-4
18.32	4	1.47227316498294E-4
18.34	3	1.1042048737372E-4
18.36	0	0
18.38	8	2.94454632996587E-4
18.4	11	4.04875120370307E-4
18.42	-2	-7.36136582491468E-5
18.44	3	1.1042048737372E-4
18.46	3	1.1042048737372E-4
18.48	4	1.47227316498294E-4
18.5	9	3.31261462121161E-4
18.52	5	1.84034145622867E-4
18.54	2	7.36136582491468E-5
18.56	0	0
18.58	3	1.1042048737372E-4
18.6	5	1.84034145622867E-4
18.62	3	1.1042048737372E-4
18.64	0	0
18.66	7	2.57647803872014E-4
18.68	1	3.68068291245734E-5
18.7	-6	-2.2084097474744E-4
18.72	-5	-1.84034145622867E-4
18.74	3	1.1042048737372E-4
18.76	4	1.47227316498294E-4
18.78	4	1.47227316498294E-4
18.8	-4	-1.47227316498294E-4
18.82	-1	-3.68068291245734E-5
18.84	4	1.47227316498294E-4
18.86	11	4.04875120370307E-4
18.88	6	2.2084097474744E-4
18.9	-2	-7.36136582491468E-5
18.92	2	7.36136582491468E-5
18.94	5	1.84034145622867E-4
18.96	-2	-7.36136582491468E-5
18.98	-4	-1.47227316498294E-4
19	0	0
19.02	4	1.47227316498294E-4
19.04	6	2.2084097474744E-4
19.06	11	4.04875120370307E-4
19.08	2	7.36136582491468E-5
19.1	0	0
19.12	-3	-1.1042048737372E-4
19.14	0	0
19.16	1	3.68068291245734E-5
19.18	2	7.36136582491468E-5
19.2	0	0
19.22	-1	-3.68068291245734E-5
19.24	0	0
19.26	0	0
19.28	-3	-1.1042048737372E-4
19.3	5	1.84034145622867E-4
19.32	10	3.68068291245734E-4
19.34	-4	-1.47227316498294E-4
19.36	-2	-7.36136582491468E-5
19.38	3	1.1042048737372E-4
19.4	3	1.1042048737372E-4
19.42	2	7.36136582491468E-5
19.44	-2	-7.36136582491468E-5
19.46	-1	-3.68068291245734E-5
19.48	2	7.36136582491468E-5
19.5	1	3.68068291245734E-5
19.52	7	2.57647803872014E-4
19.54	6	2.2084097474744E-4
19.56	1	3.68068291245734E-5
19.58	0	0
19.6	6	2.2084097474744E-4
19.62	7	2.57647803872014E-4
19.64	1	3.68068291245734E-5
19.66	-4	-1.47227316498294E-4
19.68	1	3.68068291245734E-5
19.7	1	3.68068291245734E-5
19.72	3	1.1042048737372E-4
19.74	7	2.57647803872014E-4
19.76	7	2.57647803872014E-4
19.78	2	7.36136582491468E-5
19.8	5	1.84034145622867E-4
19.82	-6	-2.2084097474744E-4
19.84	-5	-1.84034145622867E-4
19.86	1	3.68068291245734E-5
19.88	0	0
19.9	0	0
19.92	4	1.47227316498294E-4
19.94	1	3.68068291245734E-5
19.96	4	1.47227316498294E-4
19.98	0	0
20	-3	-1.1042048737372E-4
20.02	2	7.36136582491468E-5
20.04	7	2.57647803872014E-4
20.06	16	5.88909265993175E-4
20.08	12	4.41681949494881E-4
20.1	7	2.57647803872014E-4
20.12	5	1.84034145622867E-4
20.14	10	3.68068291245734E-4
20.16	5	1.84034145622867E-4
20.18	-3	-1.1042048737372E-4
20.2	0	0
20.22	2	7.36136582491468E-5
20.24	-7	-2.57647803872014E-4
20.26	6	2.2084097474744E-4
20.28	-1	-3.68068291245734E-5
20.3	2	7.36136582491468E-5
20.32	1	3.68068291245734E-5
20.34	2	7.36136582491468E-5
20.36	3	1.1042048737372E-4
20.38	-2	-7.36136582491468E-5
20.4	4	1.47227316498294E-4
20.42	5	1.84034145622867E-4
20.44	2	7.36136582491468E-5
20.46	4	1.47227316498294E-4
20.48	5	1.84034145622867E-4
20.5	7	2.57647803872014E-4
20.52	2	7.36136582491468E-5
20.54	5	1.84034145622867E-4
20.56	9	3.31261462121161E-4
20.58	7	2.57647803872014E-4
20.6	9	3.31261462121161E-4
20.62	5	1.84034145622867E-4
20.64	15	5.52102436868601E-4
20.66	1	3.68068291245734E-5
20.68	7	2.57647803872014E-4
20.7	4	1.47227316498294E-4
20.72	0	0
20.74	1	3.68068291245734E-5
20.76	3	1.1042048737372E-4
20.78	4	1.47227316498294E-4
20.8	1	3.68068291245734E-5
20.82	-1	-3.68068291245734E-5
20.84	-5	-1.84034145622867E-4
20.86	4	1.47227316498294E-4
20.88	20	7.36136582491468E-4
20.9	8	2.94454632996587E-4
20.92	2	7.36136582491468E-5
20.94	5	1.84034145622867E-4
20.96	2	7.36136582491468E-5
20.98	0	0
21	-2	-7.36136582491468E-5
21.02	4	1.47227316498294E-4
21.04	10	3.68068291245734E-4
21.06	9	3.31261462121161E-4
21.08	5	1.84034145622867E-4
21.1	1	3.68068291245734E-5
21.12	-4	-1.47227316498294E-4
21.14	1	3.68068291245734E-5
21.16	3	1.1042048737372E-4
21.18	0	0
21.2	1	3.68068291245734E-5
21.22	-1	-3.68068291245734E-5
21.24	8	2.94454632996587E-4
21.26	5	1.84034145622867E-4
21.28	0	0
21.3	3	1.1042048737372E-4
21.32	-4	-1.47227316498294E-4
21.34	-1	-3.68068291245734E-5
21.36	7	2.57647803872014E-4
21.38	5	1.84034145622867E-4
21.4	3	1.1042048737372E-4
21.42	-3	-1.1042048737372E-4
21.44	2	7.36136582491468E-5
21.46	9	3.31261462121161E-4
21.48	6	2.2084097474744E-4
21.5	5	1.84034145622867E-4
21.52	7	2.57647803872014E-4
21.54	7	2.57647803872014E-4
21.56	3	1.1042048737372E-4
21.58	-6	-2.2084097474744E-4
21.6	2	7.36136582491468E-5
21.62	2	7.36136582491468E-5
21.64	-1	-3.68068291245734E-5
21.66	-3	-1.1042048737372E-4
21.68	1	3.68068291245734E-5
21.7	6	2.2084097474744E-4
21.72	2	7.36136582491468E-5
21.74	6	2.2084097474744E-4
21.76	-5	-1.84034145622867E-4
21.78	0	0
21.8	3	1.1042048737372E-4
21.82	2	7.36136582491468E-5
21.84	5	1.84034145622867E-4
21.86	7	2.57647803872014E-4
21.88	5	1.84034145622867E-4
21.9	7	2.57647803872014E-4
21.92	-1	-3.68068291245734E-5
21.94	-5	-1.84034145622867E-4
21.96	4	1.47227316498294E-4
21.98	0	0
22	-3	-1.1042048737372E-4
22.02	-1	-3.68068291245734E-5
22.04	0	0
22.06	3	1.1042048737372E-4
22.08	6	2.2084097474744E-4
22.1	6	2.2084097474744E-4
22.12	4	1.47227316498294E-4
22.14	-2	-7.36136582491468E-5
22.16	2	7.36136582491468E-5
22.18	-1	-3.68068291245734E-5
22.2	-1	-3.68068291245734E-5
22.22	-2	-7.36136582491468E-5
22.24	1	3.68068291245734E-5
22.26	1	3.68068291245734E-5
22.28	2	7.36136582491468E-5
22.3	1	3.68068291245734E-5
22.32	-5	-1.84034145622867E-4
22.34	4	1.47227316498294E-4
22.36	5	1.84034145622867E-4
22.38	-1	-3.68068291245734E-5
22.4	-4	-1.47227316498294E-4
22.42	4	1.47227316498294E-4
22.44	3	1.1042048737372E-4
22.46	0	0
22.48	3	1.1042048737372E-4
22.5	7	2.57647803872014E-4
22.52	10	3.68068291245734E-4
22.54	2	7.36136582491468E-5
22.56	3	1.1042048737372E-4
22.58	0	0
22.6	6	2.2084097474744E-4
22.62	9	3.31261462121161E-4
22.64	7	2.57647803872014E-4
22.66	5	1.84034145622867E-4
22.68	12	4.41681949494881E-4
22.7	10	3.68068291245734E-4
22.72	6	2.2084097474744E-4
22.74	4	1.47227316498294E-4
22.76	9	3.31261462121161E-4
22.78	2	7.36136582491468E-5
22.8	8	2.94454632996587E-4
22.82	4	1.47227316498294E-4
22.84	-1	-3.68068291245734E-5
22.86	3	1.1042048737372E-4
22.88	9	3.31261462121161E-4
22.9	6	2.2084097474744E-4
22.92	-1	-3.68068291245734E-5
22.94	-1	-3.68068291245734E-5
22.96	-3	-1.1042048737372E-4
22.98	5	1.84034145622867E-4
23	0	0
23.02	-1	-3.68068291245734E-5
23.04	-5	-1.84034145622867E-4
23.06	-1	-3.68068291245734E-5
23.08	5	1.84034145622867E-4
23.1	0	0
23.12	0	0
23.14	-1	-3.68068291245734E-5
23.16	7	2.57647803872014E-4
23.18	1	3.68068291245734E-5
23.2	-1	-3.68068291245734E-5
23.22	-2	-7.36136582491468E-5
23.24	3	1.1042048737372E-4
23.26	-3	-1.1042048737372E-4
23.28	1	3.68068291245734E-5
23.3	-1	-3.68068291245734E-5
23.32	4	1.47227316498294E-4
23.34	5	1.84034145622867E-4
23.36	3	1.1042048737372E-4
23.38	-3	-1.1042048737372E-4
23.4	2	7.36136582491468E-5
23.42	5	1.84034145622867E-4
23.44	3	1.1042048737372E-4
23.46	-1	-3.68068291245734E-5
23.48	-1	-3.68068291245734E-5
23.5	6	2.2084097474744E-4
23.52	4	1.47227316498294E-4
23.54	6	2.2084097474744E-4
23.56	4	1.47227316498294E-4
23.58	-4	-1.47227316498294E-4
23.6	-1	-3.68068291245734E-5
23.62	-5	-1.84034145622867E-4
23.64	-4	-1.47227316498294E-4
23.66	-3	-1.1042048737372E-4
23.68	-4	-1.47227316498294E-4
23.7	-7	-2.57647803872014E-4
23.72	-1	-3.68068291245734E-5
23.74	5	1.84034145622867E-4
23.76	5	1.84034145622867E-4
23.78	-2	-7.36136582491468E-5
23.8	2	7.36136582491468E-5
23.82	2	7.36136582491468E-5
23.84	-8	-2.94454632996587E-4
23.86	0	0
23.88	-3	-1.1042048737372E-4
23.9	-4	-1.47227316498294E-4
23.92	-3	-1.1042048737372E-4
23.94	0	0
23.96	5	1.84034145622867E-4
23.98	4	1.47227316498294E-4
24	5	1.84034145622867E-4
24.02	4	1.47227316498294E-4
24.04	7	2.57647803872014E-4
24.06	2	7.36136582491468E-5
24.08	-2	-7.36136582491468E-5
24.1	-6	-2.2084097474744E-4
24.12	5	1.84034145622867E-4
24.14	9	3.31261462121161E-4
24.16	3	1.1042048737372E-4
24.18	9	3.31261462121161E-4
24.2	3	1.1042048737372E-4
24.22	3	1.1042048737372E-4
24.24	-1	-3.68068291245734E-5
24.26	8	2.94454632996587E-4
24.28	6	2.2084097474744E-4
24.3	9	3.31261462121161E-4
24.32	3	1.1042048737372E-4
24.34	-5	-1.84034145622867E-4
24.36	1	3.68068291245734E-5
24.38	0	0
24.4	9	3.31261462121161E-4
24.42	-1	-3.68068291245734E-5
24.44	5	1.84034145622867E-4
24.46	2	7.36136582491468E-5
24.48	-1	-3.68068291245734E-5
24.5	-5	-1.84034145622867E-4
24.52	0	0
24.54	3	1.1042048737372E-4
24.56	1	3.68068291245734E-5
24.58	-2	-7.36136582491468E-5
24.6	1	3.68068291245734E-5
24.62	1	3.68068291245734E-5
24.64	9	3.31261462121161E-4
24.66	0	0
24.68	0	0
24.7	4	1.47227316498294E-4
24.72	3	1.1042048737372E-4
24.74	8	2.94454632996587E-4
24.76	2	7.36136582491468E-5
24.78	0	0
24.8	1	3.68068291245734E-5
24.82	5	1.84034145622867E-4
24.84	4	1.47227316498294E-4
24.86	5	1.84034145622867E-4
24.88	9	3.31261462121161E-4
24.9	3	1.1042048737372E-4
24.92	3	1.1042048737372E-4
24.94	3	1.1042048737372E-4
24.96	-2	-7.36136582491468E-5
24.98	-2	-7.36136582491468E-5
25	-1	-3.68068291245734E-5
25.02	-1	-3.68068291245734E-5
25.04	0	0
25.06	0	0
25.08	2	7.36136582491468E-5
25.1	5	1.84034145622867E-4
25.12	-1	-3.68068291245734E-5
25.14	-1	-3.68068291245734E-5
25.16	3	1.1042048737372E-4
25.18	7	2.57647803872014E-4
25.2	14	5.15295607744028E-4
25.22	-2	-7.36136582491468E-5
25.24	-2	-7.36136582491468E-5
25.26	1	3.68068291245734E-5
25.28	9	3.31261462121161E-4
25.3	4	1.47227316498294E-4
25.32	6	2.2084097474744E-4
25.34	1	3.68068291245734E-5
25.36	12	4.41681949494881E-4
25.38	3	1.1042048737372E-4
25.4	-2	-7.36136582491468E-5
25.42	-2	-7.36136582491468E-5
25.44	-2	-7.36136582491468E-5
25.46	-5	-1.84034145622867E-4
25.48	-2	-7.36136582491468E-5
25.5	9	3.31261462121161E-4
25.52	9	3.31261462121161E-4
25.54	5	1.84034145622867E-4
25.56	-1	-3.68068291245734E-5
25.58	6	2.2084097474744E-4
25.6	4	1.47227316498294E-4
25.62	-1	-3.68068291245734E-5
25.64	5	1.84034145622867E-4
25.66	4	1.47227316498294E-4
25.68	1	3.68068291245734E-5
25.7	-1	-3.68068291245734E-5
25.72	-2	-7.36136582491468E-5
25.74	7	2.57647803872014E-4
25.76	-2	-7.36136582491468E-5
25.78	-5	-1.84034145622867E-4
25.8	1	3.68068291245734E-5
25.82	1	3.68068291245734E-5
25.84	3	1.1042048737372E-4
25.86	1	3.68068291245734E-5
25.88	4	1.47227316498294E-4
25.9	3	1.1042048737372E-4
25.92	-2	-7.36136582491468E-5
25.94	-6	-2.2084097474744E-4
25.96	0	0
25.98	9	3.31261462121161E-4
26	10	3.68068291245734E-4
26.02	4	1.47227316498294E-4
26.04	-1	-3.68068291245734E-5
26.06	3	1.1042048737372E-4
26.08	5	1.84034145622867E-4
26.1	1	3.68068291245734E-5
26.12	-2	-7.36136582491468E-5
26.14	-4	-1.47227316498294E-4
26.16	-6	-2.2084097474744E-4
26.18	-3	-1.1042048737372E-4
26.2	2	7.36136582491468E-5
26.22	4	1.47227316498294E-4
26.24	3	1.1042048737372E-4
26.26	1	3.68068291245734E-5
26.28	10	3.68068291245734E-4
26.3	3	1.1042048737372E-4
26.32	3	1.1042048737372E-4
26.34	0	0
26.36	2	7.36136582491468E-5
26.38	1	3.68068291245734E-5
26.4	4	1.47227316498294E-4
26.42	1	3.68068291245734E-5
26.44	0	0
26.46	-4	-1.47227316498294E-4
26.48	3	1.1042048737372E-4
26.5	7	2.57647803872014E-4
26.52	6	2.2084097474744E-4
26.54	-2	-7.36136582491468E-5
26.56	-4	-1.47227316498294E-4
26.58	-1	-3.68068291245734E-5
26.6	-4	-1.47227316498294E-4
26.62	5	1.84034145622867E-4
26.64	6	2.2084097474744E-4
26.66	5	1.84034145622867E-4
26.68	9	3.31261462121161E-4
26.7	-1	-3.68068291245734E-5
26.72	-4	-1.47227316498294E-4
26.74	-3	-1.1042048737372E-4
26.76	-2	-7.36136582491468E-5
26.78	0	0
26.8	0	0
26.82	-9	-3.31261462121161E-4
26.84	-5	-1.84034145622867E-4
26.86	-7	-2.57647803872014E-4
26.88	0	0
26.9	3	1.1042048737372E-4
26.92	3	1.1042048737372E-4
26.94	1	3.68068291245734E-5
26.96	5	1.84034145622867E-4
26.98	1	3.68068291245734E-5
27	-3	-1.1042048737372E-4
27.02	-3	-1.1042048737372E-4
27.04	4	1.47227316498294E-4
27.06	10	3.68068291245734E-4
27.08	3	1.1042048737372E-4
27.1	-8	-2.94454632996587E-4
27.12	0	0
27.14	-2	-7.36136582491468E-5
27.16	-2	-7.36136582491468E-5
27.18	6	2.2084097474744E-4
27.2	1	3.68068291245734E-5
27.22	-2	-7.36136582491468E-5
27.24	-7	-2.57647803872014E-4
27.26	2	7.36136582491468E-5
27.28	5	1.84034145622867E-4
27.3	7	2.57647803872014E-4
27.32	8	2.94454632996587E-4
27.34	2	7.36136582491468E-5
27.36	0	0
27.38	3	1.1042048737372E-4
27.4	-2	-7.36136582491468E-5
27.42	-1	-3.68068291245734E-5
27.44	0	0
27.46	2	7.36136582491468E-5
27.48	3	1.1042048737372E-4
27.5	1	3.68068291245734E-5
27.52	-1	-3.68068291245734E-5
27.54	5	1.84034145622867E-4
27.56	7	2.57647803872014E-4
27.58	-4	-1.47227316498294E-4
27.6	-4	-1.47227316498294E-4
27.62	0	0
27.64	-6	-2.2084097474744E-4
27.66	-9	-3.31261462121161E-4
27.68	0	0
27.7	4	1.47227316498294E-4
27.72	10	3.68068291245734E-4
27.74	3	1.1042048737372E-4
27.76	4	1.47227316498294E-4
27.78	0	0
27.8	1	3.68068291245734E-5
27.82	4	1.47227316498294E-4
27.84	9	3.31261462121161E-4
27.86	-4	-1.47227316498294E-4
27.88	0	0
27.9	5	1.84034145622867E-4
27.92	2	7.36136582491468E-5
27.94	-2	-7.36136582491468E-5
27.96	0	0
27.98	2	7.36136582491468E-5
28	1	3.68068291245734E-5
28.02	1	3.68068291245734E-5
28.04	-3	-1.1042048737372E-4
28.06	0	0
28.08	-3	-1.1042048737372E-4
28.1	0	0
28.12	4	1.47227316498294E-4
28.14	7	2.57647803872014E-4
28.16	1	3.68068291245734E-5
28.18	-7	-2.57647803872014E-4
28.2	-3	-1.1042048737372E-4
28.22	7	2.57647803872014E-4
28.24	6	2.2084097474744E-4
28.26	4	1.47227316498294E-4
28.28	7	2.57647803872014E-4
28.3	4	1.47227316498294E-4
28.32	1	3.68068291245734E-5
28.34	-1	-3.68068291245734E-5
28.36	0	0
28.38	2	7.36136582491468E-5
28.4	-3	-1.1042048737372E-4
28.42	-3	-1.1042048737372E-4
28.44	1	3.68068291245734E-5
28.46	3	1.1042048737372E-4
28.48	6	2.2084097474744E-4
28.5	10	3.68068291245734E-4
28.52	1	3.68068291245734E-5
28.54	1	3.68068291245734E-5
28.56	-1	-3.68068291245734E-5
28.58	-10	-3.68068291245734E-4
28.6	0	0
28.62	3	1.1042048737372E-4
28.64	5	1.84034145622867E-4
28.66	-4	-1.47227316498294E-4
28.68	-1	-3.68068291245734E-5
28.7	0	0
28.72	3	1.1042048737372E-4
28.74	7	2.57647803872014E-4
28.76	0	0
28.78	3	1.1042048737372E-4
28.8	-6	-2.2084097474744E-4
28.82	-1	-3.68068291245734E-5
28.84	-2	-7.36136582491468E-5
28.86	1	3.68068291245734E-5
28.88	7	2.57647803872014E-4
28.9	4	1.47227316498294E-4
28.92	6	2.2084097474744E-4
28.94	4	1.47227316498294E-4
28.96	2	7.36136582491468E-5
28.98	-1	-3.68068291245734E-5
29	-3	-1.1042048737372E-4
29.02	4	1.47227316498294E-4
29.04	-7	-2.57647803872014E-4
29.06	5	1.84034145622867E-4
29.08	7	2.57647803872014E-4
29.1	1	3.68068291245734E-5
29.12	-1	-3.68068291245734E-5
29.14	-3	-1.1042048737372E-4
29.16	-5	-1.84034145622867E-4
29.18	-3	-1.1042048737372E-4
29.2	10	3.68068291245734E-4
29.22	2	7.36136582491468E-5
29.24	-1	-3.68068291245734E-5
29.26	-3	-1.1042048737372E-4
29.28	4	1.47227316498294E-4
29.3	3	1.1042048737372E-4
29.32	0	0
29.34	7	2.57647803872014E-4
29.36	5	1.84034145622867E-4
29.38	3	1.1042048737372E-4
29.4	3	1.1042048737372E-4
29.42	2	7.36136582491468E-5
29.44	0	0
29.46	3	1.1042048737372E-4
29.48	4	1.47227316498294E-4
29.5	6	2.2084097474744E-4
29.52	1	3.68068291245734E-5
29.54	0	0
29.56	-2	-7.36136582491468E-5
29.58	5	1.84034145622867E-4
29.6	5	1.84034145622867E-4
29.62	4	1.47227316498294E-4
29.64	-3	-1.1042048737372E-4
29.66	-2	-7.36136582491468E-5
29.68	10	3.68068291245734E-4
29.7	4	1.47227316498294E-4
29.72	-5	-1.84034145622867E-4
29.74	5	1.84034145622867E-4
29.76	1	3.68068291245734E-5
29.78	1	3.68068291245734E-5
29.8	2	7.36136582491468E-5
29.82	7	2.57647803872014E-4
29.84	3	1.1042048737372E-4
29.86	2	7.36136582491468E-5
29.88	7	2.57647803872014E-4
29.9	5	1.84034145622867E-4
29.92	7	2.57647803872014E-4
29.94	0	0
29.96	-1	-3.68068291245734E-5
29.98	-2	-7.36136582491468E-5
30	1	3.68068291245734E-5
30.02	4	1.47227316498294E-4
30.04	-2	-7.36136582491468E-5
30.06	3	1.1042048737372E-4
30.08	7	2.57647803872014E-4
30.1	-1	-3.68068291245734E-5
30.12	-5	-1.84034145622867E-4
30.14	5	1.84034145622867E-4
30.16	4	1.47227316498294E-4
30.18	-1	-3.68068291245734E-5
30.2	-5	-1.84034145622867E-4
30.22	-2	-7.36136582491468E-5
30.24	6	2.2084097474744E-4
30.26	-4	-1.47227316498294E-4
30.28	-1	-3.68068291245734E-5
30.3	3	1.1042048737372E-4
30.32	3	1.1042048737372E-4
30.34	2	7.36136582491468E-5
30.36	-2	-7.36136582491468E-5
30.38	-1	-3.68068291245734E-5
30.4	5	1.84034145622867E-4
30.42	0	0
30.44	-8	-2.94454632996587E-4
30.46	-4	-1.47227316498294E-4
30.48	-6	-2.2084097474744E-4
30.5	-1	-3.68068291245734E-5
30.52	2	7.36136582491468E-5
30.54	7	2.57647803872014E-4
30.56	-4	-1.47227316498294E-4
30.58	-6	-2.2084097474744E-4
30.6	1	3.68068291245734E-5
30.62	-3	-1.1042048737372E-4
30.64	-9	-3.31261462121161E-4
30.66	3	1.1042048737372E-4
30.68	1	3.68068291245734E-5
30.7	-3	-1.1042048737372E-4
30.72	6	2.2084097474744E-4
30.74	5	1.84034145622867E-4
30.76	-4	-1.47227316498294E-4
30.78	-14	-5.15295607744028E-4
30.8	-4	-1.47227316498294E-4
30.82	4	1.47227316498294E-4
30.84	5	1.84034145622867E-4
30.86	5	1.84034145622867E-4
30.88	1	3.68068291245734E-5
30.9	2	7.36136582491468E-5
30.92	5	1.84034145622867E-4
30.94	10	3.68068291245734E-4
30.96	4	1.47227316498294E-4
30.98	0	0
31	-4	-1.47227316498294E-4
31.02	1	3.68068291245734E-5
31.04	1	3.68068291245734E-5
31.06	-5	-1.84034145622867E-4
31.08	0	0
31.1	0	0
31.12	-1	-3.68068291245734E-5
31.14	-3	-1.1042048737372E-4
31.16	2	7.36136582491468E-5
31.18	4	1.47227316498294E-4
31.2	1	3.68068291245734E-5
31.22	-1	-3.68068291245734E-5
31.24	-1	-3.68068291245734E-5
31.26	-1	-3.68068291245734E-5
31.28	3	1.1042048737372E-4
31.3	3	1.1042048737372E-4
31.32	-3	-1.1042048737372E-4
31.34	0	0
31.36	2	7.36136582491468E-5
31.38	4	1.47227316498294E-4
31.4	7	2.57647803872014E-4
31.42	5	1.84034145622867E-4
31.44	6	2.2084097474744E-4
31.46	7	2.57647803872014E-4
31.48	6	2.2084097474744E-4
31.5	6	2.2084097474744E-4
31.52	-2	-7.36136582491468E-5
31.54	-9	-3.31261462121161E-4
31.56	5	1.84034145622867E-4
31.58	7	2.57647803872014E-4
31.6	-1	-3.68068291245734E-5
31.62	3	1.1042048737372E-4
31.64	0	0
31.66	1	3.68068291245734E-5
31.68	-2	-7.36136582491468E-5
31.7	2	7.36136582491468E-5
31.72	-1	-3.68068291245734E-5
31.74	-1	-3.68068291245734E-5
31.76	2	7.36136582491468E-5
31.78	5	1.84034145622867E-4
31.8	1	3.68068291245734E-5
31.82	-1	-3.68068291245734E-5
31.84	2	7.36136582491468E-5
31.86	3	1.1042048737372E-4
31.88	0	0
31.9	4	1.47227316498294E-4
31.92	3	1.1042048737372E-4
31.94	-4	-1.47227316498294E-4
31.96	6	2.2084097474744E-4
31.98	-1	-3.68068291245734E-5
32	4	1.47227316498294E-4
32.02	-2	-7.36136582491468E-5
32.04	4	1.47227316498294E-4
32.06	0	0
32.08	0	0
32.1	4	1.47227316498294E-4
32.12	3	1.1042048737372E-4
32.14	5	1.84034145622867E-4
32.16	-2	-7.36136582491468E-5
32.18	-1	-3.68068291245734E-5
32.2	1	3.68068291245734E-5
32.22	-6	-2.2084097474744E-4
32.24	5	1.84034145622867E-4
32.26	1	3.68068291245734E-5
32.28	3	1.1042048737372E-4
32.3	3	1.1042048737372E-4
32.32	-2	-7.36136582491468E-5
32.34	-3	-1.1042048737372E-4
32.36	-2	-7.36136582491468E-5
32.38	3	1.1042048737372E-4
32.4	-5	-1.84034145622867E-4
32.42	2	7.36136582491468E-5
32.44	3	1.1042048737372E-4
32.46	-3	-1.1042048737372E-4
32.48	1	3.68068291245734E-5
32.5	2	7.36136582491468E-5
32.52	3	1.1042048737372E-4
32.54	4	1.47227316498294E-4
32.56	4	1.47227316498294E-4
32.58	-1	-3.68068291245734E-5
32.6	0	0
32.62	-1	-3.68068291245734E-5
32.64	-4	-1.47227316498294E-4
32.66	-1	-3.68068291245734E-5
32.68	0	0
32.7	1	3.68068291245734E-5
32.72	3	1.1042048737372E-4
32.74	1	3.68068291245734E-5
32.76	4	1.47227316498294E-4
32.78	-4	-1.47227316498294E-4
32.8	1	3.68068291245734E-5
32.82	4	1.47227316498294E-4
32.84	8	2.94454632996587E-4
32.86	0	0
32.88	-1	-3.68068291245734E-5
32.9	0	0
32.92	-1	-3.68068291245734E-5
32.94	-1	-3.68068291245734E-5
32.96	4	1.47227316498294E-4
32.98	-2	-7.36136582491468E-5
33	-3	-1.1042048737372E-4
33.02	0	0
33.04	2	7.36136582491468E-5
33.06	6	2.2084097474744E-4
33.08	2	7.36136582491468E-5
33.1	-1	-3.68068291245734E-5
33.12	-4	-1.47227316498294E-4
33.14	-1	-3.68068291245734E-5
33.16	4	1.47227316498294E-4
33.18	-5	-1.84034145622867E-4
33.2	-3	-1.1042048737372E-4
33.22	3	1.1042048737372E-4
33.24	-2	-7.36136582491468E-5
33.26	-1	-3.68068291245734E-5
33.28	4	1.47227316498294E-4
33.3	-4	-1.47227316498294E-4
33.32	3	1.1042048737372E-4
33.34	-4	-1.47227316498294E-4
33.36	-4	-1.47227316498294E-4
33.38	3	1.1042048737372E-4
33.4	1	3.68068291245734E-5
33.42	3	1.1042048737372E-4
33.44	-1	-3.68068291245734E-5
33.46	3	1.1042048737372E-4
33.48	-6	-2.2084097474744E-4
33.5	13	4.78488778619454E-4
33.52	3	1.1042048737372E-4
33.54	-1	-3.68068291245734E-5
33.56	-2	-7.36136582491468E-5
33.58	3	1.1042048737372E-4
33.6	1	3.68068291245734E-5
33.62	4	1.47227316498294E-4
33.64	-1	-3.68068291245734E-5
33.66	-1	-3.68068291245734E-5
33.68	1	3.68068291245734E-5
33.7	-5	-1.84034145622867E-4
33.72	1	3.68068291245734E-5
33.74	2	7.36136582491468E-5
33.76	3	1.1042048737372E-4
33.78	3	1.1042048737372E-4
33.8	-3	-1.1042048737372E-4
33.82	9	3.31261462121161E-4
33.84	3	1.1042048737372E-4
33.86	-5	-1.84034145622867E-4
33.88	-6	-2.2084097474744E-4
33.9	1	3.68068291245734E-5
33.92	1	3.68068291245734E-5
33.94	-1	-3.68068291245734E-5
33.96	-2	-7.36136582491468E-5
33.98	0	0
34	-2	-7.36136582491468E-5
34.02	-1	-3.68068291245734E-5
34.04	0	0
34.06	0	0
34.08	5	1.84034145622867E-4
34.1	9	3.31261462121161E-4
34.12	0	0
34.14	1	3.68068291245734E-5
34.16	7	2.57647803872014E-4
34.18	3	1.1042048737372E-4
34.2	1	3.68068291245734E-5
34.22	-2	-7.36136582491468E-5
34.24	-2	-7.36136582491468E-5
34.26	-2	-7.36136582491468E-5
34.28	-5	-1.84034145622867E-4
34.3	-2	-7.36136582491468E-5
34.32	3	1.1042048737372E-4
34.34	-4	-1.47227316498294E-4
34.36	-4	-1.47227316498294E-4
34.38	1	3.68068291245734E-5
34.4	1	3.68068291245734E-5
34.42	1	3.68068291245734E-5
34.44	0	0
34.46	-2	-7.36136582491468E-5
34.48	1	3.68068291245734E-5
34.5	2	7.36136582491468E-5
34.52	2	7.36136582491468E-5
34.54	1	3.68068291245734E-5
34.56	8	2.94454632996587E-4
34.58	5	1.84034145622867E-4
34.6	-5	-1.84034145622867E-4
34.62	3	1.1042048737372E-4
34.64	-2	-7.36136582491468E-5
34.66	-1	-3.68068291245734E-5
34.68	-1	-3.68068291245734E-5
34.7	0	0
34.72	-6	-2.2084097474744E-4
34.74	-5	-1.84034145622867E-4
34.76	1	3.68068291245734E-5
34.78	-10	-3.68068291245734E-4
34.8	-3	-1.1042048737372E-4
34.82	-1	-3.68068291245734E-5
34.84	-2	-7.36136582491468E-5
34.86	3	1.1042048737372E-4
34.88	5	1.84034145622867E-4
34.9	6	2.2084097474744E-4
34.92	1	3.68068291245734E-5
34.94	-1	-3.68068291245734E-5
34.96	-3	-1.1042048737372E-4
34.98	-1	-3.68068291245734E-5
35	-2	-7.36136582491468E-5
35.02	-3	-1.1042048737372E-4
35.04	1	3.68068291245734E-5
35.06	2	7.36136582491468E-5
35.08	0	0
35.1	3	1.1042048737372E-4
35.12	5	1.84034145622867E-4
35.14	2	7.36136582491468E-5
35.16	5	1.84034145622867E-4
35.18	6	2.2084097474744E-4
35.2	2	7.36136582491468E-5
35.22	5	1.84034145622867E-4
35.24	2	7.36136582491468E-5
35.26	0	0
35.28	0	0
35.3	9	3.31261462121161E-4
35.32	-1	-3.68068291245734E-5
35.34	0	0
35.36	3	1.1042048737372E-4
35.38	1	3.68068291245734E-5
35.4	2	7.36136582491468E-5
35.42	0	0
35.44	2	7.36136582491468E-5
35.46	-5	-1.84034145622867E-4
35.48	2	7.36136582491468E-5
35.5	1	3.68068291245734E-5
35.52	-1	-3.68068291245734E-5
35.54	0	0
35.56	-2	-7.36136582491468E-5
35.58	1	3.68068291245734E-5
35.6	2	7.36136582491468E-5
35.62	0	0
35.64	0	0
35.66	-3	-1.1042048737372E-4
35.68	-2	-7.36136582491468E-5
35.7	4	1.47227316498294E-4
35.72	2	7.36136582491468E-5
35.74	1	3.68068291245734E-5
35.76	2	7.36136582491468E-5
35.78	1	3.68068291245734E-5
35.8	3	1.1042048737372E-4
35.82	3	1.1042048737372E-4
35.84	3	1.1042048737372E-4
35.86	-3	-1.1042048737372E-4
35.88	-5	-1.84034145622867E-4
35.9	4	1.47227316498294E-4
35.92	4	1.47227316498294E-4
35.94	2	7.36136582491468E-5
35.96	2	7.36136582491468E-5
35.98	-1	-3.68068291245734E-5
36	-6	-2.2084097474744E-4
36.02	-3	-1.1042048737372E-4
36.04	3	1.1042048737372E-4
36.06	4	1.47227316498294E-4
36.08	0	0
36.1	-1	-3.68068291245734E-5
36.12	3	1.1042048737372E-4
36.14	3	1.1042048737372E-4
36.16	8	2.94454632996587E-4
36.18	-2	-7.36136582491468E-5
36.2	3	1.1042048737372E-4
36.22	5	1.84034145622867E-4
36.24	7	2.57647803872014E-4
36.26	2	7.36136582491468E-5
36.28	6	2.2084097474744E-4
36.3	2	7.36136582491468E-5
36.32	-1	-3.68068291245734E-5
36.34	3	1.1042048737372E-4
36.36	-1	-3.68068291245734E-5
36.38	-3	-1.1042048737372E-4
36.4	-4	-1.47227316498294E-4
36.42	3	1.1042048737372E-4
36.44	0	0
36.46	6	2.2084097474744E-4
36.48	5	1.84034145622867E-4
36.5	2	7.36136582491468E-5
36.52	-4	-1.47227316498294E-4
36.54	2	7.36136582491468E-5
36.56	6	2.2084097474744E-4
36.58	-1	-3.68068291245734E-5
36.6	-1	-3.68068291245734E-5
36.62	2	7.36136582491468E-5
36.64	-3	-1.1042048737372E-4
36.66	3	1.1042048737372E-4
36.68	6	2.2084097474744E-4
36.7	1	3.68068291245734E-5
36.72	-2	-7.36136582491468E-5
36.74	-2	-7.36136582491468E-5
36.76	-3	-1.1042048737372E-4
36.78	-4	-1.47227316498294E-4
36.8	3	1.1042048737372E-4
36.82	2	7.36136582491468E-5
36.84	2	7.36136582491468E-5
36.86	2	7.36136582491468E-5
36.88	-1	-3.68068291245734E-5
36.9	5	1.84034145622867E-4
36.92	6	2.2084097474744E-4
36.94	2	7.36136582491468E-5
36.96	0	0
36.98	0	0
37	-1	-3.68068291245734E-5
37.02	1	3.68068291245734E-5
37.04	-6	-2.2084097474744E-4
37.06	-2	-7.36136582491468E-5
37.08	1	3.68068291245734E-5
37.1	1	3.68068291245734E-5
37.12	4	1.47227316498294E-4
37.14	2	7.36136582491468E-5
37.16	-1	-3.68068291245734E-5
37.18	1	3.68068291245734E-5
37.2	0	0
37.22	1	3.68068291245734E-5
37.24	-3	-1.1042048737372E-4
37.26	4	1.47227316498294E-4
37.28	2	7.36136582491468E-5
37.3	-1	-3.68068291245734E-5
37.32	2	7.36136582491468E-5
37.34	1	3.68068291245734E-5
37.36	-2	-7.36136582491468E-5
37.38	5	1.84034145622867E-4
37.4	1	3.68068291245734E-5
37.42	0	0
37.44	1	3.68068291245734E-5
37.46	-3	-1.1042048737372E-4
37.48	3	1.1042048737372E-4
37.5	3	1.1042048737372E-4
37.52	-1	-3.68068291245734E-5
37.54	6	2.2084097474744E-4
37.56	2	7.36136582491468E-5
37.58	1	3.68068291245734E-5
37.6	5	1.84034145622867E-4
37.62	1	3.68068291245734E-5
37.64	-3	-1.1042048737372E-4
37.66	1	3.68068291245734E-5
37.68	1	3.68068291245734E-5
37.7	2	7.36136582491468E-5
37.72	-2	-7.36136582491468E-5
37.74	0	0
37.76	-2	-7.36136582491468E-5
37.78	0	0
37.8	1	3.68068291245734E-5
37.82	-1	-3.68068291245734E-5
37.84	2	7.36136582491468E-5
37.86	-1	-3.68068291245734E-5
37.88	-6	-2.2084097474744E-4
37.9	-4	-1.47227316498294E-4
37.92	3	1.1042048737372E-4
37.94	6	2.2084097474744E-4
37.96	1	3.68068291245734E-5
37.98	1	3.68068291245734E-5
38	5	1.84034145622867E-4
38.02	5	1.84034145622867E-4
38.04	6	2.2084097474744E-4
38.06	1	3.68068291245734E-5
38.08	0	0
38.1	-1	-3.68068291245734E-5
38.12	1	3.68068291245734E-5
38.14	-1	-3.68068291245734E-5
38.16	2	7.36136582491468E-5
38.18	-4	-1.47227316498294E-4
38.2	0	0
38.22	-5	-1.84034145622867E-4
38.24	-3	-1.1042048737372E-4
38.26	-1	-3.68068291245734E-5
38.28	3	1.1042048737372E-4
38.3	7	2.57647803872014E-4
38.32	3	1.1042048737372E-4
38.34	-3	-1.1042048737372E-4
38.36	6	2.2084097474744E-4
38.38	7	2.57647803872014E-4
38.4	2	7.36136582491468E-5
38.42	-2	-7.36136582491468E-5
38.44	-5	-1.84034145622867E-4
38.46	-3	-1.1042048737372E-4
38.48	3	1.1042048737372E-4
38.5	4	1.47227316498294E-4
38.52	-3	-1.1042048737372E-4
38.54	0	0
38.56	1	3.68068291245734E-5
38.58	-4	-1.47227316498294E-4
38.6	-1	-3.68068291245734E-5
38.62	9	3.31261462121161E-4
38.64	6	2.2084097474744E-4
38.66	-3	-1.1042048737372E-4
38.68	2	7.36136582491468E-5
38.7	-1	-3.68068291245734E-5
38.72	-1	-3.68068291245734E-5
38.74	5	1.84034145622867E-4
38.76	0	0
38.78	0	0
38.8	-2	-7.36136582491468E-5
38.82	3	1.1042048737372E-4
38.84	9	3.31261462121161E-4
38.86	3	1.1042048737372E-4
38.88	-4	-1.47227316498294E-4
38.9	-5	-1.84034145622867E-4
38.92	-2	-7.36136582491468E-5
38.94	8	2.94454632996587E-4
38.96	0	0
38.98	0	0
39	-3	-1.1042048737372E-4
39.02	2	7.36136582491468E-5
39.04	3	1.1042048737372E-4
39.06	0	0
39.08	1	3.68068291245734E-5
39.1	4	1.47227316498294E-4
39.12	0	0
39.14	0	0
39.16	3	1.1042048737372E-4
39.18	2	7.36136582491468E-5
39.2	4	1.47227316498294E-4
39.22	-4	-1.47227316498294E-4
39.24	-5	-1.84034145622867E-4
39.26	-4	-1.47227316498294E-4
39.28	1	3.68068291245734E-5
39.3	2	7.36136582491468E-5
39.32	0	0
39.34	6	2.2084097474744E-4
39.36	1	3.68068291245734E-5
39.38	2	7.36136582491468E-5
39.4	12	4.41681949494881E-4
39.42	0	0
39.44	-7	-2.57647803872014E-4
39.46	-3	-1.1042048737372E-4
39.48	0	0
39.5	5	1.84034145622867E-4
39.52	1	3.68068291245734E-5
39.54	-2	-7.36136582491468E-5
39.56	2	7.36136582491468E-5
39.58	-1	-3.68068291245734E-5
39.6	2	7.36136582491468E-5
39.62	1	3.68068291245734E-5
39.64	1	3.68068291245734E-5
39.66	4	1.47227316498294E-4
39.68	-2	-7.36136582491468E-5
39.7	-3	-1.1042048737372E-4
39.72	2	7.36136582491468E-5
39.74	-1	-3.68068291245734E-5
39.76	7	2.57647803872014E-4
39.78	-5	-1.84034145622867E-4
39.8	2	7.36136582491468E-5
39.82	2	7.36136582491468E-5
39.84	5	1.84034145622867E-4
39.86	-1	-3.68068291245734E-5
39.88	1	3.68068291245734E-5
39.9	1	3.68068291245734E-5
39.92	3	1.1042048737372E-4
39.94	3	1.1042048737372E-4
39.96	1	3.68068291245734E-5
39.98	-2	-7.36136582491468E-5
40	-4	-1.47227316498294E-4
40.02	3	1.1042048737372E-4
40.04	7	2.57647803872014E-4
40.06	3	1.1042048737372E-4
40.08	-7	-2.57647803872014E-4
40.1	-2	-7.36136582491468E-5
40.12	-1	-3.68068291245734E-5
40.14	0	0
40.16	-2	-7.36136582491468E-5
40.18	-5	-1.84034145622867E-4
40.2	-1	-3.68068291245734E-5
40.22	6	2.2084097474744E-4
40.24	5	1.84034145622867E-4
40.26	1	3.68068291245734E-5
40.28	9	3.31261462121161E-4
40.3	2	7.36136582491468E-5
40.32	-2	-7.36136582491468E-5
40.34	7	2.57647803872014E-4
40.36	-4	-1.47227316498294E-4
40.38	4	1.47227316498294E-4
40.4	-7	-2.57647803872014E-4
40.42	4	1.47227316498294E-4
40.44	2	7.36136582491468E-5
40.46	-6	-2.2084097474744E-4
40.48	-8	-2.94454632996587E-4
40.5	-2	-7.36136582491468E-5
40.52	-9	-3.31261462121161E-4
40.54	-10	-3.68068291245734E-4
40.56	-7	-2.57647803872014E-4
40.58	-1	-3.68068291245734E-5
40.6	6	2.2084097474744E-4
40.62	3	1.1042048737372E-4
40.64	3	1.1042048737372E-4
40.66	-5	-1.84034145622867E-4
40.68	-4	-1.47227316498294E-4
40.7	-2	-7.36136582491468E-5
40.72	2	7.36136582491468E-5
40.74	2	7.36136582491468E-5
40.76	-4	-1.47227316498294E-4
40.78	-3	-1.1042048737372E-4
40.8	8	2.94454632996587E-4
40.82	2	7.36136582491468E-5
40.84	-1	-3.68068291245734E-5
40.86	-1	-3.68068291245734E-5
40.88	-3	-1.1042048737372E-4
40.9	-2	-7.36136582491468E-5
40.92	-4	-1.47227316498294E-4
40.94	0	0
40.96	3	1.1042048737372E-4
40.98	3	1.1042048737372E-4
41	-4	-1.47227316498294E-4
41.02	-1	-3.68068291245734E-5
41.04	2	7.36136582491468E-5
41.06	-3	-1.1042048737372E-4
41.08	0	0
41.1	-4	-1.47227316498294E-4
41.12	-1	-3.68068291245734E-5
41.14	2	7.36136582491468E-5
41.16	1	3.68068291245734E-5
41.18	-3	-1.1042048737372E-4
41.2	3	1.1042048737372E-4
41.22	7	2.57647803872014E-4
41.24	2	7.36136582491468E-5
41.26	3	1.1042048737372E-4
41.28	-2	-7.36136582491468E-5
41.3	-2	-7.36136582491468E-5
41.32	-4	-1.47227316498294E-4
41.34	2	7.36136582491468E-5
41.36	-1	-3.68068291245734E-5
41.38	3	1.1042048737372E-4
41.4	4	1.47227316498294E-4
41.42	4	1.47227316498294E-4
41.44	0	0
41.46	-1	-3.68068291245734E-5
41.48	-1	-3.68068291245734E-5
41.5	2	7.36136582491468E-5
41.52	4	1.47227316498294E-4
41.54	0	0
41.56	-1	-3.68068291245734E-5
41.58	0	0
41.6	-1	-3.68068291245734E-5
41.62	0	0
41.64	5	1.84034145622867E-4
41.66	5	1.84034145622867E-4
41.68	-1	-3.68068291245734E-5
41.7	1	3.68068291245734E-5
41.72	-1	-3.68068291245734E-5
41.74	7	2.57647803872014E-4
41.76	2	7.36136582491468E-5
41.78	10	3.68068291245734E-4
41.8	0	0
41.82	2	7.36136582491468E-5
41.84	-1	-3.68068291245734E-5
41.86	1	3.68068291245734E-5
41.88	2	7.36136582491468E-5
41.9	-1	-3.68068291245734E-5
41.92	1	3.68068291245734E-5
41.94	-1	-3.68068291245734E-5
41.96	-3	-1.1042048737372E-4
41.98	-2	-7.36136582491468E-5
42	1	3.68068291245734E-5
42.02	-2	-7.36136582491468E-5
42.04	-3	-1.1042048737372E-4
42.06	2	7.36136582491468E-5
42.08	2	7.36136582491468E-5
42.1	-5	-1.84034145622867E-4
42.12	-1	-3.68068291245734E-5
42.14	3	1.1042048737372E-4
42.16	1	3.68068291245734E-5
42.18	0	0
42.2	2	7.36136582491468E-5
42.22	0	0
42.24	0	0
42.26	1	3.68068291245734E-5
42.28	-4	-1.47227316498294E-4
42.3	-5	-1.84034145622867E-4
42.32	5	1.84034145622867E-4
42.34	0	0
42.36	0	0
42.38	-10	-3.68068291245734E-4
42.4	-5	-1.84034145622867E-4
42.42	-2	-7.36136582491468E-5
42.44	-4	-1.47227316498294E-4
42.46	3	1.1042048737372E-4
42.48	3	1.1042048737372E-4
42.5	2	7.36136582491468E-5
42.52	6	2.2084097474744E-4
42.54	-3	-1.1042048737372E-4
42.56	2	7.36136582491468E-5
42.58	-3	-1.1042048737372E-4
42.6	1	3.68068291245734E-5
42.62	1	3.68068291245734E-5
42.64	2	7.36136582491468E-5
42.66	4	1.47227316498294E-4
42.68	-1	-3.68068291245734E-5
42.7	1	3.68068291245734E-5
42.72	1	3.68068291245734E-5
42.74	3	1.1042048737372E-4
42.76	-1	-3.68068291245734E-5
42.78	-6	-2.2084097474744E-4
42.8	0	0
42.82	4	1.47227316498294E-4
42.84	0	0
42.86	0	0
42.88	-2	-7.36136582491468E-5
42.9	0	0
42.92	0	0
42.94	-2	-7.36136582491468E-5
42.96	-2	-7.36136582491468E-5
42.98	3	1.1042048737372E-4
43	2	7.36136582491468E-5
43.02	-3	-1.1042048737372E-4
43.04	3	1.1042048737372E-4
43.06	7	2.57647803872014E-4
43.08	8	2.94454632996587E-4
43.1	-4	-1.47227316498294E-4
43.12	1	3.68068291245734E-5
43.14	-4	-1.47227316498294E-4
43.16	-1	-3.68068291245734E-5
43.18	1	3.68068291245734E-5
43.2	-3	-1.1042048737372E-4
43.22	0	0
43.24	2	7.36136582491468E-5
43.26	4	1.47227316498294E-4
43.28	1	3.68068291245734E-5
43.3	3	1.1042048737372E-4
43.32	1	3.68068291245734E-5
43.34	-1	-3.68068291245734E-5
43.36	-1	-3.68068291245734E-5
43.38	3	1.1042048737372E-4
43.4	6	2.2084097474744E-4
43.42	0	0
43.44	2	7.36136582491468E-5
43.46	-1	-3.68068291245734E-5
43.48	0	0
43.5	2	7.36136582491468E-5
43.52	0	0
43.54	8	2.94454632996587E-4
43.56	6	2.2084097474744E-4
43.58	1	3.68068291245734E-5
43.6	1	3.68068291245734E-5
43.62	0	0
43.64	0	0
43.66	-1	-3.68068291245734E-5
43.68	3	1.1042048737372E-4
43.7	6	2.2084097474744E-4
43.72	6	2.2084097474744E-4
43.74	0	0
43.76	5	1.84034145622867E-4
43.78	-1	-3.68068291245734E-5
43.8	-1	-3.68068291245734E-5
43.82	3	1.1042048737372E-4
43.84	4	1.47227316498294E-4
43.86	3	1.1042048737372E-4
43.88	4	1.47227316498294E-4
43.9	-2	-7.36136582491468E-5
43.92	-1	-3.68068291245734E-5
43.94	3	1.1042048737372E-4
43.96	6	2.2084097474744E-4
43.98	0	0
44	0	0
44.02	-3	-1.1042048737372E-4
44.04	-1	-3.68068291245734E-5
44.06	2	7.36136582491468E-5
44.08	4	1.47227316498294E-4
44.1	4	1.47227316498294E-4
44.12	14	5.15295607744028E-4
44.14	7	2.57647803872014E-4
44.16	-2	-7.36136582491468E-5
44.18	2	7.36136582491468E-5
44.2	0	0
44.22	2	7.36136582491468E-5
44.24	1	3.68068291245734E-5
44.26	-2	-7.36136582491468E-5
44.28	0	0
44.3	6	2.2084097474744E-4
44.32	-4	-1.47227316498294E-4
44.34	1	3.68068291245734E-5
44.36	1	3.68068291245734E-5
44.38	0	0
44.4	4	1.47227316498294E-4
44.42	1	3.68068291245734E-5
44.44	1	3.68068291245734E-5
44.46	0	0
44.48	2	7.36136582491468E-5
44.5	-7	-2.57647803872014E-4
44.52	-3	-1.1042048737372E-4
44.54	-1	-3.68068291245734E-5
44.56	-1	-3.68068291245734E-5
44.58	1	3.68068291245734E-5
44.6	3	1.1042048737372E-4
44.62	0	0
44.64	1	3.68068291245734E-5
44.66	1	3.68068291245734E-5
44.68	-1	-3.68068291245734E-5
44.7	-1	-3.68068291245734E-5
44.72	0	0
44.74	1	3.68068291245734E-5
44.76	3	1.1042048737372E-4
44.78	1	3.68068291245734E-5
44.8	4	1.47227316498294E-4
44.82	1	3.68068291245734E-5
44.84	1	3.68068291245734E-5
44.86	-9	-3.31261462121161E-4
44.88	-9	-3.31261462121161E-4
44.9	-1	-3.68068291245734E-5
44.92	9	3.31261462121161E-4
44.94	2	7.36136582491468E-5
44.96	3	1.1042048737372E-4
44.98	-2	-7.36136582491468E-5
45	1	3.68068291245734E-5
45.02	5	1.84034145622867E-4
45.04	2	7.36136582491468E-5
45.06	-1	-3.68068291245734E-5
45.08	1	3.68068291245734E-5
45.1	0	0
45.12	2	7.36136582491468E-5
45.14	3	1.1042048737372E-4
45.16	1	3.68068291245734E-5
45.18	-2	-7.36136582491468E-5
45.2	-2	-7.36136582491468E-5
45.22	-7	-2.57647803872014E-4
45.24	-3	-1.1042048737372E-4
45.26	-1	-3.68068291245734E-5
45.28	0	0
45.3	2	7.36136582491468E-5
45.32	2	7.36136582491468E-5
45.34	4	1.47227316498294E-4
45.36	-1	-3.68068291245734E-5
45.38	4	1.47227316498294E-4
45.4	-5	-1.84034145622867E-4
45.42	0	0
45.44	0	0
45.46	-3	-1.1042048737372E-4
45.48	-1	-3.68068291245734E-5
45.5	-3	-1.1042048737372E-4
45.52	-7	-2.57647803872014E-4
45.54	1	3.68068291245734E-5
45.56	4	1.47227316498294E-4
45.58	-4	-1.47227316498294E-4
45.6	-3	-1.1042048737372E-4
45.62	-1	-3.68068291245734E-5
45.64	3	1.1042048737372E-4
45.66	-1	-3.68068291245734E-5
45.68	3	1.1042048737372E-4
45.7	7	2.57647803872014E-4
45.72	14	5.15295607744028E-4
45.74	5	1.84034145622867E-4
45.76	-1	-3.68068291245734E-5
45.78	-1	-3.68068291245734E-5
45.8	1	3.68068291245734E-5
45.82	-1	-3.68068291245734E-5
45.84	-5	-1.84034145622867E-4
45.86	1	3.68068291245734E-5
45.88	-2	-7.36136582491468E-5
45.9	-4	-1.47227316498294E-4
45.92	4	1.47227316498294E-4
45.94	1	3.68068291245734E-5
45.96	1	3.68068291245734E-5
45.98	4	1.47227316498294E-4
46	-2	-7.36136582491468E-5
46.02	-7	-2.57647803872014E-4
46.04	2	7.36136582491468E-5
46.06	0	0
46.08	4	1.47227316498294E-4
46.1	7	2.57647803872014E-4
46.12	8	2.94454632996587E-4
46.14	7	2.57647803872014E-4
46.16	4	1.47227316498294E-4
46.18	3	1.1042048737372E-4
46.2	1	3.68068291245734E-5
46.22	2	7.36136582491468E-5
46.24	1	3.68068291245734E-5
46.26	-1	-3.68068291245734E-5
46.28	-6	-2.2084097474744E-4
46.3	-1	-3.68068291245734E-5
46.32	1	3.68068291245734E-5
46.34	-1	-3.68068291245734E-5
46.36	1	3.68068291245734E-5
46.38	-1	-3.68068291245734E-5
46.4	1	3.68068291245734E-5
46.42	-2	-7.36136582491468E-5
46.44	1	3.68068291245734E-5
46.46	3	1.1042048737372E-4
46.48	2	7.36136582491468E-5
46.5	-5	-1.84034145622867E-4
46.52	-4	-1.47227316498294E-4
46.54	-3	-1.1042048737372E-4
46.56	-2	-7.36136582491468E-5
46.58	0	0
46.6	5	1.84034145622867E-4
46.62	7	2.57647803872014E-4
46.64	9	3.31261462121161E-4
46.66	-4	-1.47227316498294E-4
46.68	1	3.68068291245734E-5
46.7	-4	-1.47227316498294E-4
46.72	-9	-3.31261462121161E-4
46.74	-5	-1.84034145622867E-4
46.76	1	3.68068291245734E-5
46.78	5	1.84034145622867E-4
46.8	6	2.2084097474744E-4
46.82	-3	-1.1042048737372E-4
46.84	0	0
46.86	0	0
46.88	-3	-1.1042048737372E-4
46.9	-1	-3.68068291245734E-5
46.92	-6	-2.2084097474744E-4
46.94	3	1.1042048737372E-4
46.96	2	7.36136582491468E-5
46.98	1	3.68068291245734E-5
47	-4	-1.47227316498294E-4
47.02	-2	-7.36136582491468E-5
47.04	-2	-7.36136582491468E-5
47.06	-7	-2.57647803872014E-4
47.08	4	1.47227316498294E-4
47.1	3	1.1042048737372E-4
47.12	-1	-3.68068291245734E-5
47.14	-5	-1.84034145622867E-4
47.16	-5	-1.84034145622867E-4
47.18	-6	-2.2084097474744E-4
47.2	-4	-1.47227316498294E-4
47.22	-3	-1.1042048737372E-4
47.24	0	0
47.26	-2	-7.36136582491468E-5
47.28	1	3.68068291245734E-5
47.3	-1	-3.68068291245734E-5
47.32	-3	-1.1042048737372E-4
47.34	2	7.36136582491468E-5
47.36	3	1.1042048737372E-4
47.38	2	7.36136582491468E-5
47.4	4	1.47227316498294E-4
47.42	3	1.1042048737372E-4
47.44	-2	-7.36136582491468E-5
47.46	-4	-1.47227316498294E-4
47.48	5	1.84034145622867E-4
47.5	3	1.1042048737372E-4
47.52	-4	-1.47227316498294E-4
47.54	-1	-3.68068291245734E-5
47.56	-1	-3.68068291245734E-5
47.58	-1	-3.68068291245734E-5
47.6	0	0
47.62	-1	-3.68068291245734E-5
47.64	6	2.2084097474744E-4
47.66	-2	-7.36136582491468E-5
47.68	-7	-2.57647803872014E-4
47.7	1	3.68068291245734E-5
47.72	1	3.68068291245734E-5
47.74	9	3.31261462121161E-4
47.76	3	1.1042048737372E-4
47.78	-7	-2.57647803872014E-4
47.8	-3	-1.1042048737372E-4
47.82	1	3.68068291245734E-5
47.84	3	1.1042048737372E-4
47.86	-1	-3.68068291245734E-5
47.88	2	7.36136582491468E-5
47.9	3	1.1042048737372E-4
47.92	3	1.1042048737372E-4
47.94	-1	-3.68068291245734E-5
47.96	3	1.1042048737372E-4
47.98	5	1.84034145622867E-4
48	-3	-1.1042048737372E-4
48.02	-3	-1.1042048737372E-4
48.04	11	4.04875120370307E-4
48.06	7	2.57647803872014E-4
48.08	-1	-3.68068291245734E-5
48.1	-4	-1.47227316498294E-4
48.12	-2	-7.36136582491468E-5
48.14	-3	-1.1042048737372E-4
48.16	0	0
48.18	1	3.68068291245734E-5
48.2	2	7.36136582491468E-5
48.22	4	1.47227316498294E-4
48.24	6	2.2084097474744E-4
48.26	-3	-1.1042048737372E-4
48.28	3	1.1042048737372E-4
48.3	3	1.1042048737372E-4
48.32	3	1.1042048737372E-4
48.34	1	3.68068291245734E-5
48.36	1	3.68068291245734E-5
48.38	3	1.1042048737372E-4
48.4	7	2.57647803872014E-4
48.42	12	4.41681949494881E-4
48.44	0	0
48.46	-7	-2.57647803872014E-4
48.48	-6	-2.2084097474744E-4
48.5	-3	-1.1042048737372E-4
48.52	-4	-1.47227316498294E-4
48.54	-1	-3.68068291245734E-5
48.56	-2	-7.36136582491468E-5
48.58	-4	-1.47227316498294E-4
48.6	-6	-2.2084097474744E-4
48.62	-1	-3.68068291245734E-5
48.64	1	3.68068291245734E-5
48.66	6	2.2084097474744E-4
48.68	6	2.2084097474744E-4
48.7	3	1.1042048737372E-4
48.72	3	1.1042048737372E-4
48.74	0	0
48.76	-3	-1.1042048737372E-4
48.78	3	1.1042048737372E-4
48.8	-2	-7.36136582491468E-5
48.82	1	3.68068291245734E-5
48.84	-1	-3.68068291245734E-5
48.86	-4	-1.47227316498294E-4
48.88	4	1.47227316498294E-4
48.9	1	3.68068291245734E-5
48.92	5	1.84034145622867E-4
48.94	7	2.57647803872014E-4
48.96	1	3.68068291245734E-5
48.98	-1	-3.68068291245734E-5
49	1	3.68068291245734E-5
49.02	-3	-1.1042048737372E-4
49.04	1	3.68068291245734E-5
49.06	0	0
49.08	0	0
49.1	-5	-1.84034145622867E-4
49.12	-7	-2.57647803872014E-4
49.14	-3	-1.1042048737372E-4
49.16	1	3.68068291245734E-5
49.18	5	1.84034145622867E-4
49.2	1	3.68068291245734E-5
49.22	-3	-1.1042048737372E-4
49.24	-2	-7.36136582491468E-5
49.26	-2	-7.36136582491468E-5
49.28	2	7.36136582491468E-5
49.3	4	1.47227316498294E-4
49.32	-3	-1.1042048737372E-4
49.34	3	1.1042048737372E-4
49.36	5	1.84034145622867E-4
49.38	7	2.57647803872014E-4
49.4	2	7.36136582491468E-5
49.42	5	1.84034145622867E-4
49.44	0	0
49.46	-4	-1.47227316498294E-4
49.48	-3	-1.1042048737372E-4
49.5	-3	-1.1042048737372E-4
49.52	-1	-3.68068291245734E-5
49.54	-4	-1.47227316498294E-4
49.56	-2	-7.36136582491468E-5
49.58	-3	-1.1042048737372E-4
49.6	-6	-2.2084097474744E-4
49.62	-3	-1.1042048737372E-4
49.64	1	3.68068291245734E-5
49.66	-10	-3.68068291245734E-4
49.68	-5	-1.84034145622867E-4
49.7	-2	-7.36136582491468E-5
49.72	2	7.36136582491468E-5
49.74	0	0
49.76	0	0
49.78	3	1.1042048737372E-4
49.8	-3	-1.1042048737372E-4
49.82	0	0
49.84	2	7.36136582491468E-5
49.86	5	1.84034145622867E-4
49.88	-2	-7.36136582491468E-5
49.9	0	0
49.92	3	1.1042048737372E-4
49.94	4	1.47227316498294E-4
49.96	4	1.47227316498294E-4
49.98	4	1.47227316498294E-4
50	4	1.47227316498294E-4
50.02	1	3.68068291245734E-5
50.04	0	0
50.06	0	0
50.08	-1	-3.68068291245734E-5
50.1	-4	-1.47227316498294E-4
50.12	2	7.36136582491468E-5
50.14	2	7.36136582491468E-5
50.16	-1	-3.68068291245734E-5
50.18	-5	-1.84034145622867E-4
50.2	-2	-7.36136582491468E-5
50.22	-3	-1.1042048737372E-4
50.24	-5	-1.84034145622867E-4
50.26	2	7.36136582491468E-5
50.28	-3	-1.1042048737372E-4
50.3	-3	-1.1042048737372E-4
50.32	-2	-7.36136582491468E-5
50.34	-3	-1.1042048737372E-4
50.36	-1	-3.68068291245734E-5
50.38	3	1.1042048737372E-4
50.4	-2	-7.36136582491468E-5
50.42	-4	-1.47227316498294E-4
50.44	-7	-2.57647803872014E-4
50.46	-4	-1.47227316498294E-4
50.48	-2	-7.36136582491468E-5
50.5	5	1.84034145622867E-4
50.52	0	0
50.54	-2	-7.36136582491468E-5
50.56	6	2.2084097474744E-4
50.58	2	7.36136582491468E-5
50.6	0	0
50.62	-1	-3.68068291245734E-5
50.64	-6	-2.2084097474744E-4
50.66	-9	-3.31261462121161E-4
50.68	0	0
50.7	7	2.57647803872014E-4
50.72	0	0
50.74	-2	-7.36136582491468E-5
50.76	-2	-7.36136582491468E-5
50.78	5	1.84034145622867E-4
50.8	2	7.36136582491468E-5
50.82	4	1.47227316498294E-4
50.84	1	3.68068291245734E-5
50.86	2	7.36136582491468E-5
50.88	8	2.94454632996587E-4
50.9	2	7.36136582491468E-5
50.92	4	1.47227316498294E-4
50.94	-3	-1.1042048737372E-4
50.96	-1	-3.68068291245734E-5
50.98	-1	-3.68068291245734E-5
51	3	1.1042048737372E-4
51.02	-6	-2.2084097474744E-4
51.04	0	0
51.06	2	7.36136582491468E-5
51.08	-3	-1.1042048737372E-4
51.1	-2	-7.36136582491468E-5
51.12	-1	-3.68068291245734E-5
51.14	6	2.2084097474744E-4
51.16	2	7.36136582491468E-5
51.18	5	1.84034145622867E-4
51.2	-4	-1.47227316498294E-4
51.22	-5	-1.84034145622867E-4
51.24	2	7.36136582491468E-5
51.26	3	1.1042048737372E-4
51.28	2	7.36136582491468E-5
51.3	1	3.68068291245734E-5
51.32	-2	-7.36136582491468E-5
51.34	-2	-7.36136582491468E-5
51.36	1	3.68068291245734E-5
51.38	4	1.47227316498294E-4
51.4	6	2.2084097474744E-4
51.42	-3	-1.1042048737372E-4
51.44	-4	-1.47227316498294E-4
51.46	-7	-2.57647803872014E-4
51.48	1	3.68068291245734E-5
51.5	5	1.84034145622867E-4
51.52	2	7.36136582491468E-5
51.54	-1	-3.68068291245734E-5
51.56	-3	-1.1042048737372E-4
51.58	-2	-7.36136582491468E-5
51.6	-7	-2.57647803872014E-4
51.62	-3	-1.1042048737372E-4
51.64	-6	-2.2084097474744E-4
51.66	-2	-7.36136582491468E-5
51.68	0	0
51.7	1	3.68068291245734E-5
51.72	-1	-3.68068291245734E-5
51.74	-4	-1.47227316498294E-4
51.76	-3	-1.1042048737372E-4
51.78	-2	-7.36136582491468E-5
51.8	-1	-3.68068291245734E-5
51.82	1	3.68068291245734E-5
51.84	5	1.84034145622867E-4
51.86	4	1.47227316498294E-4
51.88	1	3.68068291245734E-5
51.9	-2	-7.36136582491468E-5
51.92	-9	-3.31261462121161E-4
51.94	0	0
51.96	0	0
51.98	3	1.1042048737372E-4
52	0	0
52.02	5	1.84034145622867E-4
52.04	0	0
52.06	-5	-1.84034145622867E-4
52.08	-1	-3.68068291245734E-5
52.1	1	3.68068291245734E-5
52.12	-4	-1.47227316498294E-4
52.14	-3	-1.1042048737372E-4
52.16	4	1.47227316498294E-4
52.18	1	3.68068291245734E-5
52.2	2	7.36136582491468E-5
52.22	4	1.47227316498294E-4
52.24	-1	-3.68068291245734E-5
52.26	-2	-7.36136582491468E-5
52.28	0	0
52.3	2	7.36136582491468E-5
52.32	-1	-3.68068291245734E-5
52.34	0	0
52.36	2	7.36136582491468E-5
52.38	9	3.31261462121161E-4
52.4	0	0
52.42	1	3.68068291245734E-5
52.44	2	7.36136582491468E-5
52.46	-3	-1.1042048737372E-4
52.48	2	7.36136582491468E-5
52.5	3	1.1042048737372E-4
52.52	2	7.36136582491468E-5
52.54	-1	-3.68068291245734E-5
52.56	3	1.1042048737372E-4
52.58	2	7.36136582491468E-5
52.6	-1	-3.68068291245734E-5
52.62	1	3.68068291245734E-5
52.64	-4	-1.47227316498294E-4
52.66	-3	-1.1042048737372E-4
52.68	1	3.68068291245734E-5
52.7	2	7.36136582491468E-5
52.72	1	3.68068291245734E-5
52.74	-5	-1.84034145622867E-4
52.76	-2	-7.36136582491468E-5
52.78	3	1.1042048737372E-4
52.8	6	2.2084097474744E-4
52.82	6	2.2084097474744E-4
52.84	-4	-1.47227316498294E-4
52.86	-1	-3.68068291245734E-5
52.88	5	1.84034145622867E-4
52.9	5	1.84034145622867E-4
52.92	5	1.84034145622867E-4
52.94	0	0
52.96	0	0
52.98	0	0
53	-4	-1.47227316498294E-4
53.02	0	0
53.04	3	1.1042048737372E-4
53.06	-2	-7.36136582491468E-5
53.08	0	0
53.1	-1	-3.68068291245734E-5
53.12	4	1.47227316498294E-4
53.14	1	3.68068291245734E-5
53.16	-1	-3.68068291245734E-5
53.18	-6	-2.2084097474744E-4
53.2	-6	-2.2084097474744E-4
53.22	-1	-3.68068291245734E-5
53.24	-4	-1.47227316498294E-4
53.26	2	7.36136582491468E-5
53.28	0	0
53.3	-5	-1.84034145622867E-4
53.32	4	1.47227316498294E-4
53.34	0	0
53.36	1	3.68068291245734E-5
53.38	2	7.36136582491468E-5
53.4	-1	-3.68068291245734E-5
53.42	-1	-3.68068291245734E-5
53.44	-2	-7.36136582491468E-5
53.46	5	1.84034145622867E-4
53.48	4	1.47227316498294E-4
53.5	2	7.36136582491468E-5
53.52	2	7.36136582491468E-5
53.54	2	7.36136582491468E-5
53.56	1	3.68068291245734E-5
53.58	1	3.68068291245734E-5
53.6	-5	-1.84034145622867E-4
53.62	-2	-7.36136582491468E-5
53.64	-1	-3.68068291245734E-5
53.66	1	3.68068291245734E-5
53.68	-2	-7.36136582491468E-5
53.7	-4	-1.47227316498294E-4
53.72	1	3.68068291245734E-5
53.74	5	1.84034145622867E-4
53.76	0	0
53.78	1	3.68068291245734E-5
53.8	5	1.84034145622867E-4
53.82	-5	-1.84034145622867E-4
53.84	-7	-2.57647803872014E-4
53.86	0	0
53.88	0	0
53.9	0	0
53.92	4	1.47227316498294E-4
53.94	3	1.1042048737372E-4
53.96	-2	-7.36136582491468E-5
53.98	2	7.36136582491468E-5
54	-3	-1.1042048737372E-4
54.02	-1	-3.68068291245734E-5
54.04	11	4.04875120370307E-4
54.06	3	1.1042048737372E-4
54.08	0	0
54.1	1	3.68068291245734E-5
54.12	2	7.36136582491468E-5
54.14	-5	-1.84034145622867E-4
54.16	-5	-1.84034145622867E-4
54.18	-4	-1.47227316498294E-4
54.2	-1	-3.68068291245734E-5
54.22	3	1.1042048737372E-4
54.24	3	1.1042048737372E-4
54.26	2	7.36136582491468E-5
54.28	-7	-2.57647803872014E-4
54.3	-1	-3.68068291245734E-5
54.32	-7	-2.57647803872014E-4
54.34	-4	-1.47227316498294E-4
54.36	-1	-3.68068291245734E-5
54.38	1	3.68068291245734E-5
54.4	-1	-3.68068291245734E-5
54.42	2	7.36136582491468E-5
54.44	-5	-1.84034145622867E-4
54.46	-1	-3.68068291245734E-5
54.48	-3	-1.1042048737372E-4
54.5	-2	-7.36136582491468E-5
54.52	2	7.36136582491468E-5
54.54	2	7.36136582491468E-5
54.56	0	0
54.58	-6	-2.2084097474744E-4
54.6	3	1.1042048737372E-4
54.62	0	0
54.64	1	3.68068291245734E-5
54.66	2	7.36136582491468E-5
54.68	-1	-3.68068291245734E-5
54.7	4	1.47227316498294E-4
54.72	3	1.1042048737372E-4
54.74	-2	-7.36136582491468E-5
54.76	6	2.2084097474744E-4
54.78	-1	-3.68068291245734E-5
54.8	-4	-1.47227316498294E-4
54.82	-2	-7.36136582491468E-5
54.84	0	0
54.86	-2	-7.36136582491468E-5
54.88	-3	-1.1042048737372E-4
54.9	7	2.57647803872014E-4
54.92	6	2.2084097474744E-4
54.94	0	0
54.96	0	0
54.98	1	3.68068291245734E-5
55	0	0
55.02	0	0
55.04	-3	-1.1042048737372E-4
55.06	-3	-1.1042048737372E-4
55.08	-1	-3.68068291245734E-5
55.1	-3	-1.1042048737372E-4
55.12	-5	-1.84034145622867E-4
55.14	2	7.36136582491468E-5
55.16	0	0
55.18	1	3.68068291245734E-5
55.2	-4	-1.47227316498294E-4
55.22	-1	-3.68068291245734E-5
55.24	3	1.1042048737372E-4
55.26	4	1.47227316498294E-4
55.28	5	1.84034145622867E-4
55.3	5	1.84034145622867E-4
55.32	0	0
55.34	3	1.1042048737372E-4
55.36	-2	-7.36136582491468E-5
55.38	2	7.36136582491468E-5
55.4	0	0
55.42	0	0
55.44	-3	-1.1042048737372E-4
55.46	-2	-7.36136582491468E-5
55.48	1	3.68068291245734E-5
55.5	2	7.36136582491468E-5
55.52	3	1.1042048737372E-4
55.54	1	3.68068291245734E-5
55.56	-3	-1.1042048737372E-4
55.58	5	1.84034145622867E-4
55.6	4	1.47227316498294E-4
55.62	4	1.47227316498294E-4
55.64	-3	-1.1042048737372E-4
55.66	-4	-1.47227316498294E-4
55.68	5	1.84034145622867E-4
55.7	8	2.94454632996587E-4
55.72	3	1.1042048737372E-4
55.74	1	3.68068291245734E-5
55.76	-1	-3.68068291245734E-5
55.78	0	0
55.8	1	3.68068291245734E-5
55.82	-1	-3.68068291245734E-5
55.84	4	1.47227316498294E-4
55.86	2	7.36136582491468E-5
55.88	3	1.1042048737372E-4
55.9	3	1.1042048737372E-4
55.92	4	1.47227316498294E-4
55.94	5	1.84034145622867E-4
55.96	4	1.47227316498294E-4
55.98	-2	-7.36136582491468E-5
56	-4	-1.47227316498294E-4
56.02	2	7.36136582491468E-5
56.04	-2	-7.36136582491468E-5
56.06	0	0
56.08	0	0
56.1	3	1.1042048737372E-4
56.12	6	2.2084097474744E-4
56.14	1	3.68068291245734E-5
56.16	-2	-7.36136582491468E-5
56.18	2	7.36136582491468E-5
56.2	-2	-7.36136582491468E-5
56.22	-3	-1.1042048737372E-4
56.24	5	1.84034145622867E-4
56.26	6	2.2084097474744E-4
56.28	5	1.84034145622867E-4
56.3	6	2.2084097474744E-4
56.32	6	2.2084097474744E-4
56.34	2	7.36136582491468E-5
56.36	-4	-1.47227316498294E-4
56.38	-3	-1.1042048737372E-4
56.4	-3	-1.1042048737372E-4
56.42	2	7.36136582491468E-5
56.44	-1	-3.68068291245734E-5
56.46	2	7.36136582491468E-5
56.48	-2	-7.36136582491468E-5
56.5	-2	-7.36136582491468E-5
56.52	6	2.2084097474744E-4
56.54	4	1.47227316498294E-4
56.56	-3	-1.1042048737372E-4
56.58	1	3.68068291245734E-5
56.6	-2	-7.36136582491468E-5
56.62	1	3.68068291245734E-5
56.64	-3	-1.1042048737372E-4
56.66	-3	-1.1042048737372E-4
56.68	0	0
56.7	1	3.68068291245734E-5
56.72	-6	-2.2084097474744E-4
56.74	-3	-1.1042048737372E-4
56.76	0	0
56.78	-4	-1.47227316498294E-4
56.8	2	7.36136582491468E-5
56.82	1	3.68068291245734E-5
56.84	-1	-3.68068291245734E-5
56.86	0	0
56.88	6	2.2084097474744E-4
56.9	0	0
56.92	0	0
56.94	-2	-7.36136582491468E-5
56.96	1	3.68068291245734E-5
56.98	5	1.84034145622867E-4
57	-2	-7.36136582491468E-5
57.02	-1	-3.68068291245734E-5
57.04	0	0
57.06	0	0
57.08	-5	-1.84034145622867E-4
57.1	4	1.47227316498294E-4
57.12	2	7.36136582491468E-5
57.14	4	1.47227316498294E-4
57.16	2	7.36136582491468E-5
57.18	-4	-1.47227316498294E-4
57.2	0	0
57.22	2	7.36136582491468E-5
57.24	0	0
57.26	0	0
57.28	2	7.36136582491468E-5
57.3	-2	-7.36136582491468E-5
57.32	-1	-3.68068291245734E-5
57.34	-1	-3.68068291245734E-5
57.36	-6	-2.2084097474744E-4
57.38	-2	-7.36136582491468E-5
57.4	2	7.36136582491468E-5
57.42	1	3.68068291245734E-5
57.44	-5	-1.84034145622867E-4
57.46	2	7.36136582491468E-5
57.48	5	1.84034145622867E-4
57.5	0	0
57.52	-1	-3.68068291245734E-5
57.54	3	1.1042048737372E-4
57.56	-2	-7.36136582491468E-5
57.58	1	3.68068291245734E-5
57.6	7	2.57647803872014E-4
57.62	-2	-7.36136582491468E-5
57.64	-1	-3.68068291245734E-5
57.66	-3	-1.1042048737372E-4
57.68	4	1.47227316498294E-4
57.7	1	3.68068291245734E-5
57.72	-1	-3.68068291245734E-5
57.74	1	3.68068291245734E-5
57.76	-1	-3.68068291245734E-5
57.78	1	3.68068291245734E-5
57.8	6	2.2084097474744E-4
57.82	1	3.68068291245734E-5
57.84	3	1.1042048737372E-4
57.86	4	1.47227316498294E-4
57.88	4	1.47227316498294E-4
57.9	6	2.2084097474744E-4
57.92	-2	-7.36136582491468E-5
57.94	4	1.47227316498294E-4
57.96	6	2.2084097474744E-4
57.98	3	1.1042048737372E-4
58	0	0
58.02	3	1.1042048737372E-4
58.04	7	2.57647803872014E-4
58.06	6	2.2084097474744E-4
58.08	3	1.1042048737372E-4
58.1	-1	-3.68068291245734E-5
58.12	5	1.84034145622867E-4
58.14	4	1.47227316498294E-4
58.16	0	0
58.18	1	3.68068291245734E-5
58.2	-4	-1.47227316498294E-4
58.22	-8	-2.94454632996587E-4
58.24	-7	-2.57647803872014E-4
58.26	-4	-1.47227316498294E-4
58.28	-2	-7.36136582491468E-5
58.3	-2	-7.36136582491468E-5
58.32	4	1.47227316498294E-4
58.34	-3	-1.1042048737372E-4
58.36	2	7.36136582491468E-5
58.38	0	0
58.4	3	1.1042048737372E-4
58.42	-2	-7.36136582491468E-5
58.44	-3	-1.1042048737372E-4
58.46	5	1.84034145622867E-4
58.48	2	7.36136582491468E-5
58.5	4	1.47227316498294E-4
58.52	-3	-1.1042048737372E-4
58.54	0	0
58.56	0	0
58.58	-1	-3.68068291245734E-5
58.6	-3	-1.1042048737372E-4
58.62	-7	-2.57647803872014E-4
58.64	1	3.68068291245734E-5
58.66	1	3.68068291245734E-5
58.68	2	7.36136582491468E-5
58.7	-2	-7.36136582491468E-5
58.72	-2	-7.36136582491468E-5
58.74	1	3.68068291245734E-5
58.76	0	0
58.78	3	1.1042048737372E-4
58.8	3	1.1042048737372E-4
58.82	2	7.36136582491468E-5
58.84	-2	-7.36136582491468E-5
58.86	1	3.68068291245734E-5
58.88	0	0
58.9	-1	-3.68068291245734E-5
58.92	-3	-1.1042048737372E-4
58.94	-1	-3.68068291245734E-5
58.96	4	1.47227316498294E-4
58.98	0	0
59	-3	-1.1042048737372E-4
59.02	5	1.84034145622867E-4
59.04	4	1.47227316498294E-4
59.06	2	7.36136582491468E-5
59.08	-1	-3.68068291245734E-5
59.1	-6	-2.2084097474744E-4
59.12	3	1.1042048737372E-4
59.14	-2	-7.36136582491468E-5
59.16	2	7.36136582491468E-5
59.18	-1	-3.68068291245734E-5
59.2	-1	-3.68068291245734E-5
59.22	-2	-7.36136582491468E-5
59.24	-2	-7.36136582491468E-5
59.26	0	0
59.28	1	3.68068291245734E-5
59.3	0	0
59.32	-3	-1.1042048737372E-4
59.34	4	1.47227316498294E-4
59.36	6	2.2084097474744E-4
59.38	-3	-1.1042048737372E-4
59.4	-2	-7.36136582491468E-5
59.42	-1	-3.68068291245734E-5
59.44	-3	-1.1042048737372E-4
59.46	-3	-1.1042048737372E-4
59.48	-1	-3.68068291245734E-5
59.5	-1	-3.68068291245734E-5
59.52	-2	-7.36136582491468E-5
59.54	4	1.47227316498294E-4
59.56	-2	-7.36136582491468E-5
59.58	0	0
59.6	-1	-3.68068291245734E-5
59.62	6	2.2084097474744E-4
59.64	2	7.36136582491468E-5
59.66	1	3.68068291245734E-5
59.68	-2	-7.36136582491468E-5
59.7	0	0
59.72	0	0
59.74	-7	-2.57647803872014E-4
59.76	-3	-1.1042048737372E-4
59.78	0	0
59.8	8	2.94454632996587E-4
59.82	4	1.47227316498294E-4
59.84	8	2.94454632996587E-4
59.86	-5	-1.84034145622867E-4
59.88	-6	-2.2084097474744E-4
59.9	6	2.2084097474744E-4
59.92	4	1.47227316498294E-4
59.94	-1	-3.68068291245734E-5
59.96	0	0
59.98	3	1.1042048737372E-4
60	6	2.2084097474744E-4
60.02	0	0
60.04	-4	-1.47227316498294E-4
60.06	3	1.1042048737372E-4
60.08	7	2.57647803872014E-4
60.1	5	1.84034145622867E-4
60.12	-2	-7.36136582491468E-5
60.14	0	0
60.16	2	7.36136582491468E-5
60.18	1	3.68068291245734E-5
60.2	3	1.1042048737372E-4
60.22	1	3.68068291245734E-5
60.24	0	0
60.26	1	3.68068291245734E-5
60.28	-5	-1.84034145622867E-4
60.3	3	1.1042048737372E-4
60.32	-3	-1.1042048737372E-4
60.34	-1	-3.68068291245734E-5
60.36	-1	-3.68068291245734E-5
60.38	1	3.68068291245734E-5
60.4	-2	-7.36136582491468E-5
60.42	4	1.47227316498294E-4
60.44	2	7.36136582491468E-5
60.46	1	3.68068291245734E-5
60.48	3	1.1042048737372E-4
60.5	5	1.84034145622867E-4
60.52	-3	-1.1042048737372E-4
60.54	-2	-7.36136582491468E-5
60.56	4	1.47227316498294E-4
60.58	3	1.1042048737372E-4
60.6	0	0
60.62	3	1.1042048737372E-4
60.64	1	3.68068291245734E-5
60.66	1	3.68068291245734E-5
60.68	5	1.84034145622867E-4
60.7	1	3.68068291245734E-5
60.72	4	1.47227316498294E-4
60.74	-1	-3.68068291245734E-5
60.76	-2	-7.36136582491468E-5
60.78	-1	-3.68068291245734E-5
60.8	0	0
60.82	0	0
60.84	4	1.47227316498294E-4
60.86	0	0
60.88	1	3.68068291245734E-5
60.9	1	3.68068291245734E-5
60.92	3	1.1042048737372E-4
60.94	2	7.36136582491468E-5
60.96	1	3.68068291245734E-5
60.98	3	1.1042048737372E-4
61	-1	-3.68068291245734E-5
61.02	4	1.47227316498294E-4
61.04	-2	-7.36136582491468E-5
61.06	-7	-2.57647803872014E-4
61.08	-1	-3.68068291245734E-5
61.1	-2	-7.36136582491468E-5
61.12	-3	-1.1042048737372E-4
61.14	-2	-7.36136582491468E-5
61.16	0	0
61.18	0	0
61.2	-5	-1.84034145622867E-4
61.22	-3	-1.1042048737372E-4
61.24	3	1.1042048737372E-4
61.26	4	1.47227316498294E-4
61.28	0	0
61.3	-4	-1.47227316498294E-4
61.32	-1	-3.68068291245734E-5
61.34	6	2.2084097474744E-4
61.36	1	3.68068291245734E-5
61.38	0	0
61.4	-2	-7.36136582491468E-5
61.42	-3	-1.1042048737372E-4
61.44	0	0
61.46	0	0
61.48	-1	-3.68068291245734E-5
61.5	1	3.68068291245734E-5
61.52	5	1.84034145622867E-4
61.54	5	1.84034145622867E-4
61.56	3	1.1042048737372E-4
61.58	-1	-3.68068291245734E-5
61.6	7	2.57647803872014E-4
61.62	4	1.47227316498294E-4
61.64	4	1.47227316498294E-4
61.66	-5	-1.84034145622867E-4
61.68	7	2.57647803872014E-4
61.7	0	0
61.72	3	1.1042048737372E-4
61.74	2	7.36136582491468E-5
61.76	6	2.2084097474744E-4
61.78	-5	-1.84034145622867E-4
61.8	2	7.36136582491468E-5
61.82	-2	-7.36136582491468E-5
61.84	-2	-7.36136582491468E-5
61.86	-2	-7.36136582491468E-5
61.88	1	3.68068291245734E-5
61.9	0	0
61.92	-1	-3.68068291245734E-5
61.94	2	7.36136582491468E-5
61.96	2	7.36136582491468E-5
61.98	2	7.36136582491468E-5
62	1	3.68068291245734E-5
62.02	1	3.68068291245734E-5
62.04	6	2.2084097474744E-4
62.06	0	0
62.08	3	1.1042048737372E-4
62.1	7	2.57647803872014E-4
62.12	3	1.1042048737372E-4
62.14	-2	-7.36136582491468E-5
62.16	0	0
62.18	2	7.36136582491468E-5
62.2	2	7.36136582491468E-5
62.22	-1	-3.68068291245734E-5
62.24	-5	-1.84034145622867E-4
62.26	-1	-3.68068291245734E-5
62.28	3	1.1042048737372E-4
62.3	3	1.1042048737372E-4
62.32	14	5.15295607744028E-4
62.34	1	3.68068291245734E-5
62.36	3	1.1042048737372E-4
62.38	-2	-7.36136582491468E-5
62.4	-4	-1.47227316498294E-4
62.42	0	0
62.44	-2	-7.36136582491468E-5
62.46	0	0
62.48	0	0
62.5	-4	-1.47227316498294E-4
62.52	0	0
62.54	6	2.2084097474744E-4
62.56	1	3.68068291245734E-5
62.58	0	0
62.6	0	0
62.62	-2	-7.36136582491468E-5
62.64	-5	-1.84034145622867E-4
62.66	-6	-2.2084097474744E-4
62.68	-1	-3.68068291245734E-5
62.7	-2	-7.36136582491468E-5
62.72	-5	-1.84034145622867E-4
62.74	1	3.68068291245734E-5
62.76	0	0
62.78	3	1.1042048737372E-4
62.8	5	1.84034145622867E-4
62.82	4	1.47227316498294E-4
62.84	3	1.1042048737372E-4
62.86	0	0
62.88	-3	-1.1042048737372E-4
62.9	1	3.68068291245734E-5
62.92	-1	-3.68068291245734E-5
62.94	0	0
62.96	0	0
62.98	-1	-3.68068291245734E-5
63	4	1.47227316498294E-4
63.02	5	1.84034145622867E-4
63.04	5	1.84034145622867E-4
63.06	2	7.36136582491468E-5
63.08	3	1.1042048737372E-4
63.1	-4	-1.47227316498294E-4
63.12	-5	-1.84034145622867E-4
63.14	1	3.68068291245734E-5
63.16	-2	-7.36136582491468E-5
63.18	1	3.68068291245734E-5
63.2	6	2.2084097474744E-4
63.22	0	0
63.24	-2	-7.36136582491468E-5
63.26	-6	-2.2084097474744E-4
63.28	-8	-2.94454632996587E-4
63.3	-6	-2.2084097474744E-4
63.32	4	1.47227316498294E-4
63.34	0	0
63.36	1	3.68068291245734E-5
63.38	4	1.47227316498294E-4
63.4	4	1.47227316498294E-4
63.42	3	1.1042048737372E-4
63.44	-2	-7.36136582491468E-5
63.46	-2	-7.36136582491468E-5
63.48	3	1.1042048737372E-4
63.5	-4	-1.47227316498294E-4
63.52	-6	-2.2084097474744E-4
63.54	-3	-1.1042048737372E-4
63.56	1	3.68068291245734E-5
63.58	-2	-7.36136582491468E-5
63.6	0	0
63.62	-1	-3.68068291245734E-5
63.64	-2	-7.36136582491468E-5
63.66	-4	-1.47227316498294E-4
63.68	-4	-1.47227316498294E-4
63.7	1	3.68068291245734E-5
63.72	4	1.47227316498294E-4
63.74	0	0
63.76	1	3.68068291245734E-5
63.78	-2	-7.36136582491468E-5
63.8	1	3.68068291245734E-5
63.82	-1	-3.68068291245734E-5
63.84	2	7.36136582491468E-5
63.86	6	2.2084097474744E-4
63.88	6	2.2084097474744E-4
63.9	7	2.57647803872014E-4
63.92	4	1.47227316498294E-4
63.94	1	3.68068291245734E-5
63.96	0	0
63.98	2	7.36136582491468E-5
64	3	1.1042048737372E-4
64.02	0	0
64.04	0	0
64.06	-1	-3.68068291245734E-5
64.08	-1	-3.68068291245734E-5
64.1	-3	-1.1042048737372E-4
64.12	5	1.84034145622867E-4
64.14	2	7.36136582491468E-5
64.16	-2	-7.36136582491468E-5
64.18	-1	-3.68068291245734E-5
64.2	-4	-1.47227316498294E-4
64.22	1	3.68068291245734E-5
64.24	4	1.47227316498294E-4
64.26	-1	-3.68068291245734E-5
64.28	1	3.68068291245734E-5
64.3	-1	-3.68068291245734E-5
64.32	5	1.84034145622867E-4
64.34	2	7.36136582491468E-5
64.36	-1	-3.68068291245734E-5
64.38	-1	-3.68068291245734E-5
64.4	2	7.36136582491468E-5
64.42	-3	-1.1042048737372E-4
64.44	-3	-1.1042048737372E-4
64.46	-2	-7.36136582491468E-5
64.48	4	1.47227316498294E-4
64.5	8	2.94454632996587E-4
64.52	5	1.84034145622867E-4
64.54	-2	-7.36136582491468E-5
64.56	0	0
64.58	0	0
64.6	3	1.1042048737372E-4
64.62	6	2.2084097474744E-4
64.64	3	1.1042048737372E-4
64.66	1	3.68068291245734E-5
64.68	-4	-1.47227316498294E-4
64.7	2	7.36136582491468E-5
64.72	0	0
64.74	3	1.1042048737372E-4
64.76	3	1.1042048737372E-4
64.78	2	7.36136582491468E-5
64.8	-2	-7.36136582491468E-5
64.82	-3	-1.1042048737372E-4
64.84	1	3.68068291245734E-5
64.86	5	1.84034145622867E-4
64.88	1	3.68068291245734E-5
64.9	0	0
64.92	-1	-3.68068291245734E-5
64.94	0	0
64.96	7	2.57647803872014E-4
64.98	1	3.68068291245734E-5
65	2	7.36136582491468E-5
65.02	4	1.47227316498294E-4
65.04	0	0
65.06	0	0
65.08	4	1.47227316498294E-4
65.1	3	1.1042048737372E-4
65.12	1	3.68068291245734E-5
65.14	1	3.68068291245734E-5
65.16	-2	-7.36136582491468E-5
65.18	0	0
65.2	0	0
65.22	-3	-1.1042048737372E-4
65.24	-1	-3.68068291245734E-5
65.26	2	7.36136582491468E-5
65.28	5	1.84034145622867E-4
65.3	6	2.2084097474744E-4
65.32	5	1.84034145622867E-4
65.34	-2	-7.36136582491468E-5
65.36	4	1.47227316498294E-4
65.38	2	7.36136582491468E-5
65.4	2	7.36136582491468E-5
65.42	-5	-1.84034145622867E-4
65.44	-2	-7.36136582491468E-5
65.46	1	3.68068291245734E-5
65.48	4	1.47227316498294E-4
65.5	-1	-3.68068291245734E-5
65.52	-10	-3.68068291245734E-4
65.54	-12	-4.41681949494881E-4
65.56	-6	-2.2084097474744E-4
65.58	-6	-2.2084097474744E-4
65.6	3	1.1042048737372E-4
65.62	3	1.1042048737372E-4
65.64	2	7.36136582491468E-5
65.66	4	1.47227316498294E-4
65.68	2	7.36136582491468E-5
65.7	2	7.36136582491468E-5
65.72	5	1.84034145622867E-4
65.74	0	0
65.76	-1	-3.68068291245734E-5
65.78	0	0
65.8	1	3.68068291245734E-5
65.82	2	7.36136582491468E-5
65.84	-2	-7.36136582491468E-5
65.86	-1	-3.68068291245734E-5
65.88	1	3.68068291245734E-5
65.9	-2	-7.36136582491468E-5
65.92	1	3.68068291245734E-5
65.94	-3	-1.1042048737372E-4
65.96	0	0
65.98	2	7.36136582491468E-5
66	-5	-1.84034145622867E-4
66.02	-5	-1.84034145622867E-4
66.04	0	0
66.06	-2	-7.36136582491468E-5
66.08	-2	-7.36136582491468E-5
66.1	0	0
66.12	2	7.36136582491468E-5
66.14	-2	-7.36136582491468E-5
66.16	-1	-3.68068291245734E-5
66.18	-3	-1.1042048737372E-4
66.2	-1	-3.68068291245734E-5
66.22	-2	-7.36136582491468E-5
66.24	-4	-1.47227316498294E-4
66.26	-1	-3.68068291245734E-5
66.28	0	0
66.3	-4	-1.47227316498294E-4
66.32	2	7.36136582491468E-5
66.34	3	1.1042048737372E-4
66.36	4	1.47227316498294E-4
66.38	-1	-3.68068291245734E-5
66.4	1	3.68068291245734E-5
66.42	-3	-1.1042048737372E-4
66.44	2	7.36136582491468E-5
66.46	2	7.36136582491468E-5
66.48	4	1.47227316498294E-4
66.5	1	3.68068291245734E-5
66.52	1	3.68068291245734E-5
66.54	0	0
66.56	-4	-1.47227316498294E-4
66.58	-3	-1.1042048737372E-4
66.6	2	7.36136582491468E-5
66.62	-1	-3.68068291245734E-5
66.64	-1	-3.68068291245734E-5
66.66	1	3.68068291245734E-5
66.68	-1	-3.68068291245734E-5
66.7	4	1.47227316498294E-4
66.72	3	1.1042048737372E-4
66.74	4	1.47227316498294E-4
66.76	0	0
66.78	4	1.47227316498294E-4
66.8	0	0
66.82	1	3.68068291245734E-5
66.84	1	3.68068291245734E-5
66.86	1	3.68068291245734E-5
66.88	-2	-7.36136582491468E-5
66.9	0	0
66.92	-2	-7.36136582491468E-5
66.94	0	0
66.96	3	1.1042048737372E-4
66.98	7	2.57647803872014E-4
67	-1	-3.68068291245734E-5
67.02	-1	-3.68068291245734E-5
67.04	-1	-3.68068291245734E-5
67.06	-7	-2.57647803872014E-4
67.08	-2	-7.36136582491468E-5
67.1	3	1.1042048737372E-4
67.12	-2	-7.36136582491468E-5
67.14	0	0
67.16	-2	-7.36136582491468E-5
67.18	-1	-3.68068291245734E-5
67.2	0	0
67.22	-1	-3.68068291245734E-5
67.24	-2	-7.36136582491468E-5
67.26	3	1.1042048737372E-4
67.28	0	0
67.3	0	0
67.32	1	3.68068291245734E-5
67.34	0	0
67.36	-2	-7.36136582491468E-5
67.38	-1	-3.68068291245734E-5
67.4	0	0
67.42	2	7.36136582491468E-5
67.44	-1	-3.68068291245734E-5
67.46	-3	-1.1042048737372E-4
67.48	0	0
67.5	0	0
67.52	2	7.36136582491468E-5
67.54	4	1.47227316498294E-4
67.56	4	1.47227316498294E-4
67.58	5	1.84034145622867E-4
67.6	0	0
67.62	0	0
67.64	5	1.84034145622867E-4
67.66	5	1.84034145622867E-4
67.68	-3	-1.1042048737372E-4
67.7	5	1.84034145622867E-4
67.72	0	0
67.74	-5	-1.84034145622867E-4
67.76	5	1.84034145622867E-4
67.78	11	4.04875120370307E-4
67.8	1	3.68068291245734E-5
67.82	-1	-3.68068291245734E-5
67.84	-2	-7.36136582491468E-5
67.86	0	0
67.88	-1	-3.68068291245734E-5
67.9	5	1.84034145622867E-4
67.92	2	7.36136582491468E-5
67.94	1	3.68068291245734E-5
67.96	1	3.68068291245734E-5
67.98	-4	-1.47227316498294E-4
68	5	1.84034145622867E-4
68.02	5	1.84034145622867E-4
68.04	5	1.84034145622867E-4
68.06	3	1.1042048737372E-4
68.08	-1	-3.68068291245734E-5
68.1	-1	-3.68068291245734E-5
68.12	3	1.1042048737372E-4
68.14	0	0
68.16	-2	-7.36136582491468E-5
68.18	5	1.84034145622867E-4
68.2	7	2.57647803872014E-4
68.22	-1	-3.68068291245734E-5
68.24	2	7.36136582491468E-5
68.26	4	1.47227316498294E-4
68.28	4	1.47227316498294E-4
68.3	1	3.68068291245734E-5
68.32	5	1.84034145622867E-4
68.34	-1	-3.68068291245734E-5
68.36	2	7.36136582491468E-5
68.38	0	0
68.4	0	0
68.42	2	7.36136582491468E-5
68.44	3	1.1042048737372E-4
68.46	5	1.84034145622867E-4
68.48	2	7.36136582491468E-5
68.5	4	1.47227316498294E-4
68.52	5	1.84034145622867E-4
68.54	1	3.68068291245734E-5
68.56	6	2.2084097474744E-4
68.58	0	0
68.6	-4	-1.47227316498294E-4
68.62	-3	-1.1042048737372E-4
68.64	-1	-3.68068291245734E-5
68.66	0	0
68.68	2	7.36136582491468E-5
68.7	1	3.68068291245734E-5
68.72	-1	-3.68068291245734E-5
68.74	3	1.1042048737372E-4
68.76	5	1.84034145622867E-4
68.78	3	1.1042048737372E-4
68.8	4	1.47227316498294E-4
68.82	1	3.68068291245734E-5
68.84	-2	-7.36136582491468E-5
68.86	-1	-3.68068291245734E-5
68.88	0	0
68.9	1	3.68068291245734E-5
68.92	-2	-7.36136582491468E-5
68.94	-1	-3.68068291245734E-5
68.96	-1	-3.68068291245734E-5
68.98	-1	-3.68068291245734E-5
69	0	0
69.02	1	3.68068291245734E-5
69.04	5	1.84034145622867E-4
69.06	4	1.47227316498294E-4
69.08	0	0
69.1	-2	-7.36136582491468E-5
69.12	0	0
69.14	-4	-1.47227316498294E-4
69.16	2	7.36136582491468E-5
69.18	3	1.1042048737372E-4
69.2	-1	-3.68068291245734E-5
69.22	1	3.68068291245734E-5
69.24	0	0
69.26	1	3.68068291245734E-5
69.28	3	1.1042048737372E-4
69.3	4	1.47227316498294E-4
69.32	4	1.47227316498294E-4
69.34	3	1.1042048737372E-4
69.36	-1	-3.68068291245734E-5
69.38	-1	-3.68068291245734E-5
69.4	0	0
69.42	4	1.47227316498294E-4
69.44	3	1.1042048737372E-4
69.46	-1	-3.68068291245734E-5
69.48	-1	-3.68068291245734E-5
69.5	-1	-3.68068291245734E-5
69.52	-5	-1.84034145622867E-4
69.54	-2	-7.36136582491468E-5
69.56	-4	-1.47227316498294E-4
69.58	1	3.68068291245734E-5
69.6	-2	-7.36136582491468E-5
69.62	2	7.36136582491468E-5
69.64	-4	-1.47227316498294E-4
69.66	-1	-3.68068291245734E-5
69.68	0	0
69.7	-5	-1.84034145622867E-4
69.72	2	7.36136582491468E-5
69.74	5	1.84034145622867E-4
69.76	1	3.68068291245734E-5
69.78	4	1.47227316498294E-4
69.8	4	1.47227316498294E-4
69.82	-1	-3.68068291245734E-5
69.84	-1	-3.68068291245734E-5
69.86	5	1.84034145622867E-4
69.88	4	1.47227316498294E-4
69.9	2	7.36136582491468E-5
69.92	5	1.84034145622867E-4
69.94	2	7.36136582491468E-5
69.96	2	7.36136582491468E-5
69.98	0	0
70	0	0
70.02	3	1.1042048737372E-4
70.04	5	1.84034145622867E-4
70.06	-1	-3.68068291245734E-5
70.08	1	3.68068291245734E-5
70.1	3	1.1042048737372E-4
70.12	7	2.57647803872014E-4
70.14	7	2.57647803872014E-4
70.16	5	1.84034145622867E-4
70.18	-2	-7.36136582491468E-5
70.2	-1	-3.68068291245734E-5
70.22	0	0
70.24	-2	-7.36136582491468E-5
70.26	-3	-1.1042048737372E-4
70.28	0	0
70.3	0	0
70.32	2	7.36136582491468E-5
70.34	-2	-7.36136582491468E-5
70.36	-4	-1.47227316498294E-4
70.38	3	1.1042048737372E-4
70.4	-6	-2.2084097474744E-4
70.42	-4	-1.47227316498294E-4
70.44	-3	-1.1042048737372E-4
70.46	0	0
70.48	2	7.36136582491468E-5
70.5	1	3.68068291245734E-5
70.52	2	7.36136582491468E-5
70.54	-1	-3.68068291245734E-5
70.56	-6	-2.2084097474744E-4
70.58	-6	-2.2084097474744E-4
70.6	-5	-1.84034145622867E-4
70.62	-3	-1.1042048737372E-4
70.64	-2	-7.36136582491468E-5
70.66	1	3.68068291245734E-5
70.68	6	2.2084097474744E-4
70.7	4	1.47227316498294E-4
70.72	-3	-1.1042048737372E-4
70.74	-2	-7.36136582491468E-5
70.76	-6	-2.2084097474744E-4
70.78	4	1.47227316498294E-4
70.8	4	1.47227316498294E-4
70.82	3	1.1042048737372E-4
70.84	-2	-7.36136582491468E-5
70.86	-4	-1.47227316498294E-4
70.88	-1	-3.68068291245734E-5
70.9	0	0
70.92	3	1.1042048737372E-4
70.94	2	7.36136582491468E-5
70.96	-4	-1.47227316498294E-4
70.98	-3	-1.1042048737372E-4
71	-1	-3.68068291245734E-5
71.02	-1	-3.68068291245734E-5
71.04	1	3.68068291245734E-5
71.06	2	7.36136582491468E-5
71.08	-2	-7.36136582491468E-5
71.1	5	1.84034145622867E-4
71.12	2	7.36136582491468E-5
71.14	-1	-3.68068291245734E-5
71.16	-2	-7.36136582491468E-5
71.18	-2	-7.36136582491468E-5
71.2	-3	-1.1042048737372E-4
71.22	3	1.1042048737372E-4
71.24	2	7.36136582491468E-5
71.26	3	1.1042048737372E-4
71.28	0	0
71.3	4	1.47227316498294E-4
71.32	-1	-3.68068291245734E-5
71.34	-3	-1.1042048737372E-4
71.36	-1	-3.68068291245734E-5
71.38	-4	-1.47227316498294E-4
71.4	2	7.36136582491468E-5
71.42	-3	-1.1042048737372E-4
71.44	2	7.36136582491468E-5
71.46	2	7.36136582491468E-5
71.48	5	1.84034145622867E-4
71.5	0	0
71.52	-1	-3.68068291245734E-5
71.54	-2	-7.36136582491468E-5
71.56	-3	-1.1042048737372E-4
71.58	-4	-1.47227316498294E-4
71.6	-9	-3.31261462121161E-4
71.62	-2	-7.36136582491468E-5
71.64	-1	-3.68068291245734E-5
71.66	4	1.47227316498294E-4
71.68	3	1.1042048737372E-4
71.7	2	7.36136582491468E-5
71.72	9	3.31261462121161E-4
71.74	-2	-7.36136582491468E-5
71.76	-5	-1.84034145622867E-4
71.78	-2	-7.36136582491468E-5
71.8	-3	-1.1042048737372E-4
71.82	0	0
71.84	-3	-1.1042048737372E-4
71.86	0	0
71.88	2	7.36136582491468E-5
71.9	8	2.94454632996587E-4
71.92	-2	-7.36136582491468E-5
71.94	0	0
71.96	3	1.1042048737372E-4
71.98	4	1.47227316498294E-4
72	2	7.36136582491468E-5
72.02	1	3.68068291245734E-5
72.04	-2	-7.36136582491468E-5
72.06	-2	-7.36136582491468E-5
72.08	-3	-1.1042048737372E-4
72.1	-1	-3.68068291245734E-5
72.12	2	7.36136582491468E-5
72.14	1	3.68068291245734E-5
72.16	-4	-1.47227316498294E-4
72.18	-3	-1.1042048737372E-4
72.2	2	7.36136582491468E-5
72.22	0	0
72.24	1	3.68068291245734E-5
72.26	4	1.47227316498294E-4
72.28	-2	-7.36136582491468E-5
72.3	-2	-7.36136582491468E-5
72.32	-6	-2.2084097474744E-4
72.34	-2	-7.36136582491468E-5
72.36	1	3.68068291245734E-5
72.38	0	0
72.4	0	0
72.42	2	7.36136582491468E-5
72.44	1	3.68068291245734E-5
72.46	5	1.84034145622867E-4
72.48	2	7.36136582491468E-5
72.5	3	1.1042048737372E-4
72.52	2	7.36136582491468E-5
72.54	-1	-3.68068291245734E-5
72.56	4	1.47227316498294E-4
72.58	-1	-3.68068291245734E-5
72.6	1	3.68068291245734E-5
72.62	2	7.36136582491468E-5
72.64	-2	-7.36136582491468E-5
72.66	-1	-3.68068291245734E-5
72.68	0	0
72.7	-2	-7.36136582491468E-5
72.72	1	3.68068291245734E-5
72.74	-1	-3.68068291245734E-5
72.76	-4	-1.47227316498294E-4
72.78	3	1.1042048737372E-4
72.8	2	7.36136582491468E-5
72.82	-2	-7.36136582491468E-5
72.84	0	0
72.86	4	1.47227316498294E-4
72.88	4	1.47227316498294E-4
72.9	-3	-1.1042048737372E-4
72.92	-1	-3.68068291245734E-5
72.94	-5	-1.84034145622867E-4
72.96	-7	-2.57647803872014E-4
72.98	0	0
73	4	1.47227316498294E-4
73.02	1	3.68068291245734E-5
73.04	-3	-1.1042048737372E-4
73.06	0	0
73.08	0	0
73.1	2	7.36136582491468E-5
73.12	-3	-1.1042048737372E-4
73.14	-1	-3.68068291245734E-5
73.16	-2	-7.36136582491468E-5
73.18	0	0
73.2	-1	-3.68068291245734E-5
73.22	5	1.84034145622867E-4
73.24	5	1.84034145622867E-4
73.26	-1	-3.68068291245734E-5
73.28	4	1.47227316498294E-4
73.3	-3	-1.1042048737372E-4
73.32	3	1.1042048737372E-4
73.34	0	0
73.36	-2	-7.36136582491468E-5
73.38	-1	-3.68068291245734E-5
73.4	-1	-3.68068291245734E-5
73.42	-5	-1.84034145622867E-4
73.44	-5	-1.84034145622867E-4
73.46	-2	-7.36136582491468E-5
73.48	3	1.1042048737372E-4
73.5	-2	-7.36136582491468E-5
73.52	0	0
73.54	7	2.57647803872014E-4
73.56	1	3.68068291245734E-5
73.58	-2	-7.36136582491468E-5
73.6	-2	-7.36136582491468E-5
73.62	-7	-2.57647803872014E-4
73.64	-2	-7.36136582491468E-5
73.66	1	3.68068291245734E-5
73.68	5	1.84034145622867E-4
73.7	0	0
73.72	-4	-1.47227316498294E-4
73.74	-4	-1.47227316498294E-4
73.76	-3	-1.1042048737372E-4
73.78	1	3.68068291245734E-5
73.8	1	3.68068291245734E-5
73.82	-3	-1.1042048737372E-4
73.84	-1	-3.68068291245734E-5
73.86	0	0
73.88	-1	-3.68068291245734E-5
73.9	1	3.68068291245734E-5
73.92	-1	-3.68068291245734E-5
73.94	-2	-7.36136582491468E-5
73.96	-6	-2.2084097474744E-4
73.98	-7	-2.57647803872014E-4
74	0	0
74.02	-3	-1.1042048737372E-4
74.04	1	3.68068291245734E-5
74.06	-3	-1.1042048737372E-4
74.08	-1	-3.68068291245734E-5
74.1	1	3.68068291245734E-5
74.12	9	3.31261462121161E-4
74.14	1	3.68068291245734E-5
74.16	0	0
74.18	-2	-7.36136582491468E-5
74.2	1	3.68068291245734E-5
74.22	1	3.68068291245734E-5
74.24	0	0
74.26	2	7.36136582491468E-5
74.28	-1	-3.68068291245734E-5
74.3	-4	-1.47227316498294E-4
74.32	-1	-3.68068291245734E-5
74.34	-2	-7.36136582491468E-5
74.36	2	7.36136582491468E-5
74.38	5	1.84034145622867E-4
74.4	1	3.68068291245734E-5
74.42	1	3.68068291245734E-5
74.44	2	7.36136582491468E-5
74.46	-4	-1.47227316498294E-4
74.48	3	1.1042048737372E-4
74.5	1	3.68068291245734E-5
74.52	0	0
74.54	-1	-3.68068291245734E-5
74.56	2	7.36136582491468E-5
74.58	3	1.1042048737372E-4
74.6	-2	-7.36136582491468E-5
74.62	0	0
74.64	-4	-1.47227316498294E-4
74.66	-1	-3.68068291245734E-5
74.68	0	0
74.7	-1	-3.68068291245734E-5
74.72	0	0
74.74	0	0
74.76	-1	-3.68068291245734E-5
74.78	-5	-1.84034145622867E-4
74.8	-2	-7.36136582491468E-5
74.82	-2	-7.36136582491468E-5
74.84	5	1.84034145622867E-4
74.86	8	2.94454632996587E-4
74.88	5	1.84034145622867E-4
74.9	0	0
74.92	3	1.1042048737372E-4
74.94	-1	-3.68068291245734E-5
74.96	4	1.47227316498294E-4
74.98	4	1.47227316498294E-4
