Time [µs]	v1J2, First, 11.12.	v1J2, First, 11.12.
	25k shots	25k shots
Laser Power [mJ]		power corrected
0	--	--
0.02	--	--
0.04	--	--
0.06	--	--
0.08	--	--
0.1	--	--
0.12	--	--
0.14	--	--
0.16	--	--
0.18	--	--
0.2	--	--
0.22	--	--
0.24	--	--
0.26	--	--
0.28	--	--
0.3	--	--
0.32	--	--
0.34	--	--
0.36	--	--
0.38	--	--
0.4	--	--
0.42	--	--
0.44	--	--
0.46	--	--
0.48	--	--
0.5	--	--
0.52	--	--
0.54	--	--
0.56	--	--
0.58	--	--
0.6	--	--
0.62	--	--
0.64	--	--
0.66	--	--
0.68	--	--
0.7	--	--
0.72	--	--
0.74	--	--
0.76	--	--
0.78	--	--
0.8	--	--
0.82	--	--
0.84	--	--
0.86	--	--
0.88	--	--
0.9	--	--
0.92	--	--
0.94	--	--
0.96	--	--
0.98	--	--
1	--	--
1.02	--	--
1.04	--	--
1.06	--	--
1.08	--	--
1.1	--	--
1.12	--	--
1.14	--	--
1.16	--	--
1.18	--	--
1.2	--	--
1.22	--	--
1.24	--	--
1.26	--	--
1.28	--	--
1.3	--	--
1.32	--	--
1.34	--	--
1.36	--	--
1.38	--	--
1.4	--	--
1.42	--	--
1.44	--	--
1.46	--	--
1.48	--	--
1.5	--	--
1.52	--	--
1.54	--	--
1.56	--	--
1.58	--	--
1.6	--	--
1.62	-12	-4.89830042340653E-4
1.64	-3	-1.22457510585163E-4
1.66	-5	-2.04095850975272E-4
1.68	13	5.30649212535708E-4
1.7	9	3.6737253175549E-4
1.72	2	8.16383403901089E-5
1.74	-5	-2.04095850975272E-4
1.76	-1	-4.08191701950544E-5
1.78	10	4.08191701950544E-4
1.8	10	4.08191701950544E-4
1.82	19	7.75564233706034E-4
1.84	-1	-4.08191701950544E-5
1.86	-3	-1.22457510585163E-4
1.88	4	1.63276680780218E-4
1.9	-3	-1.22457510585163E-4
1.92	-8	-3.26553361560436E-4
1.94	-6	-2.44915021170327E-4
1.96	10	4.08191701950544E-4
1.98	12	4.89830042340653E-4
2	24	9.79660084681306E-4
2.02	24	9.79660084681306E-4
2.04	22	8.98021744291198E-4
2.06	5	2.04095850975272E-4
2.08	0	0
2.1	4	1.63276680780218E-4
2.12	-5	-2.04095850975272E-4
2.14	1	4.08191701950544E-5
2.16	6	2.44915021170327E-4
2.18	1	4.08191701950544E-5
2.2	4	1.63276680780218E-4
2.22	15	6.12287552925816E-4
2.24	3	1.22457510585163E-4
2.26	7	2.85734191365381E-4
2.28	-11	-4.49010872145599E-4
2.3	-19	-7.75564233706034E-4
2.32	-11	-4.49010872145599E-4
2.34	0	0
2.36	4	1.63276680780218E-4
2.38	6	2.44915021170327E-4
2.4	5	2.04095850975272E-4
2.42	8	3.26553361560436E-4
2.44	2	8.16383403901089E-5
2.46	10	4.08191701950544E-4
2.48	20	8.16383403901089E-4
2.5	9	3.6737253175549E-4
2.52	-2	-8.16383403901089E-5
2.54	-6	-2.44915021170327E-4
2.56	13	5.30649212535708E-4
2.58	8	3.26553361560436E-4
2.6	1	4.08191701950544E-5
2.62	-13	-5.30649212535708E-4
2.64	2	8.16383403901089E-5
2.66	10	4.08191701950544E-4
2.68	11	4.49010872145599E-4
2.7	8	3.26553361560436E-4
2.72	5	2.04095850975272E-4
2.74	-4	-1.63276680780218E-4
2.76	10	4.08191701950544E-4
2.78	13	5.30649212535708E-4
2.8	12	4.89830042340653E-4
2.82	8	3.26553361560436E-4
2.84	2	8.16383403901089E-5
2.86	-2	-8.16383403901089E-5
2.88	3	1.22457510585163E-4
2.9	10	4.08191701950544E-4
2.92	10	4.08191701950544E-4
2.94	3	1.22457510585163E-4
2.96	10	4.08191701950544E-4
2.98	9	3.6737253175549E-4
3	18	7.3474506351098E-4
3.02	1	4.08191701950544E-5
3.04	8	3.26553361560436E-4
3.06	13	5.30649212535708E-4
3.08	9	3.6737253175549E-4
3.1	10	4.08191701950544E-4
3.12	13	5.30649212535708E-4
3.14	2	8.16383403901089E-5
3.16	1	4.08191701950544E-5
3.18	2	8.16383403901089E-5
3.2	6	2.44915021170327E-4
3.22	4	1.63276680780218E-4
3.24	0	0
3.26	-7	-2.85734191365381E-4
3.28	0	0
3.3	2	8.16383403901089E-5
3.32	7	2.85734191365381E-4
3.34	-1	-4.08191701950544E-5
3.36	0	0
3.38	2	8.16383403901089E-5
3.4	-8	-3.26553361560436E-4
3.42	7	2.85734191365381E-4
3.44	8	3.26553361560436E-4
3.46	3	1.22457510585163E-4
3.48	7	2.85734191365381E-4
3.5	0	0
3.52	5	2.04095850975272E-4
3.54	5	2.04095850975272E-4
3.56	0	0
3.58	13	5.30649212535708E-4
3.6	3	1.22457510585163E-4
3.62	-1	-4.08191701950544E-5
3.64	2	8.16383403901089E-5
3.66	25	0.00102047925487636
3.68	11	4.49010872145599E-4
3.7	8	3.26553361560436E-4
3.72	11	4.49010872145599E-4
3.74	3	1.22457510585163E-4
3.76	-2	-8.16383403901089E-5
3.78	5	2.04095850975272E-4
3.8	4	1.63276680780218E-4
3.82	-3	-1.22457510585163E-4
3.84	-2	-8.16383403901089E-5
3.86	1	4.08191701950544E-5
3.88	8	3.26553361560436E-4
3.9	19	7.75564233706034E-4
3.92	12	4.89830042340653E-4
3.94	6	2.44915021170327E-4
3.96	6	2.44915021170327E-4
3.98	8	3.26553361560436E-4
4	8	3.26553361560436E-4
4.02	14	5.71468382730762E-4
4.04	0	0
4.06	-3	-1.22457510585163E-4
4.08	-4	-1.63276680780218E-4
4.1	-4	-1.63276680780218E-4
4.12	-7	-2.85734191365381E-4
4.14	2	8.16383403901089E-5
4.16	5	2.04095850975272E-4
4.18	-4	-1.63276680780218E-4
4.2	-8	-3.26553361560436E-4
4.22	3	1.22457510585163E-4
4.24	-1	-4.08191701950544E-5
4.26	0	0
4.28	16	6.53106723120871E-4
4.3	9	3.6737253175549E-4
4.32	2	8.16383403901089E-5
4.34	1	4.08191701950544E-5
4.36	2	8.16383403901089E-5
4.38	3	1.22457510585163E-4
4.4	3	1.22457510585163E-4
4.42	9	3.6737253175549E-4
4.44	-1	-4.08191701950544E-5
4.46	-3	-1.22457510585163E-4
4.48	-4	-1.63276680780218E-4
4.5	2	8.16383403901089E-5
4.52	-2	-8.16383403901089E-5
4.54	0	0
4.56	0	0
4.58	7	2.85734191365381E-4
4.6	12	4.89830042340653E-4
4.62	9	3.6737253175549E-4
4.64	5	2.04095850975272E-4
4.66	4	1.63276680780218E-4
4.68	5	2.04095850975272E-4
4.7	-4	-1.63276680780218E-4
4.72	-2	-8.16383403901089E-5
4.74	-17	-6.93925893315925E-4
4.76	-5	-2.04095850975272E-4
4.78	-1	-4.08191701950544E-5
4.8	7	2.85734191365381E-4
4.82	12	4.89830042340653E-4
4.84	1	4.08191701950544E-5
4.86	6	2.44915021170327E-4
4.88	10	4.08191701950544E-4
4.9	4	1.63276680780218E-4
4.92	3	1.22457510585163E-4
4.94	3	1.22457510585163E-4
4.96	10	4.08191701950544E-4
4.98	10	4.08191701950544E-4
5	15	6.12287552925816E-4
5.02	5	2.04095850975272E-4
5.04	-1	-4.08191701950544E-5
5.06	5	2.04095850975272E-4
5.08	12	4.89830042340653E-4
5.1	10	4.08191701950544E-4
5.12	1	4.08191701950544E-5
5.14	12	4.89830042340653E-4
5.16	2	8.16383403901089E-5
5.18	10	4.08191701950544E-4
5.2	4	1.63276680780218E-4
5.22	8	3.26553361560436E-4
5.24	-4	-1.63276680780218E-4
5.26	10	4.08191701950544E-4
5.28	11	4.49010872145599E-4
5.3	-3	-1.22457510585163E-4
5.32	12	4.89830042340653E-4
5.34	6	2.44915021170327E-4
5.36	1	4.08191701950544E-5
5.38	1	4.08191701950544E-5
5.4	14	5.71468382730762E-4
5.42	13	5.30649212535708E-4
5.44	-6	-2.44915021170327E-4
5.46	10	4.08191701950544E-4
5.48	34	0.00138785178663185
5.5	3	1.22457510585163E-4
5.52	-6	-2.44915021170327E-4
5.54	-10	-4.08191701950544E-4
5.56	-7	-2.85734191365381E-4
5.58	1	4.08191701950544E-5
5.6	7	2.85734191365381E-4
5.62	6	2.44915021170327E-4
5.64	-8	-3.26553361560436E-4
5.66	-7	-2.85734191365381E-4
5.68	0	0
5.7	3	1.22457510585163E-4
5.72	-3	-1.22457510585163E-4
5.74	17	6.93925893315925E-4
5.76	3	1.22457510585163E-4
5.78	14	5.71468382730762E-4
5.8	12	4.89830042340653E-4
5.82	15	6.12287552925816E-4
5.84	16	6.53106723120871E-4
5.86	20	8.16383403901089E-4
5.88	25	0.00102047925487636
5.9	21	8.57202574096143E-4
5.92	24	9.79660084681306E-4
5.94	18	7.3474506351098E-4
5.96	10	4.08191701950544E-4
5.98	-7	-2.85734191365381E-4
6	-15	-6.12287552925816E-4
6.02	-6	-2.44915021170327E-4
6.04	0	0
6.06	8	3.26553361560436E-4
6.08	17	6.93925893315925E-4
6.1	27	0.00110211759526647
6.12	15	6.12287552925816E-4
6.14	-2	-8.16383403901089E-5
6.16	-3	-1.22457510585163E-4
6.18	5	2.04095850975272E-4
6.2	11	4.49010872145599E-4
6.22	1	4.08191701950544E-5
6.24	-11	-4.49010872145599E-4
6.26	7	2.85734191365381E-4
6.28	-11	-4.49010872145599E-4
6.3	-9	-3.6737253175549E-4
6.32	8	3.26553361560436E-4
6.34	14	5.71468382730762E-4
6.36	10	4.08191701950544E-4
6.38	6	2.44915021170327E-4
6.4	9	3.6737253175549E-4
6.42	6	2.44915021170327E-4
6.44	-8	-3.26553361560436E-4
6.46	-21	-8.57202574096143E-4
6.48	-3	-1.22457510585163E-4
6.5	-3	-1.22457510585163E-4
6.52	3	1.22457510585163E-4
6.54	19	7.75564233706034E-4
6.56	17	6.93925893315925E-4
6.58	11	4.49010872145599E-4
6.6	10	4.08191701950544E-4
6.62	10	4.08191701950544E-4
6.64	8	3.26553361560436E-4
6.66	12	4.89830042340653E-4
6.68	14	5.71468382730762E-4
6.7	1	4.08191701950544E-5
6.72	-7	-2.85734191365381E-4
6.74	-2	-8.16383403901089E-5
6.76	8	3.26553361560436E-4
6.78	10	4.08191701950544E-4
6.8	7	2.85734191365381E-4
6.82	3	1.22457510585163E-4
6.84	4	1.63276680780218E-4
6.86	2	8.16383403901089E-5
6.88	5	2.04095850975272E-4
6.9	-6	-2.44915021170327E-4
6.92	-19	-7.75564233706034E-4
6.94	-20	-8.16383403901089E-4
6.96	-7	-2.85734191365381E-4
6.98	-2	-8.16383403901089E-5
7	-20	-8.16383403901089E-4
7.02	-19	-7.75564233706034E-4
7.04	10	4.08191701950544E-4
7.06	22	8.98021744291198E-4
7.08	33	0.0013470326164368
7.1	16	6.53106723120871E-4
7.12	-5	-2.04095850975272E-4
7.14	7	2.85734191365381E-4
7.16	9	3.6737253175549E-4
7.18	15	6.12287552925816E-4
7.2	26	0.00106129842507142
7.22	35	0.00142867095682691
7.24	30	0.00122457510585163
7.26	7	2.85734191365381E-4
7.28	21	8.57202574096143E-4
7.3	17	6.93925893315925E-4
7.32	21	8.57202574096143E-4
7.34	10	4.08191701950544E-4
7.36	2	8.16383403901089E-5
7.38	3	1.22457510585163E-4
7.4	-3	-1.22457510585163E-4
7.42	-10	-4.08191701950544E-4
7.44	8	3.26553361560436E-4
7.46	-9	-3.6737253175549E-4
7.48	-9	-3.6737253175549E-4
7.5	14	5.71468382730762E-4
7.52	5	2.04095850975272E-4
7.54	-20	-8.16383403901089E-4
7.56	6	2.44915021170327E-4
7.58	12	4.89830042340653E-4
7.6	11	4.49010872145599E-4
7.62	-2	-8.16383403901089E-5
7.64	14	5.71468382730762E-4
7.66	7	2.85734191365381E-4
7.68	7	2.85734191365381E-4
7.7	11	4.49010872145599E-4
7.72	22	8.98021744291198E-4
7.74	16	6.53106723120871E-4
7.76	-9	-3.6737253175549E-4
7.78	6	2.44915021170327E-4
7.8	8	3.26553361560436E-4
7.82	0	0
7.84	4	1.63276680780218E-4
7.86	12	4.89830042340653E-4
7.88	17	6.93925893315925E-4
7.9	10	4.08191701950544E-4
7.92	7	2.85734191365381E-4
7.94	4	1.63276680780218E-4
7.96	7	2.85734191365381E-4
7.98	22	8.98021744291198E-4
8	5	2.04095850975272E-4
8.02	16	6.53106723120871E-4
8.04	-4	-1.63276680780218E-4
8.06	10	4.08191701950544E-4
8.08	-1	-4.08191701950544E-5
8.1	10	4.08191701950544E-4
8.12	18	7.3474506351098E-4
8.14	10	4.08191701950544E-4
8.16	6	2.44915021170327E-4
8.18	4	1.63276680780218E-4
8.2	-3	-1.22457510585163E-4
8.22	-13	-5.30649212535708E-4
8.24	6	2.44915021170327E-4
8.26	16	6.53106723120871E-4
8.28	14	5.71468382730762E-4
8.3	21	8.57202574096143E-4
8.32	12	4.89830042340653E-4
8.34	32	0.00130621344624174
8.36	17	6.93925893315925E-4
8.38	4	1.63276680780218E-4
8.4	0	0
8.42	5	2.04095850975272E-4
8.44	4	1.63276680780218E-4
8.46	12	4.89830042340653E-4
8.48	4	1.63276680780218E-4
8.5	29	0.00118375593565658
8.52	17	6.93925893315925E-4
8.54	17	6.93925893315925E-4
8.56	15	6.12287552925816E-4
8.58	14	5.71468382730762E-4
8.6	15	6.12287552925816E-4
8.62	25	0.00102047925487636
8.64	27	0.00110211759526647
8.66	27	0.00110211759526647
8.68	7	2.85734191365381E-4
8.7	23	9.38840914486252E-4
8.72	25	0.00102047925487636
8.74	29	0.00118375593565658
8.76	17	6.93925893315925E-4
8.78	23	9.38840914486252E-4
8.8	47	0.00191850099916756
8.82	28	0.00114293676546152
8.84	25	0.00102047925487636
8.86	40	0.00163276680780218
8.88	31	0.00126539427604669
8.9	57	0.0023266927011181
8.92	61	0.00248996938189832
8.94	57	0.0023266927011181
8.96	52	0.00212259685014283
8.98	24	9.79660084681306E-4
9	40	0.00163276680780218
9.02	44	0.0017960434885824
9.04	51	0.00208177767994778
9.06	39	0.00159194763760712
9.08	48	0.00195932016936261
9.1	64	0.00261242689248348
9.12	76	0.00310225693482414
9.14	47	0.00191850099916756
9.16	43	0.00175522431838734
9.18	42	0.00171440514819229
9.2	55	0.00224505436072799
9.22	59	0.00240833104150821
9.24	58	0.00236751187131316
9.26	52	0.00212259685014283
9.28	54	0.00220423519053294
9.3	67	0.00273488440306865
9.32	58	0.00236751187131316
9.34	64	0.00261242689248348
9.36	98	0.00400027867911533
9.38	82	0.00334717195599446
9.4	84	0.00342881029638457
9.42	67	0.00273488440306865
9.44	59	0.00240833104150821
9.46	73	0.00297979942423897
9.48	88	0.00359208697716479
9.5	60	0.00244915021170327
9.52	69	0.00281652274345876
9.54	83	0.00338799112618952
9.56	83	0.00338799112618952
9.58	88	0.00359208697716479
9.6	87	0.00355126780696974
9.62	60	0.00244915021170327
9.64	46	0.0018776818289725
9.66	72	0.00293898025404392
9.68	58	0.00236751187131316
9.7	68	0.0027757035732637
9.72	69	0.00281652274345876
9.74	75	0.00306143776462908
9.76	39	0.00159194763760712
9.78	56	0.00228587353092305
9.8	75	0.00306143776462908
9.82	67	0.00273488440306865
9.84	64	0.00261242689248348
9.86	88	0.00359208697716479
9.88	60	0.00244915021170327
9.9	62	0.00253078855209337
9.92	62	0.00253078855209337
9.94	62	0.00253078855209337
9.96	62	0.00253078855209337
9.98	50	0.00204095850975272
10	44	0.0017960434885824
10.02	59	0.00240833104150821
10.04	62	0.00253078855209337
10.06	51	0.00208177767994778
10.08	62	0.00253078855209337
10.1	73	0.00297979942423897
10.12	67	0.00273488440306865
10.14	50	0.00204095850975272
10.16	45	0.00183686265877745
10.18	52	0.00212259685014283
10.2	67	0.00273488440306865
10.22	72	0.00293898025404392
10.24	48	0.00195932016936261
10.26	62	0.00253078855209337
10.28	63	0.00257160772228843
10.3	53	0.00216341602033789
10.32	51	0.00208177767994778
10.34	49	0.00200013933955767
10.36	56	0.00228587353092305
10.38	39	0.00159194763760712
10.4	40	0.00163276680780218
10.42	27	0.00110211759526647
10.44	40	0.00163276680780218
10.46	46	0.0018776818289725
10.48	36	0.00146949012702196
10.5	27	0.00110211759526647
10.52	41	0.00167358597799723
10.54	39	0.00159194763760712
10.56	40	0.00163276680780218
10.58	25	0.00102047925487636
10.6	34	0.00138785178663185
10.62	36	0.00146949012702196
10.64	40	0.00163276680780218
10.66	36	0.00146949012702196
10.68	43	0.00175522431838734
10.7	41	0.00167358597799723
10.72	25	0.00102047925487636
10.74	17	6.93925893315925E-4
10.76	21	8.57202574096143E-4
10.78	28	0.00114293676546152
10.8	41	0.00167358597799723
10.82	32	0.00130621344624174
10.84	22	8.98021744291198E-4
10.86	24	9.79660084681306E-4
10.88	15	6.12287552925816E-4
10.9	21	8.57202574096143E-4
10.92	14	5.71468382730762E-4
10.94	26	0.00106129842507142
10.96	32	0.00130621344624174
10.98	23	9.38840914486252E-4
11	38	0.00155112846741207
11.02	36	0.00146949012702196
11.04	36	0.00146949012702196
11.06	26	0.00106129842507142
11.08	25	0.00102047925487636
11.1	15	6.12287552925816E-4
11.12	16	6.53106723120871E-4
11.14	10	4.08191701950544E-4
11.16	1	4.08191701950544E-5
11.18	16	6.53106723120871E-4
11.2	17	6.93925893315925E-4
11.22	16	6.53106723120871E-4
11.24	31	0.00126539427604669
11.26	26	0.00106129842507142
11.28	-6	-2.44915021170327E-4
11.3	13	5.30649212535708E-4
11.32	14	5.71468382730762E-4
11.34	21	8.57202574096143E-4
11.36	44	0.0017960434885824
11.38	23	9.38840914486252E-4
11.4	21	8.57202574096143E-4
11.42	12	4.89830042340653E-4
11.44	18	7.3474506351098E-4
11.46	10	4.08191701950544E-4
11.48	21	8.57202574096143E-4
11.5	20	8.16383403901089E-4
11.52	15	6.12287552925816E-4
11.54	16	6.53106723120871E-4
11.56	14	5.71468382730762E-4
11.58	14	5.71468382730762E-4
11.6	15	6.12287552925816E-4
11.62	24	9.79660084681306E-4
11.64	11	4.49010872145599E-4
11.66	27	0.00110211759526647
11.68	15	6.12287552925816E-4
11.7	2	8.16383403901089E-5
11.72	6	2.44915021170327E-4
11.74	14	5.71468382730762E-4
11.76	17	6.93925893315925E-4
11.78	19	7.75564233706034E-4
11.8	26	0.00106129842507142
11.82	20	8.16383403901089E-4
11.84	9	3.6737253175549E-4
11.86	10	4.08191701950544E-4
11.88	11	4.49010872145599E-4
11.9	7	2.85734191365381E-4
11.92	15	6.12287552925816E-4
11.94	17	6.93925893315925E-4
11.96	19	7.75564233706034E-4
11.98	13	5.30649212535708E-4
12	11	4.49010872145599E-4
12.02	2	8.16383403901089E-5
12.04	9	3.6737253175549E-4
12.06	14	5.71468382730762E-4
12.08	-1	-4.08191701950544E-5
12.1	4	1.63276680780218E-4
12.12	18	7.3474506351098E-4
12.14	10	4.08191701950544E-4
12.16	0	0
12.18	4	1.63276680780218E-4
12.2	15	6.12287552925816E-4
12.22	17	6.93925893315925E-4
12.24	-4	-1.63276680780218E-4
12.26	1	4.08191701950544E-5
12.28	7	2.85734191365381E-4
12.3	8	3.26553361560436E-4
12.32	9	3.6737253175549E-4
12.34	2	8.16383403901089E-5
12.36	12	4.89830042340653E-4
12.38	13	5.30649212535708E-4
12.4	4	1.63276680780218E-4
12.42	11	4.49010872145599E-4
12.44	6	2.44915021170327E-4
12.46	-3	-1.22457510585163E-4
12.48	8	3.26553361560436E-4
12.5	-4	-1.63276680780218E-4
12.52	-2	-8.16383403901089E-5
12.54	6	2.44915021170327E-4
12.56	11	4.49010872145599E-4
12.58	12	4.89830042340653E-4
12.6	3	1.22457510585163E-4
12.62	5	2.04095850975272E-4
12.64	1	4.08191701950544E-5
12.66	4	1.63276680780218E-4
12.68	0	0
12.7	-8	-3.26553361560436E-4
12.72	6	2.44915021170327E-4
12.74	-1	-4.08191701950544E-5
12.76	10	4.08191701950544E-4
12.78	7	2.85734191365381E-4
12.8	9	3.6737253175549E-4
12.82	3	1.22457510585163E-4
12.84	8	3.26553361560436E-4
12.86	8	3.26553361560436E-4
12.88	10	4.08191701950544E-4
12.9	5	2.04095850975272E-4
12.92	11	4.49010872145599E-4
12.94	12	4.89830042340653E-4
12.96	9	3.6737253175549E-4
12.98	5	2.04095850975272E-4
13	-3	-1.22457510585163E-4
13.02	-1	-4.08191701950544E-5
13.04	-4	-1.63276680780218E-4
13.06	4	1.63276680780218E-4
13.08	-3	-1.22457510585163E-4
13.1	7	2.85734191365381E-4
13.12	13	5.30649212535708E-4
13.14	5	2.04095850975272E-4
13.16	1	4.08191701950544E-5
13.18	4	1.63276680780218E-4
13.2	2	8.16383403901089E-5
13.22	10	4.08191701950544E-4
13.24	12	4.89830042340653E-4
13.26	12	4.89830042340653E-4
13.28	10	4.08191701950544E-4
13.3	7	2.85734191365381E-4
13.32	9	3.6737253175549E-4
13.34	5	2.04095850975272E-4
13.36	9	3.6737253175549E-4
13.38	10	4.08191701950544E-4
13.4	15	6.12287552925816E-4
13.42	14	5.71468382730762E-4
13.44	9	3.6737253175549E-4
13.46	3	1.22457510585163E-4
13.48	0	0
13.5	12	4.89830042340653E-4
13.52	10	4.08191701950544E-4
13.54	8	3.26553361560436E-4
13.56	9	3.6737253175549E-4
13.58	1	4.08191701950544E-5
13.6	11	4.49010872145599E-4
13.62	16	6.53106723120871E-4
13.64	9	3.6737253175549E-4
13.66	4	1.63276680780218E-4
13.68	4	1.63276680780218E-4
13.7	-3	-1.22457510585163E-4
13.72	3	1.22457510585163E-4
13.74	2	8.16383403901089E-5
13.76	12	4.89830042340653E-4
13.78	13	5.30649212535708E-4
13.8	10	4.08191701950544E-4
13.82	3	1.22457510585163E-4
13.84	5	2.04095850975272E-4
13.86	10	4.08191701950544E-4
13.88	7	2.85734191365381E-4
13.9	9	3.6737253175549E-4
13.92	16	6.53106723120871E-4
13.94	0	0
13.96	4	1.63276680780218E-4
13.98	4	1.63276680780218E-4
14	19	7.75564233706034E-4
14.02	19	7.75564233706034E-4
14.04	6	2.44915021170327E-4
14.06	15	6.12287552925816E-4
14.08	8	3.26553361560436E-4
14.1	8	3.26553361560436E-4
14.12	10	4.08191701950544E-4
14.14	3	1.22457510585163E-4
14.16	2	8.16383403901089E-5
14.18	4	1.63276680780218E-4
14.2	3	1.22457510585163E-4
14.22	7	2.85734191365381E-4
14.24	4	1.63276680780218E-4
14.26	9	3.6737253175549E-4
14.28	4	1.63276680780218E-4
14.3	7	2.85734191365381E-4
14.32	2	8.16383403901089E-5
14.34	8	3.26553361560436E-4
14.36	8	3.26553361560436E-4
14.38	6	2.44915021170327E-4
14.4	9	3.6737253175549E-4
14.42	5	2.04095850975272E-4
14.44	8	3.26553361560436E-4
14.46	-3	-1.22457510585163E-4
14.48	2	8.16383403901089E-5
14.5	1	4.08191701950544E-5
14.52	1	4.08191701950544E-5
14.54	1	4.08191701950544E-5
14.56	9	3.6737253175549E-4
14.58	6	2.44915021170327E-4
14.6	1	4.08191701950544E-5
14.62	6	2.44915021170327E-4
14.64	6	2.44915021170327E-4
14.66	-2	-8.16383403901089E-5
14.68	-2	-8.16383403901089E-5
14.7	6	2.44915021170327E-4
14.72	-2	-8.16383403901089E-5
14.74	5	2.04095850975272E-4
14.76	-4	-1.63276680780218E-4
14.78	2	8.16383403901089E-5
14.8	4	1.63276680780218E-4
14.82	11	4.49010872145599E-4
14.84	11	4.49010872145599E-4
14.86	11	4.49010872145599E-4
14.88	5	2.04095850975272E-4
14.9	4	1.63276680780218E-4
14.92	7	2.85734191365381E-4
14.94	11	4.49010872145599E-4
14.96	11	4.49010872145599E-4
14.98	4	1.63276680780218E-4
15	2	8.16383403901089E-5
15.02	3	1.22457510585163E-4
15.04	-2	-8.16383403901089E-5
15.06	-1	-4.08191701950544E-5
15.08	5	2.04095850975272E-4
15.1	-7	-2.85734191365381E-4
15.12	-2	-8.16383403901089E-5
15.14	11	4.49010872145599E-4
15.16	-2	-8.16383403901089E-5
15.18	9	3.6737253175549E-4
15.2	13	5.30649212535708E-4
15.22	6	2.44915021170327E-4
15.24	-3	-1.22457510585163E-4
15.26	0	0
15.28	0	0
15.3	0	0
15.32	-4	-1.63276680780218E-4
15.34	7	2.85734191365381E-4
15.36	4	1.63276680780218E-4
15.38	2	8.16383403901089E-5
15.4	18	7.3474506351098E-4
15.42	12	4.89830042340653E-4
15.44	5	2.04095850975272E-4
15.46	-1	-4.08191701950544E-5
15.48	3	1.22457510585163E-4
15.5	9	3.6737253175549E-4
15.52	0	0
15.54	7	2.85734191365381E-4
15.56	5	2.04095850975272E-4
15.58	7	2.85734191365381E-4
15.6	-3	-1.22457510585163E-4
15.62	4	1.63276680780218E-4
15.64	8	3.26553361560436E-4
15.66	11	4.49010872145599E-4
15.68	10	4.08191701950544E-4
15.7	10	4.08191701950544E-4
15.72	9	3.6737253175549E-4
15.74	7	2.85734191365381E-4
15.76	8	3.26553361560436E-4
15.78	6	2.44915021170327E-4
15.8	9	3.6737253175549E-4
15.82	6	2.44915021170327E-4
15.84	6	2.44915021170327E-4
15.86	5	2.04095850975272E-4
15.88	2	8.16383403901089E-5
15.9	-2	-8.16383403901089E-5
15.92	4	1.63276680780218E-4
15.94	1	4.08191701950544E-5
15.96	7	2.85734191365381E-4
15.98	8	3.26553361560436E-4
16	11	4.49010872145599E-4
16.02	5	2.04095850975272E-4
16.04	6	2.44915021170327E-4
16.06	13	5.30649212535708E-4
16.08	5	2.04095850975272E-4
16.1	2	8.16383403901089E-5
16.12	8	3.26553361560436E-4
16.14	14	5.71468382730762E-4
16.16	11	4.49010872145599E-4
16.18	11	4.49010872145599E-4
16.2	11	4.49010872145599E-4
16.22	7	2.85734191365381E-4
16.24	7	2.85734191365381E-4
16.26	8	3.26553361560436E-4
16.28	11	4.49010872145599E-4
16.3	4	1.63276680780218E-4
16.32	7	2.85734191365381E-4
16.34	7	2.85734191365381E-4
16.36	4	1.63276680780218E-4
16.38	9	3.6737253175549E-4
16.4	3	1.22457510585163E-4
16.42	-4	-1.63276680780218E-4
16.44	5	2.04095850975272E-4
16.46	7	2.85734191365381E-4
16.48	6	2.44915021170327E-4
16.5	4	1.63276680780218E-4
16.52	4	1.63276680780218E-4
16.54	5	2.04095850975272E-4
16.56	3	1.22457510585163E-4
16.58	-1	-4.08191701950544E-5
16.6	2	8.16383403901089E-5
16.62	-3	-1.22457510585163E-4
16.64	4	1.63276680780218E-4
16.66	-2	-8.16383403901089E-5
16.68	2	8.16383403901089E-5
16.7	5	2.04095850975272E-4
16.72	3	1.22457510585163E-4
16.74	9	3.6737253175549E-4
16.76	10	4.08191701950544E-4
16.78	14	5.71468382730762E-4
16.8	12	4.89830042340653E-4
16.82	5	2.04095850975272E-4
16.84	7	2.85734191365381E-4
16.86	0	0
16.88	-3	-1.22457510585163E-4
16.9	-1	-4.08191701950544E-5
16.92	2	8.16383403901089E-5
16.94	1	4.08191701950544E-5
16.96	0	0
16.98	11	4.49010872145599E-4
17	5	2.04095850975272E-4
17.02	6	2.44915021170327E-4
17.04	1	4.08191701950544E-5
17.06	4	1.63276680780218E-4
17.08	4	1.63276680780218E-4
17.1	-3	-1.22457510585163E-4
17.12	0	0
17.14	-1	-4.08191701950544E-5
17.16	6	2.44915021170327E-4
17.18	4	1.63276680780218E-4
17.2	3	1.22457510585163E-4
17.22	2	8.16383403901089E-5
17.24	1	4.08191701950544E-5
17.26	5	2.04095850975272E-4
17.28	5	2.04095850975272E-4
17.3	-4	-1.63276680780218E-4
17.32	7	2.85734191365381E-4
17.34	4	1.63276680780218E-4
17.36	3	1.22457510585163E-4
17.38	11	4.49010872145599E-4
17.4	7	2.85734191365381E-4
17.42	0	0
17.44	9	3.6737253175549E-4
17.46	6	2.44915021170327E-4
17.48	8	3.26553361560436E-4
17.5	10	4.08191701950544E-4
17.52	-3	-1.22457510585163E-4
17.54	-1	-4.08191701950544E-5
17.56	6	2.44915021170327E-4
17.58	2	8.16383403901089E-5
17.6	7	2.85734191365381E-4
17.62	4	1.63276680780218E-4
17.64	6	2.44915021170327E-4
17.66	13	5.30649212535708E-4
17.68	3	1.22457510585163E-4
17.7	-2	-8.16383403901089E-5
17.72	6	2.44915021170327E-4
17.74	9	3.6737253175549E-4
17.76	11	4.49010872145599E-4
17.78	6	2.44915021170327E-4
17.8	14	5.71468382730762E-4
17.82	3	1.22457510585163E-4
17.84	0	0
17.86	3	1.22457510585163E-4
17.88	10	4.08191701950544E-4
17.9	7	2.85734191365381E-4
17.92	15	6.12287552925816E-4
17.94	10	4.08191701950544E-4
17.96	13	5.30649212535708E-4
17.98	3	1.22457510585163E-4
18	11	4.49010872145599E-4
18.02	11	4.49010872145599E-4
18.04	3	1.22457510585163E-4
18.06	-5	-2.04095850975272E-4
18.08	-3	-1.22457510585163E-4
18.1	5	2.04095850975272E-4
18.12	7	2.85734191365381E-4
18.14	15	6.12287552925816E-4
18.16	3	1.22457510585163E-4
18.18	2	8.16383403901089E-5
18.2	8	3.26553361560436E-4
18.22	7	2.85734191365381E-4
18.24	1	4.08191701950544E-5
18.26	8	3.26553361560436E-4
18.28	3	1.22457510585163E-4
18.3	-2	-8.16383403901089E-5
18.32	0	0
18.34	3	1.22457510585163E-4
18.36	3	1.22457510585163E-4
18.38	6	2.44915021170327E-4
18.4	0	0
18.42	7	2.85734191365381E-4
18.44	2	8.16383403901089E-5
18.46	16	6.53106723120871E-4
18.48	16	6.53106723120871E-4
18.5	5	2.04095850975272E-4
18.52	2	8.16383403901089E-5
18.54	3	1.22457510585163E-4
18.56	6	2.44915021170327E-4
18.58	5	2.04095850975272E-4
18.6	-1	-4.08191701950544E-5
18.62	8	3.26553361560436E-4
18.64	6	2.44915021170327E-4
18.66	8	3.26553361560436E-4
18.68	5	2.04095850975272E-4
18.7	-5	-2.04095850975272E-4
18.72	4	1.63276680780218E-4
18.74	4	1.63276680780218E-4
18.76	7	2.85734191365381E-4
18.78	12	4.89830042340653E-4
18.8	7	2.85734191365381E-4
18.82	8	3.26553361560436E-4
18.84	13	5.30649212535708E-4
18.86	4	1.63276680780218E-4
18.88	3	1.22457510585163E-4
18.9	3	1.22457510585163E-4
18.92	5	2.04095850975272E-4
18.94	2	8.16383403901089E-5
18.96	1	4.08191701950544E-5
18.98	5	2.04095850975272E-4
19	5	2.04095850975272E-4
19.02	2	8.16383403901089E-5
19.04	17	6.93925893315925E-4
19.06	18	7.3474506351098E-4
19.08	-3	-1.22457510585163E-4
19.1	6	2.44915021170327E-4
19.12	10	4.08191701950544E-4
19.14	-2	-8.16383403901089E-5
19.16	6	2.44915021170327E-4
19.18	8	3.26553361560436E-4
19.2	-2	-8.16383403901089E-5
19.22	4	1.63276680780218E-4
19.24	1	4.08191701950544E-5
19.26	-3	-1.22457510585163E-4
19.28	2	8.16383403901089E-5
19.3	5	2.04095850975272E-4
19.32	4	1.63276680780218E-4
19.34	3	1.22457510585163E-4
19.36	0	0
19.38	1	4.08191701950544E-5
19.4	17	6.93925893315925E-4
19.42	11	4.49010872145599E-4
19.44	7	2.85734191365381E-4
19.46	-1	-4.08191701950544E-5
19.48	-5	-2.04095850975272E-4
19.5	3	1.22457510585163E-4
19.52	4	1.63276680780218E-4
19.54	6	2.44915021170327E-4
19.56	10	4.08191701950544E-4
19.58	11	4.49010872145599E-4
19.6	8	3.26553361560436E-4
19.62	8	3.26553361560436E-4
19.64	14	5.71468382730762E-4
19.66	-2	-8.16383403901089E-5
19.68	-1	-4.08191701950544E-5
19.7	17	6.93925893315925E-4
19.72	6	2.44915021170327E-4
19.74	-8	-3.26553361560436E-4
19.76	-3	-1.22457510585163E-4
19.78	6	2.44915021170327E-4
19.8	0	0
19.82	1	4.08191701950544E-5
19.84	8	3.26553361560436E-4
19.86	2	8.16383403901089E-5
19.88	8	3.26553361560436E-4
19.9	7	2.85734191365381E-4
19.92	9	3.6737253175549E-4
19.94	14	5.71468382730762E-4
19.96	6	2.44915021170327E-4
19.98	-4	-1.63276680780218E-4
20	4	1.63276680780218E-4
20.02	-1	-4.08191701950544E-5
20.04	4	1.63276680780218E-4
20.06	9	3.6737253175549E-4
20.08	4	1.63276680780218E-4
20.1	3	1.22457510585163E-4
20.12	5	2.04095850975272E-4
20.14	9	3.6737253175549E-4
20.16	3	1.22457510585163E-4
20.18	-2	-8.16383403901089E-5
20.2	7	2.85734191365381E-4
20.22	4	1.63276680780218E-4
20.24	2	8.16383403901089E-5
20.26	10	4.08191701950544E-4
20.28	16	6.53106723120871E-4
20.3	17	6.93925893315925E-4
20.32	6	2.44915021170327E-4
20.34	2	8.16383403901089E-5
20.36	2	8.16383403901089E-5
20.38	7	2.85734191365381E-4
20.4	3	1.22457510585163E-4
20.42	3	1.22457510585163E-4
20.44	3	1.22457510585163E-4
20.46	5	2.04095850975272E-4
20.48	5	2.04095850975272E-4
20.5	16	6.53106723120871E-4
20.52	12	4.89830042340653E-4
20.54	5	2.04095850975272E-4
20.56	4	1.63276680780218E-4
20.58	0	0
20.6	5	2.04095850975272E-4
20.62	5	2.04095850975272E-4
20.64	2	8.16383403901089E-5
20.66	8	3.26553361560436E-4
20.68	10	4.08191701950544E-4
20.7	6	2.44915021170327E-4
20.72	11	4.49010872145599E-4
20.74	1	4.08191701950544E-5
20.76	10	4.08191701950544E-4
20.78	4	1.63276680780218E-4
20.8	2	8.16383403901089E-5
20.82	2	8.16383403901089E-5
20.84	3	1.22457510585163E-4
20.86	5	2.04095850975272E-4
20.88	2	8.16383403901089E-5
20.9	-2	-8.16383403901089E-5
20.92	1	4.08191701950544E-5
20.94	8	3.26553361560436E-4
20.96	3	1.22457510585163E-4
20.98	3	1.22457510585163E-4
21	6	2.44915021170327E-4
21.02	7	2.85734191365381E-4
21.04	5	2.04095850975272E-4
21.06	10	4.08191701950544E-4
21.08	2	8.16383403901089E-5
21.1	6	2.44915021170327E-4
21.12	-1	-4.08191701950544E-5
21.14	2	8.16383403901089E-5
21.16	6	2.44915021170327E-4
21.18	7	2.85734191365381E-4
21.2	-1	-4.08191701950544E-5
21.22	-1	-4.08191701950544E-5
21.24	5	2.04095850975272E-4
21.26	7	2.85734191365381E-4
21.28	5	2.04095850975272E-4
21.3	21	8.57202574096143E-4
21.32	9	3.6737253175549E-4
21.34	-1	-4.08191701950544E-5
21.36	9	3.6737253175549E-4
21.38	6	2.44915021170327E-4
21.4	0	0
21.42	3	1.22457510585163E-4
21.44	3	1.22457510585163E-4
21.46	4	1.63276680780218E-4
21.48	5	2.04095850975272E-4
21.5	7	2.85734191365381E-4
21.52	1	4.08191701950544E-5
21.54	-10	-4.08191701950544E-4
21.56	9	3.6737253175549E-4
21.58	6	2.44915021170327E-4
21.6	5	2.04095850975272E-4
21.62	3	1.22457510585163E-4
21.64	1	4.08191701950544E-5
21.66	9	3.6737253175549E-4
21.68	10	4.08191701950544E-4
21.7	9	3.6737253175549E-4
21.72	12	4.89830042340653E-4
21.74	4	1.63276680780218E-4
21.76	0	0
21.78	12	4.89830042340653E-4
21.8	5	2.04095850975272E-4
21.82	9	3.6737253175549E-4
21.84	2	8.16383403901089E-5
21.86	5	2.04095850975272E-4
21.88	7	2.85734191365381E-4
21.9	0	0
21.92	3	1.22457510585163E-4
21.94	11	4.49010872145599E-4
21.96	6	2.44915021170327E-4
21.98	11	4.49010872145599E-4
22	8	3.26553361560436E-4
22.02	4	1.63276680780218E-4
22.04	7	2.85734191365381E-4
22.06	13	5.30649212535708E-4
22.08	16	6.53106723120871E-4
22.1	5	2.04095850975272E-4
22.12	-3	-1.22457510585163E-4
22.14	-10	-4.08191701950544E-4
22.16	-1	-4.08191701950544E-5
22.18	5	2.04095850975272E-4
22.2	3	1.22457510585163E-4
22.22	-2	-8.16383403901089E-5
22.24	0	0
22.26	9	3.6737253175549E-4
22.28	6	2.44915021170327E-4
22.3	2	8.16383403901089E-5
22.32	8	3.26553361560436E-4
22.34	8	3.26553361560436E-4
22.36	-1	-4.08191701950544E-5
22.38	6	2.44915021170327E-4
22.4	-3	-1.22457510585163E-4
22.42	-1	-4.08191701950544E-5
22.44	1	4.08191701950544E-5
22.46	6	2.44915021170327E-4
22.48	-2	-8.16383403901089E-5
22.5	1	4.08191701950544E-5
22.52	2	8.16383403901089E-5
22.54	7	2.85734191365381E-4
22.56	13	5.30649212535708E-4
22.58	8	3.26553361560436E-4
22.6	2	8.16383403901089E-5
22.62	3	1.22457510585163E-4
22.64	-1	-4.08191701950544E-5
22.66	2	8.16383403901089E-5
22.68	5	2.04095850975272E-4
22.7	8	3.26553361560436E-4
22.72	12	4.89830042340653E-4
22.74	10	4.08191701950544E-4
22.76	9	3.6737253175549E-4
22.78	4	1.63276680780218E-4
22.8	8	3.26553361560436E-4
22.82	6	2.44915021170327E-4
22.84	3	1.22457510585163E-4
22.86	0	0
22.88	13	5.30649212535708E-4
22.9	12	4.89830042340653E-4
22.92	4	1.63276680780218E-4
22.94	6	2.44915021170327E-4
22.96	1	4.08191701950544E-5
22.98	1	4.08191701950544E-5
23	5	2.04095850975272E-4
23.02	5	2.04095850975272E-4
23.04	2	8.16383403901089E-5
23.06	5	2.04095850975272E-4
23.08	5	2.04095850975272E-4
23.1	1	4.08191701950544E-5
23.12	12	4.89830042340653E-4
23.14	8	3.26553361560436E-4
23.16	7	2.85734191365381E-4
23.18	5	2.04095850975272E-4
23.2	4	1.63276680780218E-4
23.22	3	1.22457510585163E-4
23.24	5	2.04095850975272E-4
23.26	15	6.12287552925816E-4
23.28	6	2.44915021170327E-4
23.3	1	4.08191701950544E-5
23.32	-7	-2.85734191365381E-4
23.34	1	4.08191701950544E-5
23.36	2	8.16383403901089E-5
23.38	-4	-1.63276680780218E-4
23.4	8	3.26553361560436E-4
23.42	11	4.49010872145599E-4
23.44	9	3.6737253175549E-4
23.46	9	3.6737253175549E-4
23.48	6	2.44915021170327E-4
23.5	4	1.63276680780218E-4
23.52	8	3.26553361560436E-4
23.54	5	2.04095850975272E-4
23.56	8	3.26553361560436E-4
23.58	3	1.22457510585163E-4
23.6	-3	-1.22457510585163E-4
23.62	8	3.26553361560436E-4
23.64	9	3.6737253175549E-4
23.66	11	4.49010872145599E-4
23.68	7	2.85734191365381E-4
23.7	2	8.16383403901089E-5
23.72	3	1.22457510585163E-4
23.74	1	4.08191701950544E-5
23.76	5	2.04095850975272E-4
23.78	1	4.08191701950544E-5
23.8	5	2.04095850975272E-4
23.82	11	4.49010872145599E-4
23.84	-1	-4.08191701950544E-5
23.86	-8	-3.26553361560436E-4
23.88	8	3.26553361560436E-4
23.9	3	1.22457510585163E-4
23.92	12	4.89830042340653E-4
23.94	8	3.26553361560436E-4
23.96	7	2.85734191365381E-4
23.98	13	5.30649212535708E-4
24	2	8.16383403901089E-5
24.02	-1	-4.08191701950544E-5
24.04	4	1.63276680780218E-4
24.06	8	3.26553361560436E-4
24.08	5	2.04095850975272E-4
24.1	4	1.63276680780218E-4
24.12	6	2.44915021170327E-4
24.14	15	6.12287552925816E-4
24.16	8	3.26553361560436E-4
24.18	6	2.44915021170327E-4
24.2	1	4.08191701950544E-5
24.22	2	8.16383403901089E-5
24.24	5	2.04095850975272E-4
24.26	3	1.22457510585163E-4
24.28	9	3.6737253175549E-4
24.3	13	5.30649212535708E-4
24.32	11	4.49010872145599E-4
24.34	17	6.93925893315925E-4
24.36	2	8.16383403901089E-5
24.38	5	2.04095850975272E-4
24.4	12	4.89830042340653E-4
24.42	5	2.04095850975272E-4
24.44	5	2.04095850975272E-4
24.46	8	3.26553361560436E-4
24.48	6	2.44915021170327E-4
24.5	9	3.6737253175549E-4
24.52	8	3.26553361560436E-4
24.54	7	2.85734191365381E-4
24.56	3	1.22457510585163E-4
24.58	9	3.6737253175549E-4
24.6	9	3.6737253175549E-4
24.62	10	4.08191701950544E-4
24.64	7	2.85734191365381E-4
24.66	3	1.22457510585163E-4
24.68	3	1.22457510585163E-4
24.7	9	3.6737253175549E-4
24.72	10	4.08191701950544E-4
24.74	8	3.26553361560436E-4
24.76	11	4.49010872145599E-4
24.78	12	4.89830042340653E-4
24.8	9	3.6737253175549E-4
24.82	0	0
24.84	3	1.22457510585163E-4
24.86	5	2.04095850975272E-4
24.88	-4	-1.63276680780218E-4
24.9	3	1.22457510585163E-4
24.92	2	8.16383403901089E-5
24.94	0	0
24.96	4	1.63276680780218E-4
24.98	7	2.85734191365381E-4
25	12	4.89830042340653E-4
25.02	5	2.04095850975272E-4
25.04	3	1.22457510585163E-4
25.06	1	4.08191701950544E-5
25.08	-1	-4.08191701950544E-5
25.1	-1	-4.08191701950544E-5
25.12	3	1.22457510585163E-4
25.14	5	2.04095850975272E-4
25.16	1	4.08191701950544E-5
25.18	4	1.63276680780218E-4
25.2	3	1.22457510585163E-4
25.22	2	8.16383403901089E-5
25.24	-1	-4.08191701950544E-5
25.26	12	4.89830042340653E-4
25.28	0	0
25.3	1	4.08191701950544E-5
25.32	4	1.63276680780218E-4
25.34	6	2.44915021170327E-4
25.36	10	4.08191701950544E-4
25.38	8	3.26553361560436E-4
25.4	0	0
25.42	5	2.04095850975272E-4
25.44	2	8.16383403901089E-5
25.46	-1	-4.08191701950544E-5
25.48	3	1.22457510585163E-4
25.5	3	1.22457510585163E-4
25.52	4	1.63276680780218E-4
25.54	-2	-8.16383403901089E-5
25.56	8	3.26553361560436E-4
25.58	5	2.04095850975272E-4
25.6	13	5.30649212535708E-4
25.62	12	4.89830042340653E-4
25.64	7	2.85734191365381E-4
25.66	7	2.85734191365381E-4
25.68	3	1.22457510585163E-4
25.7	4	1.63276680780218E-4
25.72	6	2.44915021170327E-4
25.74	12	4.89830042340653E-4
25.76	2	8.16383403901089E-5
25.78	-2	-8.16383403901089E-5
25.8	2	8.16383403901089E-5
25.82	9	3.6737253175549E-4
25.84	4	1.63276680780218E-4
25.86	-8	-3.26553361560436E-4
25.88	7	2.85734191365381E-4
25.9	10	4.08191701950544E-4
25.92	11	4.49010872145599E-4
25.94	10	4.08191701950544E-4
25.96	3	1.22457510585163E-4
25.98	4	1.63276680780218E-4
26	14	5.71468382730762E-4
26.02	5	2.04095850975272E-4
26.04	1	4.08191701950544E-5
26.06	4	1.63276680780218E-4
26.08	5	2.04095850975272E-4
26.1	9	3.6737253175549E-4
26.12	-1	-4.08191701950544E-5
26.14	5	2.04095850975272E-4
26.16	2	8.16383403901089E-5
26.18	10	4.08191701950544E-4
26.2	2	8.16383403901089E-5
26.22	0	0
26.24	1	4.08191701950544E-5
26.26	-2	-8.16383403901089E-5
26.28	5	2.04095850975272E-4
26.3	12	4.89830042340653E-4
26.32	8	3.26553361560436E-4
26.34	6	2.44915021170327E-4
26.36	10	4.08191701950544E-4
26.38	1	4.08191701950544E-5
26.4	3	1.22457510585163E-4
26.42	2	8.16383403901089E-5
26.44	18	7.3474506351098E-4
26.46	15	6.12287552925816E-4
26.48	-1	-4.08191701950544E-5
26.5	-8	-3.26553361560436E-4
26.52	8	3.26553361560436E-4
26.54	12	4.89830042340653E-4
26.56	-1	-4.08191701950544E-5
26.58	5	2.04095850975272E-4
26.6	12	4.89830042340653E-4
26.62	6	2.44915021170327E-4
26.64	6	2.44915021170327E-4
26.66	1	4.08191701950544E-5
26.68	10	4.08191701950544E-4
26.7	8	3.26553361560436E-4
26.72	3	1.22457510585163E-4
26.74	4	1.63276680780218E-4
26.76	10	4.08191701950544E-4
26.78	6	2.44915021170327E-4
26.8	-1	-4.08191701950544E-5
26.82	-2	-8.16383403901089E-5
26.84	7	2.85734191365381E-4
26.86	12	4.89830042340653E-4
26.88	0	0
26.9	3	1.22457510585163E-4
26.92	-1	-4.08191701950544E-5
26.94	2	8.16383403901089E-5
26.96	8	3.26553361560436E-4
26.98	5	2.04095850975272E-4
27	10	4.08191701950544E-4
27.02	11	4.49010872145599E-4
27.04	16	6.53106723120871E-4
27.06	9	3.6737253175549E-4
27.08	-5	-2.04095850975272E-4
27.1	1	4.08191701950544E-5
27.12	17	6.93925893315925E-4
27.14	5	2.04095850975272E-4
27.16	2	8.16383403901089E-5
27.18	3	1.22457510585163E-4
27.2	8	3.26553361560436E-4
27.22	14	5.71468382730762E-4
27.24	11	4.49010872145599E-4
27.26	11	4.49010872145599E-4
27.28	7	2.85734191365381E-4
27.3	4	1.63276680780218E-4
27.32	9	3.6737253175549E-4
27.34	4	1.63276680780218E-4
27.36	11	4.49010872145599E-4
27.38	0	0
27.4	0	0
27.42	2	8.16383403901089E-5
27.44	6	2.44915021170327E-4
27.46	8	3.26553361560436E-4
27.48	3	1.22457510585163E-4
27.5	7	2.85734191365381E-4
27.52	6	2.44915021170327E-4
27.54	4	1.63276680780218E-4
27.56	5	2.04095850975272E-4
27.58	7	2.85734191365381E-4
27.6	3	1.22457510585163E-4
27.62	7	2.85734191365381E-4
27.64	3	1.22457510585163E-4
27.66	7	2.85734191365381E-4
27.68	1	4.08191701950544E-5
27.7	12	4.89830042340653E-4
27.72	9	3.6737253175549E-4
27.74	16	6.53106723120871E-4
27.76	12	4.89830042340653E-4
27.78	-2	-8.16383403901089E-5
27.8	10	4.08191701950544E-4
27.82	9	3.6737253175549E-4
27.84	6	2.44915021170327E-4
27.86	6	2.44915021170327E-4
27.88	2	8.16383403901089E-5
27.9	-3	-1.22457510585163E-4
27.92	-1	-4.08191701950544E-5
27.94	-2	-8.16383403901089E-5
27.96	-1	-4.08191701950544E-5
27.98	3	1.22457510585163E-4
28	6	2.44915021170327E-4
28.02	3	1.22457510585163E-4
28.04	1	4.08191701950544E-5
28.06	0	0
28.08	3	1.22457510585163E-4
28.1	7	2.85734191365381E-4
28.12	1	4.08191701950544E-5
28.14	4	1.63276680780218E-4
28.16	5	2.04095850975272E-4
28.18	-2	-8.16383403901089E-5
28.2	8	3.26553361560436E-4
28.22	14	5.71468382730762E-4
28.24	5	2.04095850975272E-4
28.26	7	2.85734191365381E-4
28.28	5	2.04095850975272E-4
28.3	3	1.22457510585163E-4
28.32	7	2.85734191365381E-4
28.34	13	5.30649212535708E-4
28.36	7	2.85734191365381E-4
28.38	9	3.6737253175549E-4
28.4	1	4.08191701950544E-5
28.42	5	2.04095850975272E-4
28.44	3	1.22457510585163E-4
28.46	-2	-8.16383403901089E-5
28.48	2	8.16383403901089E-5
28.5	2	8.16383403901089E-5
28.52	5	2.04095850975272E-4
28.54	4	1.63276680780218E-4
28.56	-4	-1.63276680780218E-4
28.58	4	1.63276680780218E-4
28.6	4	1.63276680780218E-4
28.62	3	1.22457510585163E-4
28.64	-1	-4.08191701950544E-5
28.66	-3	-1.22457510585163E-4
28.68	6	2.44915021170327E-4
28.7	11	4.49010872145599E-4
28.72	-5	-2.04095850975272E-4
28.74	6	2.44915021170327E-4
28.76	0	0
28.78	0	0
28.8	-1	-4.08191701950544E-5
28.82	-5	-2.04095850975272E-4
28.84	6	2.44915021170327E-4
28.86	8	3.26553361560436E-4
28.88	-6	-2.44915021170327E-4
28.9	13	5.30649212535708E-4
28.92	6	2.44915021170327E-4
28.94	6	2.44915021170327E-4
28.96	10	4.08191701950544E-4
28.98	1	4.08191701950544E-5
29	-7	-2.85734191365381E-4
29.02	-3	-1.22457510585163E-4
29.04	3	1.22457510585163E-4
29.06	1	4.08191701950544E-5
29.08	6	2.44915021170327E-4
29.1	5	2.04095850975272E-4
29.12	5	2.04095850975272E-4
29.14	5	2.04095850975272E-4
29.16	10	4.08191701950544E-4
29.18	6	2.44915021170327E-4
29.2	-1	-4.08191701950544E-5
29.22	-1	-4.08191701950544E-5
29.24	4	1.63276680780218E-4
29.26	10	4.08191701950544E-4
29.28	7	2.85734191365381E-4
29.3	6	2.44915021170327E-4
29.32	6	2.44915021170327E-4
29.34	0	0
29.36	6	2.44915021170327E-4
29.38	7	2.85734191365381E-4
29.4	12	4.89830042340653E-4
29.42	2	8.16383403901089E-5
29.44	-2	-8.16383403901089E-5
29.46	5	2.04095850975272E-4
29.48	2	8.16383403901089E-5
29.5	5	2.04095850975272E-4
29.52	1	4.08191701950544E-5
29.54	5	2.04095850975272E-4
29.56	10	4.08191701950544E-4
29.58	5	2.04095850975272E-4
29.6	7	2.85734191365381E-4
29.62	0	0
29.64	-3	-1.22457510585163E-4
29.66	6	2.44915021170327E-4
29.68	8	3.26553361560436E-4
29.7	6	2.44915021170327E-4
29.72	4	1.63276680780218E-4
29.74	6	2.44915021170327E-4
29.76	0	0
29.78	2	8.16383403901089E-5
29.8	4	1.63276680780218E-4
29.82	4	1.63276680780218E-4
29.84	-1	-4.08191701950544E-5
29.86	0	0
29.88	-2	-8.16383403901089E-5
29.9	6	2.44915021170327E-4
29.92	5	2.04095850975272E-4
29.94	1	4.08191701950544E-5
29.96	-2	-8.16383403901089E-5
29.98	0	0
30	6	2.44915021170327E-4
30.02	9	3.6737253175549E-4
30.04	3	1.22457510585163E-4
30.06	13	5.30649212535708E-4
30.08	7	2.85734191365381E-4
30.1	-1	-4.08191701950544E-5
30.12	4	1.63276680780218E-4
30.14	6	2.44915021170327E-4
30.16	10	4.08191701950544E-4
30.18	8	3.26553361560436E-4
30.2	-2	-8.16383403901089E-5
30.22	-5	-2.04095850975272E-4
30.24	9	3.6737253175549E-4
30.26	0	0
30.28	-3	-1.22457510585163E-4
30.3	-4	-1.63276680780218E-4
30.32	3	1.22457510585163E-4
30.34	-2	-8.16383403901089E-5
30.36	5	2.04095850975272E-4
30.38	1	4.08191701950544E-5
30.4	13	5.30649212535708E-4
30.42	11	4.49010872145599E-4
30.44	7	2.85734191365381E-4
30.46	5	2.04095850975272E-4
30.48	6	2.44915021170327E-4
30.5	7	2.85734191365381E-4
30.52	12	4.89830042340653E-4
30.54	-1	-4.08191701950544E-5
30.56	1	4.08191701950544E-5
30.58	1	4.08191701950544E-5
30.6	-6	-2.44915021170327E-4
30.62	-5	-2.04095850975272E-4
30.64	13	5.30649212535708E-4
30.66	17	6.93925893315925E-4
30.68	6	2.44915021170327E-4
30.7	4	1.63276680780218E-4
30.72	5	2.04095850975272E-4
30.74	8	3.26553361560436E-4
30.76	-1	-4.08191701950544E-5
30.78	8	3.26553361560436E-4
30.8	6	2.44915021170327E-4
30.82	7	2.85734191365381E-4
30.84	0	0
30.86	2	8.16383403901089E-5
30.88	-7	-2.85734191365381E-4
30.9	-1	-4.08191701950544E-5
30.92	8	3.26553361560436E-4
30.94	9	3.6737253175549E-4
30.96	4	1.63276680780218E-4
30.98	6	2.44915021170327E-4
31	-4	-1.63276680780218E-4
31.02	0	0
31.04	1	4.08191701950544E-5
31.06	-2	-8.16383403901089E-5
31.08	8	3.26553361560436E-4
31.1	-1	-4.08191701950544E-5
31.12	-2	-8.16383403901089E-5
31.14	-1	-4.08191701950544E-5
31.16	-1	-4.08191701950544E-5
31.18	6	2.44915021170327E-4
31.2	1	4.08191701950544E-5
31.22	13	5.30649212535708E-4
31.24	-5	-2.04095850975272E-4
31.26	5	2.04095850975272E-4
31.28	5	2.04095850975272E-4
31.3	6	2.44915021170327E-4
31.32	7	2.85734191365381E-4
31.34	8	3.26553361560436E-4
31.36	7	2.85734191365381E-4
31.38	7	2.85734191365381E-4
31.4	3	1.22457510585163E-4
31.42	3	1.22457510585163E-4
31.44	3	1.22457510585163E-4
31.46	2	8.16383403901089E-5
31.48	-1	-4.08191701950544E-5
31.5	1	4.08191701950544E-5
31.52	4	1.63276680780218E-4
31.54	6	2.44915021170327E-4
31.56	11	4.49010872145599E-4
31.58	5	2.04095850975272E-4
31.6	10	4.08191701950544E-4
31.62	3	1.22457510585163E-4
31.64	7	2.85734191365381E-4
31.66	7	2.85734191365381E-4
31.68	8	3.26553361560436E-4
31.7	-2	-8.16383403901089E-5
31.72	2	8.16383403901089E-5
31.74	0	0
31.76	5	2.04095850975272E-4
31.78	7	2.85734191365381E-4
31.8	1	4.08191701950544E-5
31.82	1	4.08191701950544E-5
31.84	3	1.22457510585163E-4
31.86	4	1.63276680780218E-4
31.88	7	2.85734191365381E-4
31.9	4	1.63276680780218E-4
31.92	0	0
31.94	12	4.89830042340653E-4
31.96	2	8.16383403901089E-5
31.98	1	4.08191701950544E-5
32	8	3.26553361560436E-4
32.02	4	1.63276680780218E-4
32.04	-7	-2.85734191365381E-4
32.06	-3	-1.22457510585163E-4
32.08	-4	-1.63276680780218E-4
32.1	2	8.16383403901089E-5
32.12	8	3.26553361560436E-4
32.14	8	3.26553361560436E-4
32.16	7	2.85734191365381E-4
32.18	3	1.22457510585163E-4
32.2	2	8.16383403901089E-5
32.22	7	2.85734191365381E-4
32.24	7	2.85734191365381E-4
32.26	9	3.6737253175549E-4
32.28	-1	-4.08191701950544E-5
32.3	-8	-3.26553361560436E-4
32.32	-2	-8.16383403901089E-5
32.34	10	4.08191701950544E-4
32.36	3	1.22457510585163E-4
32.38	6	2.44915021170327E-4
32.4	3	1.22457510585163E-4
32.42	5	2.04095850975272E-4
32.44	6	2.44915021170327E-4
32.46	6	2.44915021170327E-4
32.48	2	8.16383403901089E-5
32.5	0	0
32.52	2	8.16383403901089E-5
32.54	11	4.49010872145599E-4
32.56	2	8.16383403901089E-5
32.58	-1	-4.08191701950544E-5
32.6	-2	-8.16383403901089E-5
32.62	0	0
32.64	1	4.08191701950544E-5
32.66	6	2.44915021170327E-4
32.68	8	3.26553361560436E-4
32.7	2	8.16383403901089E-5
32.72	-2	-8.16383403901089E-5
32.74	1	4.08191701950544E-5
32.76	-2	-8.16383403901089E-5
32.78	5	2.04095850975272E-4
32.8	7	2.85734191365381E-4
32.82	4	1.63276680780218E-4
32.84	3	1.22457510585163E-4
32.86	0	0
32.88	2	8.16383403901089E-5
32.9	-1	-4.08191701950544E-5
32.92	9	3.6737253175549E-4
32.94	0	0
32.96	1	4.08191701950544E-5
32.98	6	2.44915021170327E-4
33	4	1.63276680780218E-4
33.02	5	2.04095850975272E-4
33.04	15	6.12287552925816E-4
33.06	10	4.08191701950544E-4
33.08	8	3.26553361560436E-4
33.1	10	4.08191701950544E-4
33.12	3	1.22457510585163E-4
33.14	5	2.04095850975272E-4
33.16	9	3.6737253175549E-4
33.18	5	2.04095850975272E-4
33.2	3	1.22457510585163E-4
33.22	-3	-1.22457510585163E-4
33.24	4	1.63276680780218E-4
33.26	8	3.26553361560436E-4
33.28	5	2.04095850975272E-4
33.3	3	1.22457510585163E-4
33.32	3	1.22457510585163E-4
33.34	-7	-2.85734191365381E-4
33.36	3	1.22457510585163E-4
33.38	-2	-8.16383403901089E-5
33.4	0	0
33.42	7	2.85734191365381E-4
33.44	1	4.08191701950544E-5
33.46	0	0
33.48	-2	-8.16383403901089E-5
33.5	7	2.85734191365381E-4
33.52	2	8.16383403901089E-5
33.54	1	4.08191701950544E-5
33.56	1	4.08191701950544E-5
33.58	2	8.16383403901089E-5
33.6	3	1.22457510585163E-4
33.62	2	8.16383403901089E-5
33.64	-6	-2.44915021170327E-4
33.66	1	4.08191701950544E-5
33.68	0	0
33.7	5	2.04095850975272E-4
33.72	1	4.08191701950544E-5
33.74	2	8.16383403901089E-5
33.76	7	2.85734191365381E-4
33.78	6	2.44915021170327E-4
33.8	2	8.16383403901089E-5
33.82	-1	-4.08191701950544E-5
33.84	2	8.16383403901089E-5
33.86	7	2.85734191365381E-4
33.88	3	1.22457510585163E-4
33.9	7	2.85734191365381E-4
33.92	0	0
33.94	1	4.08191701950544E-5
33.96	5	2.04095850975272E-4
33.98	7	2.85734191365381E-4
34	7	2.85734191365381E-4
34.02	5	2.04095850975272E-4
34.04	4	1.63276680780218E-4
34.06	4	1.63276680780218E-4
34.08	4	1.63276680780218E-4
34.1	3	1.22457510585163E-4
34.12	-8	-3.26553361560436E-4
34.14	-1	-4.08191701950544E-5
34.16	6	2.44915021170327E-4
34.18	11	4.49010872145599E-4
34.2	2	8.16383403901089E-5
34.22	-4	-1.63276680780218E-4
34.24	4	1.63276680780218E-4
34.26	0	0
34.28	1	4.08191701950544E-5
34.3	3	1.22457510585163E-4
34.32	9	3.6737253175549E-4
34.34	3	1.22457510585163E-4
34.36	-3	-1.22457510585163E-4
34.38	-2	-8.16383403901089E-5
34.4	-1	-4.08191701950544E-5
34.42	1	4.08191701950544E-5
34.44	1	4.08191701950544E-5
34.46	-3	-1.22457510585163E-4
34.48	6	2.44915021170327E-4
34.5	4	1.63276680780218E-4
34.52	7	2.85734191365381E-4
34.54	9	3.6737253175549E-4
34.56	0	0
34.58	5	2.04095850975272E-4
34.6	6	2.44915021170327E-4
34.62	7	2.85734191365381E-4
34.64	3	1.22457510585163E-4
34.66	-2	-8.16383403901089E-5
34.68	7	2.85734191365381E-4
34.7	-2	-8.16383403901089E-5
34.72	0	0
34.74	6	2.44915021170327E-4
34.76	10	4.08191701950544E-4
34.78	7	2.85734191365381E-4
34.8	-1	-4.08191701950544E-5
34.82	5	2.04095850975272E-4
34.84	6	2.44915021170327E-4
34.86	4	1.63276680780218E-4
34.88	9	3.6737253175549E-4
34.9	11	4.49010872145599E-4
34.92	3	1.22457510585163E-4
34.94	5	2.04095850975272E-4
34.96	5	2.04095850975272E-4
34.98	4	1.63276680780218E-4
35	3	1.22457510585163E-4
35.02	0	0
35.04	0	0
35.06	4	1.63276680780218E-4
35.08	13	5.30649212535708E-4
35.1	4	1.63276680780218E-4
35.12	-2	-8.16383403901089E-5
35.14	2	8.16383403901089E-5
35.16	10	4.08191701950544E-4
35.18	6	2.44915021170327E-4
35.2	4	1.63276680780218E-4
35.22	4	1.63276680780218E-4
35.24	2	8.16383403901089E-5
35.26	1	4.08191701950544E-5
35.28	-1	-4.08191701950544E-5
35.3	-3	-1.22457510585163E-4
35.32	-3	-1.22457510585163E-4
35.34	-5	-2.04095850975272E-4
35.36	8	3.26553361560436E-4
35.38	8	3.26553361560436E-4
35.4	9	3.6737253175549E-4
35.42	2	8.16383403901089E-5
35.44	-1	-4.08191701950544E-5
35.46	-1	-4.08191701950544E-5
35.48	1	4.08191701950544E-5
35.5	6	2.44915021170327E-4
35.52	12	4.89830042340653E-4
35.54	1	4.08191701950544E-5
35.56	7	2.85734191365381E-4
35.58	10	4.08191701950544E-4
35.6	3	1.22457510585163E-4
35.62	3	1.22457510585163E-4
35.64	-1	-4.08191701950544E-5
35.66	6	2.44915021170327E-4
35.68	4	1.63276680780218E-4
35.7	6	2.44915021170327E-4
35.72	7	2.85734191365381E-4
35.74	1	4.08191701950544E-5
35.76	1	4.08191701950544E-5
35.78	-2	-8.16383403901089E-5
35.8	3	1.22457510585163E-4
35.82	-1	-4.08191701950544E-5
35.84	0	0
35.86	-3	-1.22457510585163E-4
35.88	1	4.08191701950544E-5
35.9	9	3.6737253175549E-4
35.92	7	2.85734191365381E-4
35.94	-2	-8.16383403901089E-5
35.96	-5	-2.04095850975272E-4
35.98	8	3.26553361560436E-4
36	8	3.26553361560436E-4
36.02	6	2.44915021170327E-4
36.04	0	0
36.06	6	2.44915021170327E-4
36.08	1	4.08191701950544E-5
36.1	2	8.16383403901089E-5
36.12	-2	-8.16383403901089E-5
36.14	3	1.22457510585163E-4
36.16	8	3.26553361560436E-4
36.18	3	1.22457510585163E-4
36.2	5	2.04095850975272E-4
36.22	4	1.63276680780218E-4
36.24	1	4.08191701950544E-5
36.26	-3	-1.22457510585163E-4
36.28	1	4.08191701950544E-5
36.3	0	0
36.32	7	2.85734191365381E-4
36.34	11	4.49010872145599E-4
36.36	14	5.71468382730762E-4
36.38	3	1.22457510585163E-4
36.4	2	8.16383403901089E-5
36.42	-2	-8.16383403901089E-5
36.44	3	1.22457510585163E-4
36.46	1	4.08191701950544E-5
36.48	6	2.44915021170327E-4
36.5	1	4.08191701950544E-5
36.52	-3	-1.22457510585163E-4
36.54	7	2.85734191365381E-4
36.56	9	3.6737253175549E-4
36.58	3	1.22457510585163E-4
36.6	1	4.08191701950544E-5
36.62	6	2.44915021170327E-4
36.64	-1	-4.08191701950544E-5
36.66	-3	-1.22457510585163E-4
36.68	1	4.08191701950544E-5
36.7	0	0
36.72	2	8.16383403901089E-5
36.74	0	0
36.76	-4	-1.63276680780218E-4
36.78	1	4.08191701950544E-5
36.8	3	1.22457510585163E-4
36.82	-1	-4.08191701950544E-5
36.84	1	4.08191701950544E-5
36.86	0	0
36.88	3	1.22457510585163E-4
36.9	8	3.26553361560436E-4
36.92	6	2.44915021170327E-4
36.94	10	4.08191701950544E-4
36.96	3	1.22457510585163E-4
36.98	6	2.44915021170327E-4
37	4	1.63276680780218E-4
37.02	0	0
37.04	-1	-4.08191701950544E-5
37.06	5	2.04095850975272E-4
37.08	-3	-1.22457510585163E-4
37.1	-4	-1.63276680780218E-4
37.12	-2	-8.16383403901089E-5
37.14	6	2.44915021170327E-4
37.16	8	3.26553361560436E-4
37.18	-1	-4.08191701950544E-5
37.2	2	8.16383403901089E-5
37.22	2	8.16383403901089E-5
37.24	4	1.63276680780218E-4
37.26	0	0
37.28	6	2.44915021170327E-4
37.3	12	4.89830042340653E-4
37.32	7	2.85734191365381E-4
37.34	2	8.16383403901089E-5
37.36	8	3.26553361560436E-4
37.38	4	1.63276680780218E-4
37.4	5	2.04095850975272E-4
37.42	-1	-4.08191701950544E-5
37.44	10	4.08191701950544E-4
37.46	8	3.26553361560436E-4
37.48	6	2.44915021170327E-4
37.5	3	1.22457510585163E-4
37.52	4	1.63276680780218E-4
37.54	6	2.44915021170327E-4
37.56	8	3.26553361560436E-4
37.58	0	0
37.6	-8	-3.26553361560436E-4
37.62	5	2.04095850975272E-4
37.64	6	2.44915021170327E-4
37.66	-2	-8.16383403901089E-5
37.68	-3	-1.22457510585163E-4
37.7	-4	-1.63276680780218E-4
37.72	4	1.63276680780218E-4
37.74	15	6.12287552925816E-4
37.76	4	1.63276680780218E-4
37.78	2	8.16383403901089E-5
37.8	-2	-8.16383403901089E-5
37.82	5	2.04095850975272E-4
37.84	3	1.22457510585163E-4
37.86	6	2.44915021170327E-4
37.88	0	0
37.9	1	4.08191701950544E-5
37.92	4	1.63276680780218E-4
37.94	3	1.22457510585163E-4
37.96	2	8.16383403901089E-5
37.98	1	4.08191701950544E-5
38	-10	-4.08191701950544E-4
38.02	3	1.22457510585163E-4
38.04	0	0
38.06	2	8.16383403901089E-5
38.08	-1	-4.08191701950544E-5
38.1	-4	-1.63276680780218E-4
38.12	3	1.22457510585163E-4
38.14	-2	-8.16383403901089E-5
38.16	6	2.44915021170327E-4
38.18	0	0
38.2	-4	-1.63276680780218E-4
38.22	2	8.16383403901089E-5
38.24	15	6.12287552925816E-4
38.26	3	1.22457510585163E-4
38.28	-1	-4.08191701950544E-5
38.3	-2	-8.16383403901089E-5
38.32	2	8.16383403901089E-5
38.34	0	0
38.36	-1	-4.08191701950544E-5
38.38	-3	-1.22457510585163E-4
38.4	-5	-2.04095850975272E-4
38.42	1	4.08191701950544E-5
38.44	4	1.63276680780218E-4
38.46	7	2.85734191365381E-4
38.48	10	4.08191701950544E-4
38.5	10	4.08191701950544E-4
38.52	3	1.22457510585163E-4
38.54	0	0
38.56	3	1.22457510585163E-4
38.58	9	3.6737253175549E-4
38.6	0	0
38.62	20	8.16383403901089E-4
38.64	7	2.85734191365381E-4
38.66	7	2.85734191365381E-4
38.68	6	2.44915021170327E-4
38.7	-2	-8.16383403901089E-5
38.72	-4	-1.63276680780218E-4
38.74	-3	-1.22457510585163E-4
38.76	1	4.08191701950544E-5
38.78	3	1.22457510585163E-4
38.8	1	4.08191701950544E-5
38.82	3	1.22457510585163E-4
38.84	0	0
38.86	6	2.44915021170327E-4
38.88	3	1.22457510585163E-4
38.9	-1	-4.08191701950544E-5
38.92	8	3.26553361560436E-4
38.94	8	3.26553361560436E-4
38.96	10	4.08191701950544E-4
38.98	6	2.44915021170327E-4
39	4	1.63276680780218E-4
39.02	-2	-8.16383403901089E-5
39.04	-2	-8.16383403901089E-5
39.06	-1	-4.08191701950544E-5
39.08	-8	-3.26553361560436E-4
39.1	-1	-4.08191701950544E-5
39.12	-1	-4.08191701950544E-5
39.14	-2	-8.16383403901089E-5
39.16	5	2.04095850975272E-4
39.18	-5	-2.04095850975272E-4
39.2	-2	-8.16383403901089E-5
39.22	-1	-4.08191701950544E-5
39.24	-3	-1.22457510585163E-4
39.26	6	2.44915021170327E-4
39.28	0	0
39.3	9	3.6737253175549E-4
39.32	7	2.85734191365381E-4
39.34	4	1.63276680780218E-4
39.36	10	4.08191701950544E-4
39.38	7	2.85734191365381E-4
39.4	4	1.63276680780218E-4
39.42	-4	-1.63276680780218E-4
39.44	-2	-8.16383403901089E-5
39.46	-4	-1.63276680780218E-4
39.48	0	0
39.5	-2	-8.16383403901089E-5
39.52	-1	-4.08191701950544E-5
39.54	7	2.85734191365381E-4
39.56	4	1.63276680780218E-4
39.58	4	1.63276680780218E-4
39.6	2	8.16383403901089E-5
39.62	1	4.08191701950544E-5
39.64	3	1.22457510585163E-4
39.66	5	2.04095850975272E-4
39.68	2	8.16383403901089E-5
39.7	2	8.16383403901089E-5
39.72	5	2.04095850975272E-4
39.74	5	2.04095850975272E-4
39.76	3	1.22457510585163E-4
39.78	5	2.04095850975272E-4
39.8	11	4.49010872145599E-4
39.82	7	2.85734191365381E-4
39.84	-2	-8.16383403901089E-5
39.86	5	2.04095850975272E-4
39.88	1	4.08191701950544E-5
39.9	4	1.63276680780218E-4
39.92	0	0
39.94	-1	-4.08191701950544E-5
39.96	1	4.08191701950544E-5
39.98	4	1.63276680780218E-4
40	5	2.04095850975272E-4
40.02	4	1.63276680780218E-4
40.04	3	1.22457510585163E-4
40.06	5	2.04095850975272E-4
40.08	0	0
40.1	-4	-1.63276680780218E-4
40.12	3	1.22457510585163E-4
40.14	9	3.6737253175549E-4
40.16	0	0
40.18	-1	-4.08191701950544E-5
40.2	3	1.22457510585163E-4
40.22	10	4.08191701950544E-4
40.24	13	5.30649212535708E-4
40.26	5	2.04095850975272E-4
40.28	0	0
40.3	4	1.63276680780218E-4
40.32	3	1.22457510585163E-4
40.34	-3	-1.22457510585163E-4
40.36	8	3.26553361560436E-4
40.38	-2	-8.16383403901089E-5
40.4	-3	-1.22457510585163E-4
40.42	-3	-1.22457510585163E-4
40.44	4	1.63276680780218E-4
40.46	9	3.6737253175549E-4
40.48	5	2.04095850975272E-4
40.5	-3	-1.22457510585163E-4
40.52	9	3.6737253175549E-4
40.54	8	3.26553361560436E-4
40.56	4	1.63276680780218E-4
40.58	2	8.16383403901089E-5
40.6	-8	-3.26553361560436E-4
40.62	2	8.16383403901089E-5
40.64	5	2.04095850975272E-4
40.66	-2	-8.16383403901089E-5
40.68	-3	-1.22457510585163E-4
40.7	5	2.04095850975272E-4
40.72	5	2.04095850975272E-4
40.74	2	8.16383403901089E-5
40.76	3	1.22457510585163E-4
40.78	6	2.44915021170327E-4
40.8	1	4.08191701950544E-5
40.82	2	8.16383403901089E-5
40.84	10	4.08191701950544E-4
40.86	7	2.85734191365381E-4
40.88	2	8.16383403901089E-5
40.9	-2	-8.16383403901089E-5
40.92	1	4.08191701950544E-5
40.94	4	1.63276680780218E-4
40.96	3	1.22457510585163E-4
40.98	7	2.85734191365381E-4
41	-1	-4.08191701950544E-5
41.02	0	0
41.04	7	2.85734191365381E-4
41.06	5	2.04095850975272E-4
41.08	-1	-4.08191701950544E-5
41.1	0	0
41.12	6	2.44915021170327E-4
41.14	5	2.04095850975272E-4
41.16	6	2.44915021170327E-4
41.18	4	1.63276680780218E-4
41.2	4	1.63276680780218E-4
41.22	1	4.08191701950544E-5
41.24	5	2.04095850975272E-4
41.26	3	1.22457510585163E-4
41.28	0	0
41.3	3	1.22457510585163E-4
41.32	0	0
41.34	-1	-4.08191701950544E-5
41.36	1	4.08191701950544E-5
41.38	-3	-1.22457510585163E-4
41.4	5	2.04095850975272E-4
41.42	2	8.16383403901089E-5
41.44	2	8.16383403901089E-5
41.46	2	8.16383403901089E-5
41.48	3	1.22457510585163E-4
41.5	8	3.26553361560436E-4
41.52	4	1.63276680780218E-4
41.54	3	1.22457510585163E-4
41.56	3	1.22457510585163E-4
41.58	3	1.22457510585163E-4
41.6	-2	-8.16383403901089E-5
41.62	0	0
41.64	5	2.04095850975272E-4
41.66	7	2.85734191365381E-4
41.68	6	2.44915021170327E-4
41.7	-4	-1.63276680780218E-4
41.72	0	0
41.74	3	1.22457510585163E-4
41.76	4	1.63276680780218E-4
41.78	8	3.26553361560436E-4
41.8	3	1.22457510585163E-4
41.82	0	0
41.84	1	4.08191701950544E-5
41.86	-1	-4.08191701950544E-5
41.88	2	8.16383403901089E-5
41.9	2	8.16383403901089E-5
41.92	4	1.63276680780218E-4
41.94	6	2.44915021170327E-4
41.96	11	4.49010872145599E-4
41.98	3	1.22457510585163E-4
42	4	1.63276680780218E-4
42.02	10	4.08191701950544E-4
42.04	10	4.08191701950544E-4
42.06	8	3.26553361560436E-4
42.08	12	4.89830042340653E-4
42.1	-1	-4.08191701950544E-5
42.12	7	2.85734191365381E-4
42.14	8	3.26553361560436E-4
42.16	5	2.04095850975272E-4
42.18	1	4.08191701950544E-5
42.2	8	3.26553361560436E-4
42.22	9	3.6737253175549E-4
42.24	2	8.16383403901089E-5
42.26	1	4.08191701950544E-5
42.28	5	2.04095850975272E-4
42.3	5	2.04095850975272E-4
42.32	6	2.44915021170327E-4
42.34	11	4.49010872145599E-4
42.36	-3	-1.22457510585163E-4
42.38	-8	-3.26553361560436E-4
42.4	6	2.44915021170327E-4
42.42	-1	-4.08191701950544E-5
42.44	-5	-2.04095850975272E-4
42.46	5	2.04095850975272E-4
42.48	5	2.04095850975272E-4
42.5	-5	-2.04095850975272E-4
42.52	2	8.16383403901089E-5
42.54	-1	-4.08191701950544E-5
42.56	1	4.08191701950544E-5
42.58	1	4.08191701950544E-5
42.6	-3	-1.22457510585163E-4
42.62	9	3.6737253175549E-4
42.64	2	8.16383403901089E-5
42.66	10	4.08191701950544E-4
42.68	3	1.22457510585163E-4
42.7	6	2.44915021170327E-4
42.72	8	3.26553361560436E-4
42.74	4	1.63276680780218E-4
42.76	-1	-4.08191701950544E-5
42.78	4	1.63276680780218E-4
42.8	1	4.08191701950544E-5
42.82	-4	-1.63276680780218E-4
42.84	-3	-1.22457510585163E-4
42.86	-4	-1.63276680780218E-4
42.88	0	0
42.9	5	2.04095850975272E-4
42.92	2	8.16383403901089E-5
42.94	2	8.16383403901089E-5
42.96	11	4.49010872145599E-4
42.98	8	3.26553361560436E-4
43	11	4.49010872145599E-4
43.02	4	1.63276680780218E-4
43.04	7	2.85734191365381E-4
43.06	5	2.04095850975272E-4
43.08	1	4.08191701950544E-5
43.1	0	0
43.12	2	8.16383403901089E-5
43.14	9	3.6737253175549E-4
43.16	-8	-3.26553361560436E-4
43.18	3	1.22457510585163E-4
43.2	6	2.44915021170327E-4
43.22	2	8.16383403901089E-5
43.24	10	4.08191701950544E-4
43.26	13	5.30649212535708E-4
43.28	5	2.04095850975272E-4
43.3	4	1.63276680780218E-4
43.32	7	2.85734191365381E-4
43.34	5	2.04095850975272E-4
43.36	6	2.44915021170327E-4
43.38	3	1.22457510585163E-4
43.4	-1	-4.08191701950544E-5
43.42	5	2.04095850975272E-4
43.44	8	3.26553361560436E-4
43.46	7	2.85734191365381E-4
43.48	-1	-4.08191701950544E-5
43.5	3	1.22457510585163E-4
43.52	4	1.63276680780218E-4
43.54	9	3.6737253175549E-4
43.56	8	3.26553361560436E-4
43.58	8	3.26553361560436E-4
43.6	2	8.16383403901089E-5
43.62	1	4.08191701950544E-5
43.64	4	1.63276680780218E-4
43.66	-2	-8.16383403901089E-5
43.68	-1	-4.08191701950544E-5
43.7	6	2.44915021170327E-4
43.72	5	2.04095850975272E-4
43.74	7	2.85734191365381E-4
43.76	-1	-4.08191701950544E-5
43.78	7	2.85734191365381E-4
43.8	3	1.22457510585163E-4
43.82	3	1.22457510585163E-4
43.84	2	8.16383403901089E-5
43.86	0	0
43.88	2	8.16383403901089E-5
43.9	2	8.16383403901089E-5
43.92	2	8.16383403901089E-5
43.94	7	2.85734191365381E-4
43.96	11	4.49010872145599E-4
43.98	5	2.04095850975272E-4
44	5	2.04095850975272E-4
44.02	6	2.44915021170327E-4
44.04	7	2.85734191365381E-4
44.06	-2	-8.16383403901089E-5
44.08	3	1.22457510585163E-4
44.1	3	1.22457510585163E-4
44.12	0	0
44.14	6	2.44915021170327E-4
44.16	10	4.08191701950544E-4
44.18	0	0
44.2	6	2.44915021170327E-4
44.22	10	4.08191701950544E-4
44.24	14	5.71468382730762E-4
44.26	6	2.44915021170327E-4
44.28	9	3.6737253175549E-4
44.3	1	4.08191701950544E-5
44.32	1	4.08191701950544E-5
44.34	11	4.49010872145599E-4
44.36	2	8.16383403901089E-5
44.38	7	2.85734191365381E-4
44.4	0	0
44.42	1	4.08191701950544E-5
44.44	5	2.04095850975272E-4
44.46	2	8.16383403901089E-5
44.48	-2	-8.16383403901089E-5
44.5	9	3.6737253175549E-4
44.52	-1	-4.08191701950544E-5
44.54	1	4.08191701950544E-5
44.56	-1	-4.08191701950544E-5
44.58	-2	-8.16383403901089E-5
44.6	5	2.04095850975272E-4
44.62	8	3.26553361560436E-4
44.64	1	4.08191701950544E-5
44.66	8	3.26553361560436E-4
44.68	2	8.16383403901089E-5
44.7	0	0
44.72	0	0
44.74	10	4.08191701950544E-4
44.76	5	2.04095850975272E-4
44.78	8	3.26553361560436E-4
44.8	2	8.16383403901089E-5
44.82	4	1.63276680780218E-4
44.84	3	1.22457510585163E-4
44.86	2	8.16383403901089E-5
44.88	0	0
44.9	-3	-1.22457510585163E-4
44.92	-1	-4.08191701950544E-5
44.94	1	4.08191701950544E-5
44.96	5	2.04095850975272E-4
44.98	13	5.30649212535708E-4
45	11	4.49010872145599E-4
45.02	8	3.26553361560436E-4
45.04	2	8.16383403901089E-5
45.06	1	4.08191701950544E-5
45.08	4	1.63276680780218E-4
45.1	4	1.63276680780218E-4
45.12	5	2.04095850975272E-4
45.14	4	1.63276680780218E-4
45.16	3	1.22457510585163E-4
45.18	-2	-8.16383403901089E-5
45.2	-4	-1.63276680780218E-4
45.22	5	2.04095850975272E-4
45.24	6	2.44915021170327E-4
45.26	0	0
45.28	2	8.16383403901089E-5
45.3	2	8.16383403901089E-5
45.32	0	0
45.34	-1	-4.08191701950544E-5
45.36	-8	-3.26553361560436E-4
45.38	3	1.22457510585163E-4
45.4	13	5.30649212535708E-4
45.42	11	4.49010872145599E-4
45.44	13	5.30649212535708E-4
45.46	6	2.44915021170327E-4
45.48	5	2.04095850975272E-4
45.5	4	1.63276680780218E-4
45.52	5	2.04095850975272E-4
45.54	9	3.6737253175549E-4
45.56	4	1.63276680780218E-4
45.58	7	2.85734191365381E-4
45.6	4	1.63276680780218E-4
45.62	7	2.85734191365381E-4
45.64	-3	-1.22457510585163E-4
45.66	2	8.16383403901089E-5
45.68	6	2.44915021170327E-4
45.7	9	3.6737253175549E-4
45.72	8	3.26553361560436E-4
45.74	1	4.08191701950544E-5
45.76	3	1.22457510585163E-4
45.78	3	1.22457510585163E-4
45.8	5	2.04095850975272E-4
45.82	2	8.16383403901089E-5
45.84	8	3.26553361560436E-4
45.86	1	4.08191701950544E-5
45.88	3	1.22457510585163E-4
45.9	0	0
45.92	-1	-4.08191701950544E-5
45.94	0	0
45.96	0	0
45.98	1	4.08191701950544E-5
46	5	2.04095850975272E-4
46.02	2	8.16383403901089E-5
46.04	3	1.22457510585163E-4
46.06	5	2.04095850975272E-4
46.08	13	5.30649212535708E-4
46.1	8	3.26553361560436E-4
46.12	-1	-4.08191701950544E-5
46.14	6	2.44915021170327E-4
46.16	13	5.30649212535708E-4
46.18	12	4.89830042340653E-4
46.2	7	2.85734191365381E-4
46.22	1	4.08191701950544E-5
46.24	0	0
46.26	0	0
46.28	0	0
46.3	-2	-8.16383403901089E-5
46.32	5	2.04095850975272E-4
46.34	6	2.44915021170327E-4
46.36	3	1.22457510585163E-4
46.38	15	6.12287552925816E-4
46.4	3	1.22457510585163E-4
46.42	1	4.08191701950544E-5
46.44	11	4.49010872145599E-4
46.46	11	4.49010872145599E-4
46.48	0	0
46.5	1	4.08191701950544E-5
46.52	1	4.08191701950544E-5
46.54	0	0
46.56	2	8.16383403901089E-5
46.58	4	1.63276680780218E-4
46.6	4	1.63276680780218E-4
46.62	-2	-8.16383403901089E-5
46.64	4	1.63276680780218E-4
46.66	5	2.04095850975272E-4
46.68	6	2.44915021170327E-4
46.7	-1	-4.08191701950544E-5
46.72	-1	-4.08191701950544E-5
46.74	5	2.04095850975272E-4
46.76	8	3.26553361560436E-4
46.78	8	3.26553361560436E-4
46.8	6	2.44915021170327E-4
46.82	7	2.85734191365381E-4
46.84	7	2.85734191365381E-4
46.86	-1	-4.08191701950544E-5
46.88	9	3.6737253175549E-4
46.9	2	8.16383403901089E-5
46.92	0	0
46.94	0	0
46.96	-1	-4.08191701950544E-5
46.98	-1	-4.08191701950544E-5
47	-2	-8.16383403901089E-5
47.02	0	0
47.04	5	2.04095850975272E-4
47.06	9	3.6737253175549E-4
47.08	10	4.08191701950544E-4
47.1	8	3.26553361560436E-4
47.12	5	2.04095850975272E-4
47.14	7	2.85734191365381E-4
47.16	2	8.16383403901089E-5
47.18	5	2.04095850975272E-4
47.2	7	2.85734191365381E-4
47.22	4	1.63276680780218E-4
47.24	15	6.12287552925816E-4
47.26	5	2.04095850975272E-4
47.28	3	1.22457510585163E-4
47.3	1	4.08191701950544E-5
47.32	6	2.44915021170327E-4
47.34	1	4.08191701950544E-5
47.36	2	8.16383403901089E-5
47.38	-6	-2.44915021170327E-4
47.4	3	1.22457510585163E-4
47.42	12	4.89830042340653E-4
47.44	8	3.26553361560436E-4
47.46	1	4.08191701950544E-5
47.48	4	1.63276680780218E-4
47.5	2	8.16383403901089E-5
47.52	8	3.26553361560436E-4
47.54	5	2.04095850975272E-4
47.56	1	4.08191701950544E-5
47.58	-2	-8.16383403901089E-5
47.6	1	4.08191701950544E-5
47.62	-2	-8.16383403901089E-5
47.64	4	1.63276680780218E-4
47.66	7	2.85734191365381E-4
47.68	3	1.22457510585163E-4
47.7	0	0
47.72	9	3.6737253175549E-4
47.74	5	2.04095850975272E-4
47.76	12	4.89830042340653E-4
47.78	5	2.04095850975272E-4
47.8	4	1.63276680780218E-4
47.82	4	1.63276680780218E-4
47.84	7	2.85734191365381E-4
47.86	2	8.16383403901089E-5
47.88	1	4.08191701950544E-5
47.9	3	1.22457510585163E-4
47.92	11	4.49010872145599E-4
47.94	3	1.22457510585163E-4
47.96	2	8.16383403901089E-5
47.98	-3	-1.22457510585163E-4
48	7	2.85734191365381E-4
48.02	8	3.26553361560436E-4
48.04	9	3.6737253175549E-4
48.06	9	3.6737253175549E-4
48.08	3	1.22457510585163E-4
48.1	6	2.44915021170327E-4
48.12	6	2.44915021170327E-4
48.14	-1	-4.08191701950544E-5
48.16	-4	-1.63276680780218E-4
48.18	8	3.26553361560436E-4
48.2	6	2.44915021170327E-4
48.22	5	2.04095850975272E-4
48.24	7	2.85734191365381E-4
48.26	3	1.22457510585163E-4
48.28	1	4.08191701950544E-5
48.3	-1	-4.08191701950544E-5
48.32	-3	-1.22457510585163E-4
48.34	5	2.04095850975272E-4
48.36	-3	-1.22457510585163E-4
48.38	-1	-4.08191701950544E-5
48.4	7	2.85734191365381E-4
48.42	6	2.44915021170327E-4
48.44	-1	-4.08191701950544E-5
48.46	-2	-8.16383403901089E-5
48.48	0	0
48.5	3	1.22457510585163E-4
48.52	3	1.22457510585163E-4
48.54	5	2.04095850975272E-4
48.56	9	3.6737253175549E-4
48.58	6	2.44915021170327E-4
48.6	7	2.85734191365381E-4
48.62	2	8.16383403901089E-5
48.64	-3	-1.22457510585163E-4
48.66	5	2.04095850975272E-4
48.68	6	2.44915021170327E-4
48.7	6	2.44915021170327E-4
48.72	2	8.16383403901089E-5
48.74	2	8.16383403901089E-5
48.76	2	8.16383403901089E-5
48.78	6	2.44915021170327E-4
48.8	5	2.04095850975272E-4
48.82	-4	-1.63276680780218E-4
48.84	1	4.08191701950544E-5
48.86	5	2.04095850975272E-4
48.88	1	4.08191701950544E-5
48.9	-1	-4.08191701950544E-5
48.92	0	0
48.94	4	1.63276680780218E-4
48.96	9	3.6737253175549E-4
48.98	4	1.63276680780218E-4
49	-3	-1.22457510585163E-4
49.02	3	1.22457510585163E-4
49.04	3	1.22457510585163E-4
49.06	2	8.16383403901089E-5
49.08	-6	-2.44915021170327E-4
49.1	1	4.08191701950544E-5
49.12	8	3.26553361560436E-4
49.14	5	2.04095850975272E-4
49.16	1	4.08191701950544E-5
49.18	13	5.30649212535708E-4
49.2	7	2.85734191365381E-4
49.22	4	1.63276680780218E-4
49.24	3	1.22457510585163E-4
49.26	0	0
49.28	3	1.22457510585163E-4
49.3	1	4.08191701950544E-5
49.32	3	1.22457510585163E-4
49.34	-1	-4.08191701950544E-5
49.36	-5	-2.04095850975272E-4
49.38	0	0
49.4	6	2.44915021170327E-4
49.42	-4	-1.63276680780218E-4
49.44	1	4.08191701950544E-5
49.46	10	4.08191701950544E-4
49.48	0	0
49.5	0	0
49.52	3	1.22457510585163E-4
49.54	6	2.44915021170327E-4
49.56	3	1.22457510585163E-4
49.58	2	8.16383403901089E-5
49.6	1	4.08191701950544E-5
49.62	2	8.16383403901089E-5
49.64	5	2.04095850975272E-4
49.66	6	2.44915021170327E-4
49.68	0	0
49.7	3	1.22457510585163E-4
49.72	-2	-8.16383403901089E-5
49.74	4	1.63276680780218E-4
49.76	5	2.04095850975272E-4
49.78	6	2.44915021170327E-4
49.8	3	1.22457510585163E-4
49.82	-5	-2.04095850975272E-4
49.84	1	4.08191701950544E-5
49.86	2	8.16383403901089E-5
49.88	4	1.63276680780218E-4
49.9	2	8.16383403901089E-5
49.92	14	5.71468382730762E-4
49.94	1	4.08191701950544E-5
49.96	-3	-1.22457510585163E-4
49.98	-5	-2.04095850975272E-4
50	-1	-4.08191701950544E-5
50.02	1	4.08191701950544E-5
50.04	-1	-4.08191701950544E-5
50.06	-4	-1.63276680780218E-4
50.08	2	8.16383403901089E-5
50.1	0	0
50.12	0	0
50.14	1	4.08191701950544E-5
50.16	-4	-1.63276680780218E-4
50.18	0	0
50.2	-2	-8.16383403901089E-5
50.22	-1	-4.08191701950544E-5
50.24	4	1.63276680780218E-4
50.26	3	1.22457510585163E-4
50.28	3	1.22457510585163E-4
50.3	-1	-4.08191701950544E-5
50.32	-2	-8.16383403901089E-5
50.34	2	8.16383403901089E-5
50.36	-6	-2.44915021170327E-4
50.38	9	3.6737253175549E-4
50.4	9	3.6737253175549E-4
50.42	-2	-8.16383403901089E-5
50.44	-7	-2.85734191365381E-4
50.46	0	0
50.48	9	3.6737253175549E-4
50.5	2	8.16383403901089E-5
50.52	0	0
50.54	4	1.63276680780218E-4
50.56	3	1.22457510585163E-4
50.58	3	1.22457510585163E-4
50.6	1	4.08191701950544E-5
50.62	-4	-1.63276680780218E-4
50.64	6	2.44915021170327E-4
50.66	2	8.16383403901089E-5
50.68	2	8.16383403901089E-5
50.7	2	8.16383403901089E-5
50.72	5	2.04095850975272E-4
50.74	0	0
50.76	4	1.63276680780218E-4
50.78	6	2.44915021170327E-4
50.8	9	3.6737253175549E-4
50.82	6	2.44915021170327E-4
50.84	2	8.16383403901089E-5
50.86	-2	-8.16383403901089E-5
50.88	4	1.63276680780218E-4
50.9	9	3.6737253175549E-4
50.92	0	0
50.94	7	2.85734191365381E-4
50.96	7	2.85734191365381E-4
50.98	1	4.08191701950544E-5
51	14	5.71468382730762E-4
51.02	8	3.26553361560436E-4
51.04	-2	-8.16383403901089E-5
51.06	-2	-8.16383403901089E-5
51.08	9	3.6737253175549E-4
51.1	9	3.6737253175549E-4
51.12	7	2.85734191365381E-4
51.14	1	4.08191701950544E-5
51.16	2	8.16383403901089E-5
51.18	2	8.16383403901089E-5
51.2	1	4.08191701950544E-5
51.22	1	4.08191701950544E-5
51.24	-1	-4.08191701950544E-5
51.26	7	2.85734191365381E-4
51.28	6	2.44915021170327E-4
51.3	-1	-4.08191701950544E-5
51.32	2	8.16383403901089E-5
51.34	-1	-4.08191701950544E-5
51.36	-2	-8.16383403901089E-5
51.38	2	8.16383403901089E-5
51.4	5	2.04095850975272E-4
51.42	7	2.85734191365381E-4
51.44	5	2.04095850975272E-4
51.46	9	3.6737253175549E-4
51.48	6	2.44915021170327E-4
51.5	-6	-2.44915021170327E-4
51.52	3	1.22457510585163E-4
51.54	3	1.22457510585163E-4
51.56	2	8.16383403901089E-5
51.58	2	8.16383403901089E-5
51.6	3	1.22457510585163E-4
51.62	-6	-2.44915021170327E-4
51.64	2	8.16383403901089E-5
51.66	1	4.08191701950544E-5
51.68	5	2.04095850975272E-4
51.7	2	8.16383403901089E-5
51.72	2	8.16383403901089E-5
51.74	8	3.26553361560436E-4
51.76	3	1.22457510585163E-4
51.78	3	1.22457510585163E-4
51.8	1	4.08191701950544E-5
51.82	1	4.08191701950544E-5
51.84	1	4.08191701950544E-5
51.86	1	4.08191701950544E-5
51.88	1	4.08191701950544E-5
51.9	7	2.85734191365381E-4
51.92	5	2.04095850975272E-4
51.94	2	8.16383403901089E-5
51.96	3	1.22457510585163E-4
51.98	2	8.16383403901089E-5
52	-5	-2.04095850975272E-4
52.02	7	2.85734191365381E-4
52.04	6	2.44915021170327E-4
52.06	9	3.6737253175549E-4
52.08	6	2.44915021170327E-4
52.1	5	2.04095850975272E-4
52.12	4	1.63276680780218E-4
52.14	-1	-4.08191701950544E-5
52.16	3	1.22457510585163E-4
52.18	7	2.85734191365381E-4
52.2	2	8.16383403901089E-5
52.22	4	1.63276680780218E-4
52.24	-1	-4.08191701950544E-5
52.26	3	1.22457510585163E-4
52.28	2	8.16383403901089E-5
52.3	11	4.49010872145599E-4
52.32	11	4.49010872145599E-4
52.34	2	8.16383403901089E-5
52.36	1	4.08191701950544E-5
52.38	2	8.16383403901089E-5
52.4	7	2.85734191365381E-4
52.42	11	4.49010872145599E-4
52.44	-2	-8.16383403901089E-5
52.46	0	0
52.48	-8	-3.26553361560436E-4
52.5	-2	-8.16383403901089E-5
52.52	-1	-4.08191701950544E-5
52.54	9	3.6737253175549E-4
52.56	8	3.26553361560436E-4
52.58	3	1.22457510585163E-4
52.6	4	1.63276680780218E-4
52.62	0	0
52.64	2	8.16383403901089E-5
52.66	0	0
52.68	-2	-8.16383403901089E-5
52.7	4	1.63276680780218E-4
52.72	3	1.22457510585163E-4
52.74	0	0
52.76	-10	-4.08191701950544E-4
52.78	-6	-2.44915021170327E-4
52.8	0	0
52.82	6	2.44915021170327E-4
52.84	1	4.08191701950544E-5
52.86	-2	-8.16383403901089E-5
52.88	-5	-2.04095850975272E-4
52.9	-2	-8.16383403901089E-5
52.92	3	1.22457510585163E-4
52.94	5	2.04095850975272E-4
52.96	0	0
52.98	14	5.71468382730762E-4
53	3	1.22457510585163E-4
53.02	4	1.63276680780218E-4
53.04	-5	-2.04095850975272E-4
53.06	4	1.63276680780218E-4
53.08	12	4.89830042340653E-4
53.1	8	3.26553361560436E-4
53.12	6	2.44915021170327E-4
53.14	8	3.26553361560436E-4
53.16	3	1.22457510585163E-4
53.18	3	1.22457510585163E-4
53.2	-4	-1.63276680780218E-4
53.22	1	4.08191701950544E-5
53.24	13	5.30649212535708E-4
53.26	2	8.16383403901089E-5
53.28	2	8.16383403901089E-5
53.3	9	3.6737253175549E-4
53.32	-1	-4.08191701950544E-5
53.34	3	1.22457510585163E-4
53.36	6	2.44915021170327E-4
53.38	4	1.63276680780218E-4
53.4	4	1.63276680780218E-4
53.42	-2	-8.16383403901089E-5
53.44	3	1.22457510585163E-4
53.46	1	4.08191701950544E-5
53.48	1	4.08191701950544E-5
53.5	0	0
53.52	3	1.22457510585163E-4
53.54	4	1.63276680780218E-4
53.56	7	2.85734191365381E-4
53.58	5	2.04095850975272E-4
53.6	2	8.16383403901089E-5
53.62	5	2.04095850975272E-4
53.64	12	4.89830042340653E-4
53.66	2	8.16383403901089E-5
53.68	8	3.26553361560436E-4
53.7	9	3.6737253175549E-4
53.72	4	1.63276680780218E-4
53.74	6	2.44915021170327E-4
53.76	15	6.12287552925816E-4
53.78	10	4.08191701950544E-4
53.8	-3	-1.22457510585163E-4
53.82	0	0
53.84	4	1.63276680780218E-4
53.86	7	2.85734191365381E-4
53.88	5	2.04095850975272E-4
53.9	-2	-8.16383403901089E-5
53.92	-2	-8.16383403901089E-5
53.94	-2	-8.16383403901089E-5
53.96	-3	-1.22457510585163E-4
53.98	3	1.22457510585163E-4
54	7	2.85734191365381E-4
54.02	2	8.16383403901089E-5
54.04	3	1.22457510585163E-4
54.06	4	1.63276680780218E-4
54.08	9	3.6737253175549E-4
54.1	6	2.44915021170327E-4
54.12	2	8.16383403901089E-5
54.14	4	1.63276680780218E-4
54.16	5	2.04095850975272E-4
54.18	5	2.04095850975272E-4
54.2	5	2.04095850975272E-4
54.22	2	8.16383403901089E-5
54.24	3	1.22457510585163E-4
54.26	3	1.22457510585163E-4
54.28	9	3.6737253175549E-4
54.3	3	1.22457510585163E-4
54.32	10	4.08191701950544E-4
54.34	10	4.08191701950544E-4
54.36	2	8.16383403901089E-5
54.38	0	0
54.4	0	0
54.42	-4	-1.63276680780218E-4
54.44	-4	-1.63276680780218E-4
54.46	9	3.6737253175549E-4
54.48	13	5.30649212535708E-4
54.5	5	2.04095850975272E-4
54.52	5	2.04095850975272E-4
54.54	7	2.85734191365381E-4
54.56	13	5.30649212535708E-4
54.58	-1	-4.08191701950544E-5
54.6	1	4.08191701950544E-5
54.62	9	3.6737253175549E-4
54.64	9	3.6737253175549E-4
54.66	7	2.85734191365381E-4
54.68	17	6.93925893315925E-4
54.7	3	1.22457510585163E-4
54.72	4	1.63276680780218E-4
54.74	5	2.04095850975272E-4
54.76	5	2.04095850975272E-4
54.78	8	3.26553361560436E-4
54.8	4	1.63276680780218E-4
54.82	9	3.6737253175549E-4
54.84	8	3.26553361560436E-4
54.86	1	4.08191701950544E-5
54.88	8	3.26553361560436E-4
54.9	6	2.44915021170327E-4
54.92	5	2.04095850975272E-4
54.94	4	1.63276680780218E-4
54.96	4	1.63276680780218E-4
54.98	0	0
55	2	8.16383403901089E-5
55.02	5	2.04095850975272E-4
55.04	2	8.16383403901089E-5
55.06	0	0
55.08	7	2.85734191365381E-4
55.1	3	1.22457510585163E-4
55.12	1	4.08191701950544E-5
55.14	1	4.08191701950544E-5
55.16	-4	-1.63276680780218E-4
55.18	-5	-2.04095850975272E-4
55.2	1	4.08191701950544E-5
55.22	1	4.08191701950544E-5
55.24	-3	-1.22457510585163E-4
55.26	1	4.08191701950544E-5
55.28	-3	-1.22457510585163E-4
55.3	4	1.63276680780218E-4
55.32	4	1.63276680780218E-4
55.34	-2	-8.16383403901089E-5
55.36	2	8.16383403901089E-5
55.38	11	4.49010872145599E-4
55.4	14	5.71468382730762E-4
55.42	7	2.85734191365381E-4
55.44	2	8.16383403901089E-5
55.46	4	1.63276680780218E-4
55.48	12	4.89830042340653E-4
55.5	7	2.85734191365381E-4
55.52	-3	-1.22457510585163E-4
55.54	7	2.85734191365381E-4
55.56	4	1.63276680780218E-4
55.58	4	1.63276680780218E-4
55.6	9	3.6737253175549E-4
55.62	3	1.22457510585163E-4
55.64	4	1.63276680780218E-4
55.66	0	0
55.68	5	2.04095850975272E-4
55.7	6	2.44915021170327E-4
55.72	-2	-8.16383403901089E-5
55.74	-3	-1.22457510585163E-4
55.76	6	2.44915021170327E-4
55.78	7	2.85734191365381E-4
55.8	-4	-1.63276680780218E-4
55.82	-1	-4.08191701950544E-5
55.84	-1	-4.08191701950544E-5
55.86	3	1.22457510585163E-4
55.88	5	2.04095850975272E-4
55.9	2	8.16383403901089E-5
55.92	-4	-1.63276680780218E-4
55.94	2	8.16383403901089E-5
55.96	3	1.22457510585163E-4
55.98	-1	-4.08191701950544E-5
56	3	1.22457510585163E-4
56.02	7	2.85734191365381E-4
56.04	0	0
56.06	-3	-1.22457510585163E-4
56.08	3	1.22457510585163E-4
56.1	3	1.22457510585163E-4
56.12	10	4.08191701950544E-4
56.14	11	4.49010872145599E-4
56.16	11	4.49010872145599E-4
56.18	4	1.63276680780218E-4
56.2	1	4.08191701950544E-5
56.22	6	2.44915021170327E-4
56.24	0	0
56.26	2	8.16383403901089E-5
56.28	7	2.85734191365381E-4
56.3	6	2.44915021170327E-4
56.32	2	8.16383403901089E-5
56.34	2	8.16383403901089E-5
56.36	0	0
56.38	3	1.22457510585163E-4
56.4	0	0
56.42	10	4.08191701950544E-4
56.44	10	4.08191701950544E-4
56.46	5	2.04095850975272E-4
56.48	-2	-8.16383403901089E-5
56.5	0	0
56.52	0	0
56.54	3	1.22457510585163E-4
56.56	6	2.44915021170327E-4
56.58	6	2.44915021170327E-4
56.6	-1	-4.08191701950544E-5
56.62	-1	-4.08191701950544E-5
56.64	4	1.63276680780218E-4
56.66	7	2.85734191365381E-4
56.68	1	4.08191701950544E-5
56.7	-5	-2.04095850975272E-4
56.72	0	0
56.74	-4	-1.63276680780218E-4
56.76	5	2.04095850975272E-4
56.78	8	3.26553361560436E-4
56.8	5	2.04095850975272E-4
56.82	0	0
56.84	5	2.04095850975272E-4
56.86	4	1.63276680780218E-4
56.88	-2	-8.16383403901089E-5
56.9	-4	-1.63276680780218E-4
56.92	2	8.16383403901089E-5
56.94	-1	-4.08191701950544E-5
56.96	2	8.16383403901089E-5
56.98	-1	-4.08191701950544E-5
57	1	4.08191701950544E-5
57.02	9	3.6737253175549E-4
57.04	1	4.08191701950544E-5
57.06	-3	-1.22457510585163E-4
57.08	4	1.63276680780218E-4
57.1	8	3.26553361560436E-4
57.12	4	1.63276680780218E-4
57.14	10	4.08191701950544E-4
57.16	6	2.44915021170327E-4
57.18	3	1.22457510585163E-4
57.2	4	1.63276680780218E-4
57.22	8	3.26553361560436E-4
57.24	10	4.08191701950544E-4
57.26	8	3.26553361560436E-4
57.28	5	2.04095850975272E-4
57.3	4	1.63276680780218E-4
57.32	2	8.16383403901089E-5
57.34	-1	-4.08191701950544E-5
57.36	6	2.44915021170327E-4
57.38	11	4.49010872145599E-4
57.4	1	4.08191701950544E-5
57.42	-2	-8.16383403901089E-5
57.44	6	2.44915021170327E-4
57.46	4	1.63276680780218E-4
57.48	3	1.22457510585163E-4
57.5	3	1.22457510585163E-4
57.52	-1	-4.08191701950544E-5
57.54	1	4.08191701950544E-5
57.56	1	4.08191701950544E-5
57.58	3	1.22457510585163E-4
57.6	6	2.44915021170327E-4
57.62	-1	-4.08191701950544E-5
57.64	7	2.85734191365381E-4
57.66	2	8.16383403901089E-5
57.68	-2	-8.16383403901089E-5
57.7	4	1.63276680780218E-4
57.72	2	8.16383403901089E-5
57.74	2	8.16383403901089E-5
57.76	-1	-4.08191701950544E-5
57.78	-3	-1.22457510585163E-4
57.8	2	8.16383403901089E-5
57.82	-1	-4.08191701950544E-5
57.84	7	2.85734191365381E-4
57.86	8	3.26553361560436E-4
57.88	5	2.04095850975272E-4
57.9	0	0
57.92	5	2.04095850975272E-4
57.94	5	2.04095850975272E-4
57.96	2	8.16383403901089E-5
57.98	-2	-8.16383403901089E-5
58	5	2.04095850975272E-4
58.02	4	1.63276680780218E-4
58.04	6	2.44915021170327E-4
58.06	-1	-4.08191701950544E-5
58.08	4	1.63276680780218E-4
58.1	-1	-4.08191701950544E-5
58.12	2	8.16383403901089E-5
58.14	4	1.63276680780218E-4
58.16	2	8.16383403901089E-5
58.18	6	2.44915021170327E-4
58.2	2	8.16383403901089E-5
58.22	-3	-1.22457510585163E-4
58.24	4	1.63276680780218E-4
58.26	0	0
58.28	5	2.04095850975272E-4
58.3	1	4.08191701950544E-5
58.32	2	8.16383403901089E-5
58.34	11	4.49010872145599E-4
58.36	3	1.22457510585163E-4
58.38	1	4.08191701950544E-5
58.4	-2	-8.16383403901089E-5
58.42	5	2.04095850975272E-4
58.44	7	2.85734191365381E-4
58.46	3	1.22457510585163E-4
58.48	3	1.22457510585163E-4
58.5	-4	-1.63276680780218E-4
58.52	5	2.04095850975272E-4
58.54	0	0
58.56	7	2.85734191365381E-4
58.58	10	4.08191701950544E-4
58.6	6	2.44915021170327E-4
58.62	1	4.08191701950544E-5
58.64	8	3.26553361560436E-4
58.66	3	1.22457510585163E-4
58.68	-1	-4.08191701950544E-5
58.7	2	8.16383403901089E-5
58.72	11	4.49010872145599E-4
58.74	10	4.08191701950544E-4
58.76	7	2.85734191365381E-4
58.78	-6	-2.44915021170327E-4
58.8	6	2.44915021170327E-4
58.82	2	8.16383403901089E-5
58.84	2	8.16383403901089E-5
58.86	9	3.6737253175549E-4
58.88	2	8.16383403901089E-5
58.9	-2	-8.16383403901089E-5
58.92	1	4.08191701950544E-5
58.94	4	1.63276680780218E-4
58.96	-1	-4.08191701950544E-5
58.98	-1	-4.08191701950544E-5
59	4	1.63276680780218E-4
59.02	7	2.85734191365381E-4
59.04	-3	-1.22457510585163E-4
59.06	8	3.26553361560436E-4
59.08	6	2.44915021170327E-4
59.1	8	3.26553361560436E-4
59.12	3	1.22457510585163E-4
59.14	4	1.63276680780218E-4
59.16	4	1.63276680780218E-4
59.18	11	4.49010872145599E-4
59.2	1	4.08191701950544E-5
59.22	3	1.22457510585163E-4
59.24	-5	-2.04095850975272E-4
59.26	3	1.22457510585163E-4
59.28	6	2.44915021170327E-4
59.3	6	2.44915021170327E-4
59.32	1	4.08191701950544E-5
59.34	9	3.6737253175549E-4
59.36	5	2.04095850975272E-4
59.38	-6	-2.44915021170327E-4
59.4	-5	-2.04095850975272E-4
59.42	1	4.08191701950544E-5
59.44	5	2.04095850975272E-4
59.46	7	2.85734191365381E-4
59.48	3	1.22457510585163E-4
59.5	7	2.85734191365381E-4
59.52	10	4.08191701950544E-4
59.54	10	4.08191701950544E-4
59.56	4	1.63276680780218E-4
59.58	4	1.63276680780218E-4
59.6	-1	-4.08191701950544E-5
59.62	1	4.08191701950544E-5
59.64	3	1.22457510585163E-4
59.66	5	2.04095850975272E-4
59.68	6	2.44915021170327E-4
59.7	-7	-2.85734191365381E-4
59.72	-9	-3.6737253175549E-4
59.74	4	1.63276680780218E-4
59.76	-1	-4.08191701950544E-5
59.78	0	0
59.8	0	0
59.82	-1	-4.08191701950544E-5
59.84	4	1.63276680780218E-4
59.86	3	1.22457510585163E-4
59.88	3	1.22457510585163E-4
59.9	5	2.04095850975272E-4
59.92	6	2.44915021170327E-4
59.94	1	4.08191701950544E-5
59.96	3	1.22457510585163E-4
59.98	7	2.85734191365381E-4
60	9	3.6737253175549E-4
60.02	7	2.85734191365381E-4
60.04	5	2.04095850975272E-4
60.06	6	2.44915021170327E-4
60.08	-1	-4.08191701950544E-5
60.1	-2	-8.16383403901089E-5
60.12	4	1.63276680780218E-4
60.14	7	2.85734191365381E-4
60.16	4	1.63276680780218E-4
60.18	9	3.6737253175549E-4
60.2	3	1.22457510585163E-4
60.22	3	1.22457510585163E-4
60.24	2	8.16383403901089E-5
60.26	-3	-1.22457510585163E-4
60.28	1	4.08191701950544E-5
60.3	8	3.26553361560436E-4
60.32	9	3.6737253175549E-4
60.34	7	2.85734191365381E-4
60.36	0	0
60.38	2	8.16383403901089E-5
60.4	1	4.08191701950544E-5
60.42	4	1.63276680780218E-4
60.44	3	1.22457510585163E-4
60.46	3	1.22457510585163E-4
60.48	3	1.22457510585163E-4
60.5	3	1.22457510585163E-4
60.52	6	2.44915021170327E-4
60.54	9	3.6737253175549E-4
60.56	0	0
60.58	0	0
60.6	0	0
60.62	6	2.44915021170327E-4
60.64	12	4.89830042340653E-4
60.66	10	4.08191701950544E-4
60.68	14	5.71468382730762E-4
60.7	12	4.89830042340653E-4
60.72	15	6.12287552925816E-4
60.74	8	3.26553361560436E-4
60.76	5	2.04095850975272E-4
60.78	5	2.04095850975272E-4
60.8	-4	-1.63276680780218E-4
60.82	8	3.26553361560436E-4
60.84	7	2.85734191365381E-4
60.86	6	2.44915021170327E-4
60.88	3	1.22457510585163E-4
60.9	0	0
60.92	6	2.44915021170327E-4
60.94	1	4.08191701950544E-5
60.96	9	3.6737253175549E-4
60.98	5	2.04095850975272E-4
61	0	0
61.02	5	2.04095850975272E-4
61.04	1	4.08191701950544E-5
61.06	4	1.63276680780218E-4
61.08	6	2.44915021170327E-4
61.1	6	2.44915021170327E-4
61.12	-2	-8.16383403901089E-5
61.14	0	0
61.16	7	2.85734191365381E-4
61.18	-1	-4.08191701950544E-5
61.2	5	2.04095850975272E-4
61.22	0	0
61.24	3	1.22457510585163E-4
61.26	5	2.04095850975272E-4
61.28	4	1.63276680780218E-4
61.3	6	2.44915021170327E-4
61.32	9	3.6737253175549E-4
61.34	11	4.49010872145599E-4
61.36	6	2.44915021170327E-4
61.38	4	1.63276680780218E-4
61.4	2	8.16383403901089E-5
61.42	9	3.6737253175549E-4
61.44	6	2.44915021170327E-4
61.46	-2	-8.16383403901089E-5
61.48	-3	-1.22457510585163E-4
61.5	-4	-1.63276680780218E-4
61.52	-9	-3.6737253175549E-4
61.54	-2	-8.16383403901089E-5
61.56	1	4.08191701950544E-5
61.58	6	2.44915021170327E-4
61.6	9	3.6737253175549E-4
61.62	5	2.04095850975272E-4
61.64	4	1.63276680780218E-4
61.66	-2	-8.16383403901089E-5
61.68	4	1.63276680780218E-4
61.7	5	2.04095850975272E-4
61.72	1	4.08191701950544E-5
61.74	5	2.04095850975272E-4
61.76	1	4.08191701950544E-5
61.78	2	8.16383403901089E-5
61.8	11	4.49010872145599E-4
61.82	-7	-2.85734191365381E-4
61.84	0	0
61.86	7	2.85734191365381E-4
61.88	5	2.04095850975272E-4
61.9	-3	-1.22457510585163E-4
61.92	10	4.08191701950544E-4
61.94	15	6.12287552925816E-4
61.96	0	0
61.98	-3	-1.22457510585163E-4
62	-2	-8.16383403901089E-5
62.02	10	4.08191701950544E-4
62.04	6	2.44915021170327E-4
62.06	5	2.04095850975272E-4
62.08	7	2.85734191365381E-4
62.1	6	2.44915021170327E-4
62.12	0	0
62.14	-5	-2.04095850975272E-4
62.16	6	2.44915021170327E-4
62.18	10	4.08191701950544E-4
62.2	-4	-1.63276680780218E-4
62.22	2	8.16383403901089E-5
62.24	-4	-1.63276680780218E-4
62.26	-3	-1.22457510585163E-4
62.28	4	1.63276680780218E-4
62.3	6	2.44915021170327E-4
62.32	9	3.6737253175549E-4
62.34	12	4.89830042340653E-4
62.36	5	2.04095850975272E-4
62.38	5	2.04095850975272E-4
62.4	-4	-1.63276680780218E-4
62.42	0	0
62.44	5	2.04095850975272E-4
62.46	-3	-1.22457510585163E-4
62.48	7	2.85734191365381E-4
62.5	1	4.08191701950544E-5
62.52	2	8.16383403901089E-5
62.54	1	4.08191701950544E-5
62.56	0	0
62.58	4	1.63276680780218E-4
62.6	0	0
62.62	0	0
62.64	2	8.16383403901089E-5
62.66	-1	-4.08191701950544E-5
62.68	-2	-8.16383403901089E-5
62.7	-1	-4.08191701950544E-5
62.72	7	2.85734191365381E-4
62.74	3	1.22457510585163E-4
62.76	-5	-2.04095850975272E-4
62.78	0	0
62.8	3	1.22457510585163E-4
62.82	0	0
62.84	2	8.16383403901089E-5
62.86	6	2.44915021170327E-4
62.88	2	8.16383403901089E-5
62.9	5	2.04095850975272E-4
62.92	-4	-1.63276680780218E-4
62.94	1	4.08191701950544E-5
62.96	6	2.44915021170327E-4
62.98	1	4.08191701950544E-5
63	-4	-1.63276680780218E-4
63.02	8	3.26553361560436E-4
63.04	4	1.63276680780218E-4
63.06	-3	-1.22457510585163E-4
63.08	1	4.08191701950544E-5
63.1	9	3.6737253175549E-4
63.12	7	2.85734191365381E-4
63.14	5	2.04095850975272E-4
63.16	5	2.04095850975272E-4
63.18	1	4.08191701950544E-5
63.2	-1	-4.08191701950544E-5
63.22	3	1.22457510585163E-4
63.24	8	3.26553361560436E-4
63.26	9	3.6737253175549E-4
63.28	8	3.26553361560436E-4
63.3	12	4.89830042340653E-4
63.32	9	3.6737253175549E-4
63.34	3	1.22457510585163E-4
63.36	-1	-4.08191701950544E-5
63.38	0	0
63.4	4	1.63276680780218E-4
63.42	11	4.49010872145599E-4
63.44	9	3.6737253175549E-4
63.46	5	2.04095850975272E-4
63.48	-2	-8.16383403901089E-5
63.5	-1	-4.08191701950544E-5
63.52	0	0
63.54	4	1.63276680780218E-4
63.56	6	2.44915021170327E-4
63.58	14	5.71468382730762E-4
63.6	14	5.71468382730762E-4
63.62	6	2.44915021170327E-4
63.64	2	8.16383403901089E-5
63.66	4	1.63276680780218E-4
63.68	3	1.22457510585163E-4
63.7	-3	-1.22457510585163E-4
63.72	2	8.16383403901089E-5
63.74	-1	-4.08191701950544E-5
63.76	2	8.16383403901089E-5
63.78	5	2.04095850975272E-4
63.8	4	1.63276680780218E-4
63.82	3	1.22457510585163E-4
63.84	11	4.49010872145599E-4
63.86	7	2.85734191365381E-4
63.88	5	2.04095850975272E-4
63.9	7	2.85734191365381E-4
63.92	-1	-4.08191701950544E-5
63.94	4	1.63276680780218E-4
63.96	4	1.63276680780218E-4
63.98	9	3.6737253175549E-4
64	5	2.04095850975272E-4
64.02	-1	-4.08191701950544E-5
64.04	7	2.85734191365381E-4
64.06	4	1.63276680780218E-4
64.08	3	1.22457510585163E-4
64.1	8	3.26553361560436E-4
64.12	6	2.44915021170327E-4
64.14	5	2.04095850975272E-4
64.16	1	4.08191701950544E-5
64.18	6	2.44915021170327E-4
64.2	-1	-4.08191701950544E-5
64.22	3	1.22457510585163E-4
64.24	7	2.85734191365381E-4
64.26	0	0
64.28	0	0
64.3	6	2.44915021170327E-4
64.32	1	4.08191701950544E-5
64.34	5	2.04095850975272E-4
64.36	6	2.44915021170327E-4
64.38	3	1.22457510585163E-4
64.4	6	2.44915021170327E-4
64.42	9	3.6737253175549E-4
64.44	3	1.22457510585163E-4
64.46	4	1.63276680780218E-4
64.48	2	8.16383403901089E-5
64.5	-2	-8.16383403901089E-5
64.52	-2	-8.16383403901089E-5
64.54	-2	-8.16383403901089E-5
64.56	3	1.22457510585163E-4
64.58	10	4.08191701950544E-4
64.6	7	2.85734191365381E-4
64.62	5	2.04095850975272E-4
64.64	7	2.85734191365381E-4
64.66	6	2.44915021170327E-4
64.68	8	3.26553361560436E-4
64.7	6	2.44915021170327E-4
64.72	3	1.22457510585163E-4
64.74	3	1.22457510585163E-4
64.76	5	2.04095850975272E-4
64.78	2	8.16383403901089E-5
64.8	2	8.16383403901089E-5
64.82	7	2.85734191365381E-4
64.84	10	4.08191701950544E-4
64.86	1	4.08191701950544E-5
64.88	6	2.44915021170327E-4
64.9	7	2.85734191365381E-4
64.92	4	1.63276680780218E-4
64.94	2	8.16383403901089E-5
64.96	0	0
64.98	6	2.44915021170327E-4
65	8	3.26553361560436E-4
65.02	6	2.44915021170327E-4
65.04	2	8.16383403901089E-5
65.06	1	4.08191701950544E-5
65.08	5	2.04095850975272E-4
65.1	0	0
65.12	5	2.04095850975272E-4
65.14	9	3.6737253175549E-4
65.16	3	1.22457510585163E-4
65.18	8	3.26553361560436E-4
65.2	7	2.85734191365381E-4
65.22	12	4.89830042340653E-4
65.24	8	3.26553361560436E-4
65.26	2	8.16383403901089E-5
65.28	2	8.16383403901089E-5
65.3	7	2.85734191365381E-4
65.32	2	8.16383403901089E-5
65.34	8	3.26553361560436E-4
65.36	4	1.63276680780218E-4
65.38	2	8.16383403901089E-5
65.4	-2	-8.16383403901089E-5
65.42	5	2.04095850975272E-4
65.44	7	2.85734191365381E-4
65.46	5	2.04095850975272E-4
65.48	8	3.26553361560436E-4
65.5	-1	-4.08191701950544E-5
65.52	-1	-4.08191701950544E-5
65.54	2	8.16383403901089E-5
65.56	4	1.63276680780218E-4
65.58	1	4.08191701950544E-5
65.6	2	8.16383403901089E-5
65.62	5	2.04095850975272E-4
65.64	7	2.85734191365381E-4
65.66	2	8.16383403901089E-5
65.68	2	8.16383403901089E-5
65.7	1	4.08191701950544E-5
65.72	0	0
65.74	4	1.63276680780218E-4
65.76	8	3.26553361560436E-4
65.78	5	2.04095850975272E-4
65.8	5	2.04095850975272E-4
65.82	0	0
65.84	3	1.22457510585163E-4
65.86	4	1.63276680780218E-4
65.88	6	2.44915021170327E-4
65.9	14	5.71468382730762E-4
65.92	11	4.49010872145599E-4
65.94	2	8.16383403901089E-5
65.96	-5	-2.04095850975272E-4
65.98	-4	-1.63276680780218E-4
66	-1	-4.08191701950544E-5
66.02	9	3.6737253175549E-4
66.04	15	6.12287552925816E-4
66.06	2	8.16383403901089E-5
66.08	1	4.08191701950544E-5
66.1	0	0
66.12	-2	-8.16383403901089E-5
66.14	3	1.22457510585163E-4
66.16	5	2.04095850975272E-4
66.18	2	8.16383403901089E-5
66.2	1	4.08191701950544E-5
66.22	9	3.6737253175549E-4
66.24	3	1.22457510585163E-4
66.26	2	8.16383403901089E-5
66.28	6	2.44915021170327E-4
66.3	6	2.44915021170327E-4
66.32	4	1.63276680780218E-4
66.34	2	8.16383403901089E-5
66.36	7	2.85734191365381E-4
66.38	3	1.22457510585163E-4
66.4	5	2.04095850975272E-4
66.42	5	2.04095850975272E-4
66.44	-2	-8.16383403901089E-5
66.46	3	1.22457510585163E-4
66.48	0	0
66.5	4	1.63276680780218E-4
66.52	4	1.63276680780218E-4
66.54	2	8.16383403901089E-5
66.56	2	8.16383403901089E-5
66.58	7	2.85734191365381E-4
66.6	9	3.6737253175549E-4
66.62	8	3.26553361560436E-4
66.64	9	3.6737253175549E-4
66.66	9	3.6737253175549E-4
66.68	-1	-4.08191701950544E-5
66.7	0	0
66.72	3	1.22457510585163E-4
66.74	5	2.04095850975272E-4
66.76	-4	-1.63276680780218E-4
66.78	-1	-4.08191701950544E-5
66.8	2	8.16383403901089E-5
66.82	-2	-8.16383403901089E-5
66.84	10	4.08191701950544E-4
66.86	13	5.30649212535708E-4
66.88	1	4.08191701950544E-5
66.9	10	4.08191701950544E-4
66.92	3	1.22457510585163E-4
66.94	-1	-4.08191701950544E-5
66.96	0	0
66.98	10	4.08191701950544E-4
67	10	4.08191701950544E-4
67.02	8	3.26553361560436E-4
67.04	2	8.16383403901089E-5
67.06	3	1.22457510585163E-4
67.08	10	4.08191701950544E-4
67.1	6	2.44915021170327E-4
67.12	0	0
67.14	4	1.63276680780218E-4
67.16	7	2.85734191365381E-4
67.18	6	2.44915021170327E-4
67.2	5	2.04095850975272E-4
67.22	-2	-8.16383403901089E-5
67.24	4	1.63276680780218E-4
67.26	2	8.16383403901089E-5
67.28	-5	-2.04095850975272E-4
67.3	1	4.08191701950544E-5
67.32	12	4.89830042340653E-4
67.34	9	3.6737253175549E-4
67.36	3	1.22457510585163E-4
67.38	3	1.22457510585163E-4
67.4	6	2.44915021170327E-4
67.42	13	5.30649212535708E-4
67.44	5	2.04095850975272E-4
67.46	2	8.16383403901089E-5
67.48	4	1.63276680780218E-4
67.5	3	1.22457510585163E-4
67.52	8	3.26553361560436E-4
67.54	-6	-2.44915021170327E-4
67.56	7	2.85734191365381E-4
67.58	3	1.22457510585163E-4
67.6	2	8.16383403901089E-5
67.62	2	8.16383403901089E-5
67.64	0	0
67.66	3	1.22457510585163E-4
67.68	4	1.63276680780218E-4
67.7	6	2.44915021170327E-4
67.72	4	1.63276680780218E-4
67.74	-3	-1.22457510585163E-4
67.76	3	1.22457510585163E-4
67.78	-1	-4.08191701950544E-5
67.8	3	1.22457510585163E-4
67.82	9	3.6737253175549E-4
67.84	5	2.04095850975272E-4
67.86	8	3.26553361560436E-4
67.88	6	2.44915021170327E-4
67.9	-1	-4.08191701950544E-5
67.92	0	0
67.94	-3	-1.22457510585163E-4
67.96	-1	-4.08191701950544E-5
67.98	-4	-1.63276680780218E-4
68	6	2.44915021170327E-4
68.02	3	1.22457510585163E-4
68.04	1	4.08191701950544E-5
68.06	-2	-8.16383403901089E-5
68.08	4	1.63276680780218E-4
68.1	2	8.16383403901089E-5
68.12	7	2.85734191365381E-4
68.14	1	4.08191701950544E-5
68.16	0	0
68.18	6	2.44915021170327E-4
68.2	5	2.04095850975272E-4
68.22	8	3.26553361560436E-4
68.24	-1	-4.08191701950544E-5
68.26	0	0
68.28	2	8.16383403901089E-5
68.3	3	1.22457510585163E-4
68.32	-4	-1.63276680780218E-4
68.34	0	0
68.36	8	3.26553361560436E-4
68.38	1	4.08191701950544E-5
68.4	-2	-8.16383403901089E-5
68.42	0	0
68.44	2	8.16383403901089E-5
68.46	2	8.16383403901089E-5
68.48	4	1.63276680780218E-4
68.5	5	2.04095850975272E-4
68.52	1	4.08191701950544E-5
68.54	1	4.08191701950544E-5
68.56	0	0
68.58	4	1.63276680780218E-4
68.6	5	2.04095850975272E-4
68.62	9	3.6737253175549E-4
68.64	2	8.16383403901089E-5
68.66	4	1.63276680780218E-4
68.68	3	1.22457510585163E-4
68.7	7	2.85734191365381E-4
68.72	5	2.04095850975272E-4
68.74	-4	-1.63276680780218E-4
68.76	-2	-8.16383403901089E-5
68.78	3	1.22457510585163E-4
68.8	7	2.85734191365381E-4
68.82	1	4.08191701950544E-5
68.84	-1	-4.08191701950544E-5
68.86	2	8.16383403901089E-5
68.88	9	3.6737253175549E-4
68.9	5	2.04095850975272E-4
68.92	4	1.63276680780218E-4
68.94	1	4.08191701950544E-5
68.96	0	0
68.98	-2	-8.16383403901089E-5
69	7	2.85734191365381E-4
69.02	1	4.08191701950544E-5
69.04	3	1.22457510585163E-4
69.06	3	1.22457510585163E-4
69.08	5	2.04095850975272E-4
69.1	3	1.22457510585163E-4
69.12	2	8.16383403901089E-5
69.14	-3	-1.22457510585163E-4
69.16	-4	-1.63276680780218E-4
69.18	-5	-2.04095850975272E-4
69.2	-5	-2.04095850975272E-4
69.22	-1	-4.08191701950544E-5
69.24	4	1.63276680780218E-4
69.26	-9	-3.6737253175549E-4
69.28	3	1.22457510585163E-4
69.3	8	3.26553361560436E-4
69.32	3	1.22457510585163E-4
69.34	-3	-1.22457510585163E-4
69.36	-4	-1.63276680780218E-4
69.38	0	0
69.4	-1	-4.08191701950544E-5
69.42	3	1.22457510585163E-4
69.44	8	3.26553361560436E-4
69.46	4	1.63276680780218E-4
69.48	1	4.08191701950544E-5
69.5	6	2.44915021170327E-4
69.52	7	2.85734191365381E-4
69.54	0	0
69.56	7	2.85734191365381E-4
69.58	4	1.63276680780218E-4
69.6	4	1.63276680780218E-4
69.62	5	2.04095850975272E-4
69.64	6	2.44915021170327E-4
69.66	7	2.85734191365381E-4
69.68	5	2.04095850975272E-4
69.7	3	1.22457510585163E-4
69.72	-1	-4.08191701950544E-5
69.74	-1	-4.08191701950544E-5
69.76	1	4.08191701950544E-5
69.78	4	1.63276680780218E-4
69.8	1	4.08191701950544E-5
69.82	6	2.44915021170327E-4
69.84	10	4.08191701950544E-4
69.86	2	8.16383403901089E-5
69.88	1	4.08191701950544E-5
69.9	1	4.08191701950544E-5
69.92	0	0
69.94	3	1.22457510585163E-4
69.96	5	2.04095850975272E-4
69.98	3	1.22457510585163E-4
70	0	0
70.02	6	2.44915021170327E-4
70.04	5	2.04095850975272E-4
70.06	2	8.16383403901089E-5
70.08	3	1.22457510585163E-4
70.1	3	1.22457510585163E-4
70.12	5	2.04095850975272E-4
70.14	3	1.22457510585163E-4
70.16	10	4.08191701950544E-4
70.18	4	1.63276680780218E-4
70.2	-3	-1.22457510585163E-4
70.22	5	2.04095850975272E-4
70.24	6	2.44915021170327E-4
70.26	16	6.53106723120871E-4
70.28	-4	-1.63276680780218E-4
70.3	2	8.16383403901089E-5
70.32	2	8.16383403901089E-5
70.34	1	4.08191701950544E-5
70.36	-2	-8.16383403901089E-5
70.38	3	1.22457510585163E-4
70.4	-1	-4.08191701950544E-5
70.42	1	4.08191701950544E-5
70.44	10	4.08191701950544E-4
70.46	7	2.85734191365381E-4
70.48	5	2.04095850975272E-4
70.5	0	0
70.52	6	2.44915021170327E-4
70.54	7	2.85734191365381E-4
70.56	1	4.08191701950544E-5
70.58	-1	-4.08191701950544E-5
70.6	-1	-4.08191701950544E-5
70.62	5	2.04095850975272E-4
70.64	0	0
70.66	2	8.16383403901089E-5
70.68	-3	-1.22457510585163E-4
70.7	0	0
70.72	7	2.85734191365381E-4
70.74	2	8.16383403901089E-5
70.76	6	2.44915021170327E-4
70.78	1	4.08191701950544E-5
70.8	2	8.16383403901089E-5
70.82	12	4.89830042340653E-4
70.84	0	0
70.86	-10	-4.08191701950544E-4
70.88	-3	-1.22457510585163E-4
70.9	-5	-2.04095850975272E-4
70.92	3	1.22457510585163E-4
70.94	11	4.49010872145599E-4
70.96	7	2.85734191365381E-4
70.98	-3	-1.22457510585163E-4
71	1	4.08191701950544E-5
71.02	2	8.16383403901089E-5
71.04	2	8.16383403901089E-5
71.06	0	0
71.08	2	8.16383403901089E-5
71.1	3	1.22457510585163E-4
71.12	2	8.16383403901089E-5
71.14	4	1.63276680780218E-4
71.16	9	3.6737253175549E-4
71.18	6	2.44915021170327E-4
71.2	7	2.85734191365381E-4
71.22	1	4.08191701950544E-5
71.24	6	2.44915021170327E-4
71.26	-1	-4.08191701950544E-5
71.28	2	8.16383403901089E-5
71.3	-1	-4.08191701950544E-5
71.32	0	0
71.34	0	0
71.36	1	4.08191701950544E-5
71.38	8	3.26553361560436E-4
71.4	1	4.08191701950544E-5
71.42	7	2.85734191365381E-4
71.44	8	3.26553361560436E-4
71.46	5	2.04095850975272E-4
71.48	4	1.63276680780218E-4
71.5	0	0
71.52	3	1.22457510585163E-4
71.54	7	2.85734191365381E-4
71.56	2	8.16383403901089E-5
71.58	3	1.22457510585163E-4
71.6	0	0
71.62	6	2.44915021170327E-4
71.64	-3	-1.22457510585163E-4
71.66	7	2.85734191365381E-4
71.68	3	1.22457510585163E-4
71.7	-1	-4.08191701950544E-5
71.72	-2	-8.16383403901089E-5
71.74	0	0
71.76	5	2.04095850975272E-4
71.78	4	1.63276680780218E-4
71.8	5	2.04095850975272E-4
71.82	6	2.44915021170327E-4
71.84	10	4.08191701950544E-4
71.86	8	3.26553361560436E-4
71.88	1	4.08191701950544E-5
71.9	-1	-4.08191701950544E-5
71.92	1	4.08191701950544E-5
71.94	2	8.16383403901089E-5
71.96	3	1.22457510585163E-4
71.98	6	2.44915021170327E-4
72	6	2.44915021170327E-4
72.02	3	1.22457510585163E-4
72.04	12	4.89830042340653E-4
72.06	9	3.6737253175549E-4
72.08	3	1.22457510585163E-4
72.1	-6	-2.44915021170327E-4
72.12	-4	-1.63276680780218E-4
72.14	0	0
72.16	5	2.04095850975272E-4
72.18	8	3.26553361560436E-4
72.2	7	2.85734191365381E-4
72.22	0	0
72.24	6	2.44915021170327E-4
72.26	6	2.44915021170327E-4
72.28	4	1.63276680780218E-4
72.3	9	3.6737253175549E-4
72.32	7	2.85734191365381E-4
72.34	-3	-1.22457510585163E-4
72.36	1	4.08191701950544E-5
72.38	3	1.22457510585163E-4
72.4	7	2.85734191365381E-4
72.42	7	2.85734191365381E-4
72.44	2	8.16383403901089E-5
72.46	1	4.08191701950544E-5
72.48	1	4.08191701950544E-5
72.5	5	2.04095850975272E-4
72.52	10	4.08191701950544E-4
72.54	9	3.6737253175549E-4
72.56	2	8.16383403901089E-5
72.58	5	2.04095850975272E-4
72.6	4	1.63276680780218E-4
72.62	2	8.16383403901089E-5
72.64	3	1.22457510585163E-4
72.66	1	4.08191701950544E-5
72.68	6	2.44915021170327E-4
72.7	2	8.16383403901089E-5
72.72	0	0
72.74	3	1.22457510585163E-4
72.76	1	4.08191701950544E-5
72.78	-1	-4.08191701950544E-5
72.8	1	4.08191701950544E-5
72.82	-3	-1.22457510585163E-4
72.84	-4	-1.63276680780218E-4
72.86	4	1.63276680780218E-4
72.88	-2	-8.16383403901089E-5
72.9	6	2.44915021170327E-4
72.92	8	3.26553361560436E-4
72.94	-1	-4.08191701950544E-5
72.96	1	4.08191701950544E-5
72.98	6	2.44915021170327E-4
73	3	1.22457510585163E-4
73.02	2	8.16383403901089E-5
73.04	10	4.08191701950544E-4
73.06	5	2.04095850975272E-4
73.08	0	0
73.1	10	4.08191701950544E-4
73.12	3	1.22457510585163E-4
73.14	3	1.22457510585163E-4
73.16	8	3.26553361560436E-4
73.18	0	0
73.2	6	2.44915021170327E-4
73.22	7	2.85734191365381E-4
73.24	5	2.04095850975272E-4
73.26	5	2.04095850975272E-4
73.28	3	1.22457510585163E-4
73.3	4	1.63276680780218E-4
73.32	6	2.44915021170327E-4
73.34	12	4.89830042340653E-4
73.36	9	3.6737253175549E-4
73.38	9	3.6737253175549E-4
73.4	-2	-8.16383403901089E-5
73.42	-4	-1.63276680780218E-4
73.44	7	2.85734191365381E-4
73.46	-6	-2.44915021170327E-4
73.48	-7	-2.85734191365381E-4
73.5	3	1.22457510585163E-4
73.52	7	2.85734191365381E-4
73.54	0	0
73.56	2	8.16383403901089E-5
73.58	1	4.08191701950544E-5
73.6	4	1.63276680780218E-4
73.62	2	8.16383403901089E-5
73.64	9	3.6737253175549E-4
73.66	4	1.63276680780218E-4
73.68	-3	-1.22457510585163E-4
73.7	1	4.08191701950544E-5
73.72	5	2.04095850975272E-4
73.74	0	0
73.76	11	4.49010872145599E-4
73.78	5	2.04095850975272E-4
73.8	4	1.63276680780218E-4
73.82	2	8.16383403901089E-5
73.84	3	1.22457510585163E-4
73.86	2	8.16383403901089E-5
73.88	2	8.16383403901089E-5
73.9	8	3.26553361560436E-4
73.92	6	2.44915021170327E-4
73.94	6	2.44915021170327E-4
73.96	4	1.63276680780218E-4
73.98	2	8.16383403901089E-5
74	-2	-8.16383403901089E-5
74.02	-3	-1.22457510585163E-4
74.04	0	0
74.06	2	8.16383403901089E-5
74.08	1	4.08191701950544E-5
74.1	4	1.63276680780218E-4
74.12	9	3.6737253175549E-4
74.14	8	3.26553361560436E-4
74.16	14	5.71468382730762E-4
74.18	6	2.44915021170327E-4
74.2	3	1.22457510585163E-4
74.22	1	4.08191701950544E-5
74.24	7	2.85734191365381E-4
74.26	10	4.08191701950544E-4
74.28	3	1.22457510585163E-4
74.3	2	8.16383403901089E-5
74.32	0	0
74.34	-1	-4.08191701950544E-5
74.36	2	8.16383403901089E-5
74.38	3	1.22457510585163E-4
74.4	2	8.16383403901089E-5
74.42	11	4.49010872145599E-4
74.44	4	1.63276680780218E-4
74.46	-2	-8.16383403901089E-5
74.48	5	2.04095850975272E-4
74.5	3	1.22457510585163E-4
74.52	-2	-8.16383403901089E-5
74.54	3	1.22457510585163E-4
74.56	6	2.44915021170327E-4
74.58	8	3.26553361560436E-4
74.6	3	1.22457510585163E-4
74.62	1	4.08191701950544E-5
74.64	2	8.16383403901089E-5
74.66	9	3.6737253175549E-4
74.68	2	8.16383403901089E-5
74.7	0	0
74.72	2	8.16383403901089E-5
74.74	-5	-2.04095850975272E-4
74.76	4	1.63276680780218E-4
74.78	3	1.22457510585163E-4
74.8	5	2.04095850975272E-4
74.82	3	1.22457510585163E-4
74.84	0	0
74.86	2	8.16383403901089E-5
74.88	0	0
74.9	2	8.16383403901089E-5
74.92	1	4.08191701950544E-5
74.94	4	1.63276680780218E-4
74.96	5	2.04095850975272E-4
74.98	1	4.08191701950544E-5
