Counter Settings:
Falling Edge
Disc Threshold [V]	-0.301514
Dwell time [s]	2.000000E-8
Number of channels	3750
Number of Scans	50000

D2
v 0
J 4
29.0V 3.30A
Au 788C
Knnew  C
Kn  e-2mbar (base 1.5e-2)
x=35mm y=35.5mm z=512mm
D2/RGA 7.5e-10 torr (base 8e-11)
500: 9.7e-9 mbar
100: 1.5e-9 mbar
FFR heater 4.0A 1.53V
extra heater 3.0A 0.5V
Extractor: -30V
Lens: -1200V
MCP: -2100V
Laser Position	201.680636

Laser Power [mJ]	0.718796
Time [µs]	Counts
0	78355
0.02	18536
0.04	278
0.06	147
0.08	150
0.1	84
0.12	37
0.14	33
0.16	24
0.18	33
0.2	41
0.22	55
0.24	68
0.26	93
0.28	95
0.3	116
0.32	110
0.34	96
0.36	111
0.38	147
0.4	160
0.42	134
0.44	148
0.46	114
0.48	107
0.5	81
0.52	82
0.54	69
0.56	61
0.58	54
0.6	82
0.62	115
0.64	114
0.66	109
0.68	117
0.7	124
0.72	131
0.74	164
0.76	210
0.78	236
0.8	253
0.82	262
0.84	276
0.86	338
0.88	374
0.9	346
0.92	397
0.94	476
0.96	589
0.98	664
1	723
1.02	776
1.04	929
1.06	1099
1.08	1070
1.1	821
1.12	734
1.14	554
1.16	421
1.18	353
1.2	328
1.22	299
1.24	281
1.26	276
1.28	267
1.3	214
1.32	220
1.34	230
1.36	209
1.38	183
1.4	201
1.42	200
1.44	188
1.46	162
1.48	139
1.5	105
1.52	118
1.54	99
1.56	85
1.58	68
1.6	63
1.62	66
1.64	67
1.66	56
1.68	51
1.7	34
1.72	73
1.74	72
1.76	56
1.78	61
1.8	49
1.82	44
1.84	48
1.86	38
1.88	43
1.9	43
1.92	58
1.94	65
1.96	39
1.98	59
2	61
2.02	55
2.04	75
2.06	60
2.08	65
2.1	69
2.12	57
2.14	69
2.16	62
2.18	55
2.2	54
2.22	54
2.24	52
2.26	52
2.28	53
2.3	65
2.32	55
2.34	42
2.36	31
2.38	32
2.4	46
2.42	55
2.44	48
2.46	40
2.48	38
2.5	38
2.52	31
2.54	38
2.56	35
2.58	32
2.6	52
2.62	38
2.64	36
2.66	38
2.68	36
2.7	37
2.72	28
2.74	39
2.76	41
2.78	23
2.8	31
2.82	24
2.84	31
2.86	28
2.88	29
2.9	38
2.92	39
2.94	25
2.96	28
2.98	33
3	29
3.02	19
3.04	35
3.06	36
3.08	39
3.1	27
3.12	22
3.14	23
3.16	37
3.18	48
3.2	45
3.22	45
3.24	30
3.26	31
3.28	40
3.3	37
3.32	26
3.34	29
3.36	25
3.38	27
3.4	37
3.42	31
3.44	34
3.46	52
3.48	32
3.5	29
3.52	36
3.54	22
3.56	44
3.58	40
3.6	45
3.62	30
3.64	51
3.66	43
3.68	33
3.7	26
3.72	35
3.74	35
3.76	42
3.78	36
3.8	31
3.82	34
3.84	28
3.86	30
3.88	27
3.9	28
3.92	50
3.94	43
3.96	45
3.98	43
4	42
4.02	36
4.04	33
4.06	24
4.08	36
4.1	33
4.12	39
4.14	43
4.16	40
4.18	35
4.2	44
4.22	44
4.24	44
4.26	38
4.28	46
4.3	47
4.32	37
4.34	35
4.36	31
4.38	30
4.4	32
4.42	46
4.44	57
4.46	52
4.48	43
4.5	25
4.52	41
4.54	45
4.56	43
4.58	39
4.6	47
4.62	44
4.64	44
4.66	39
4.68	40
4.7	46
4.72	44
4.74	41
4.76	29
4.78	26
4.8	37
4.82	53
4.84	49
4.86	43
4.88	40
4.9	39
4.92	44
4.94	39
4.96	29
4.98	42
5	44
5.02	43
5.04	50
5.06	50
5.08	47
5.1	44
5.12	39
5.14	46
5.16	50
5.18	42
5.2	47
5.22	61
5.24	41
5.26	42
5.28	45
5.3	53
5.32	56
5.34	56
5.36	53
5.38	39
5.4	43
5.42	63
5.44	62
5.46	48
5.48	48
5.5	49
5.52	70
5.54	63
5.56	50
5.58	53
5.6	47
5.62	45
5.64	66
5.66	69
5.68	66
5.7	58
5.72	63
5.74	60
5.76	70
5.78	56
5.8	61
5.82	62
5.84	47
5.86	52
5.88	59
5.9	56
5.92	48
5.94	56
5.96	75
5.98	64
6	46
6.02	42
6.04	50
6.06	40
6.08	41
6.1	37
6.12	45
6.14	47
6.16	53
6.18	65
6.2	45
6.22	40
6.24	49
6.26	62
6.28	68
6.3	52
6.32	48
6.34	53
6.36	58
6.38	59
6.4	77
6.42	50
6.44	44
6.46	59
6.48	73
6.5	70
6.52	79
6.54	85
6.56	68
6.58	44
6.6	68
6.62	90
6.64	81
6.66	62
6.68	62
6.7	47
6.72	59
6.74	78
6.76	75
6.78	59
6.8	71
6.82	67
6.84	76
6.86	93
6.88	84
6.9	65
6.92	75
6.94	72
6.96	74
6.98	83
7	72
7.02	51
7.04	53
7.06	54
7.08	57
7.1	65
7.12	72
7.14	72
7.16	92
7.18	93
7.2	78
7.22	77
7.24	85
7.26	75
7.28	73
7.3	85
7.32	74
7.34	62
7.36	49
7.38	65
7.4	62
7.42	80
7.44	63
7.46	57
7.48	77
7.5	72
7.52	77
7.54	79
7.56	82
7.58	70
7.6	53
7.62	51
7.64	67
7.66	65
7.68	72
7.7	78
7.72	95
7.74	80
7.76	64
7.78	61
7.8	63
7.82	58
7.84	79
7.86	79
7.88	85
7.9	59
7.92	76
7.94	64
7.96	54
7.98	51
8	48
8.02	53
8.04	61
8.06	66
8.08	76
8.1	64
8.12	53
8.14	64
8.16	76
8.18	63
8.2	71
8.22	59
8.24	68
8.26	57
8.28	45
8.3	53
8.32	58
8.34	55
8.36	59
8.38	61
8.4	54
8.42	72
8.44	68
8.46	62
8.48	51
8.5	66
8.52	62
8.54	45
8.56	43
8.58	51
8.6	49
8.62	56
8.64	59
8.66	67
8.68	65
8.7	63
8.72	59
8.74	71
8.76	52
8.78	52
8.8	79
8.82	64
8.84	59
8.86	52
8.88	63
8.9	54
8.92	56
8.94	56
8.96	57
8.98	55
9	63
9.02	72
9.04	58
9.06	55
9.08	62
9.1	60
9.12	46
9.14	42
9.16	49
9.18	40
9.2	51
9.22	55
9.24	53
9.26	56
9.28	64
9.3	55
9.32	54
9.34	43
9.36	52
9.38	50
9.4	59
9.42	61
9.44	40
9.46	40
9.48	45
9.5	42
9.52	38
9.54	50
9.56	43
9.58	65
9.6	53
9.62	58
9.64	53
9.66	44
9.68	41
9.7	41
9.72	51
9.74	58
9.76	43
9.78	41
9.8	44
9.82	39
9.84	39
9.86	36
9.88	34
9.9	44
9.92	40
9.94	38
9.96	39
9.98	49
10	47
10.02	34
10.04	38
10.06	47
10.08	43
10.1	38
10.12	40
10.14	50
10.16	46
10.18	43
10.2	32
10.22	35
10.24	44
10.26	46
10.28	46
10.3	43
10.32	48
10.34	47
10.36	36
10.38	40
10.4	36
10.42	38
10.44	44
10.46	34
10.48	32
10.5	34
10.52	44
10.54	39
10.56	48
10.58	44
10.6	45
10.62	34
10.64	37
10.66	36
10.68	55
10.7	60
10.72	35
10.74	32
10.76	34
10.78	40
10.8	36
10.82	40
10.84	39
10.86	25
10.88	24
10.9	32
10.92	27
10.94	24
10.96	31
10.98	40
11	31
11.02	31
11.04	32
11.06	22
11.08	25
11.1	32
11.12	44
11.14	46
11.16	39
11.18	32
11.2	44
11.22	38
11.24	28
11.26	26
11.28	31
11.3	41
11.32	41
11.34	22
11.36	27
11.38	32
11.4	39
11.42	36
11.44	40
11.46	46
11.48	44
11.5	42
11.52	47
11.54	35
11.56	37
11.58	27
11.6	26
11.62	20
11.64	37
11.66	40
11.68	35
11.7	28
11.72	30
11.74	24
11.76	37
11.78	48
11.8	35
11.82	25
11.84	40
11.86	34
11.88	43
11.9	40
11.92	44
11.94	30
11.96	42
11.98	40
12	40
12.02	37
12.04	41
12.06	45
12.08	39
12.1	29
12.12	22
12.14	30
12.16	28
12.18	28
12.2	39
12.22	28
12.24	30
12.26	30
12.28	37
12.3	37
12.32	28
12.34	32
12.36	41
12.38	28
12.4	36
12.42	34
12.44	24
12.46	27
12.48	33
12.5	23
12.52	21
12.54	37
12.56	32
12.58	37
12.6	28
12.62	48
12.64	37
12.66	36
12.68	53
12.7	34
12.72	35
12.74	33
12.76	41
12.78	41
12.8	42
12.82	45
12.84	29
12.86	26
12.88	30
12.9	38
12.92	39
12.94	30
12.96	34
12.98	41
13	33
13.02	32
13.04	25
13.06	39
13.08	47
13.1	34
13.12	49
13.14	35
13.16	41
13.18	50
13.2	42
13.22	40
13.24	47
13.26	38
13.28	35
13.3	46
13.32	37
13.34	52
13.36	45
13.38	40
13.4	37
13.42	32
13.44	33
13.46	30
13.48	31
13.5	29
13.52	41
13.54	44
13.56	34
13.58	37
13.6	34
13.62	32
13.64	26
13.66	34
13.68	39
13.7	32
13.72	36
13.74	39
13.76	32
13.78	28
13.8	41
13.82	46
13.84	34
13.86	34
13.88	39
13.9	31
13.92	35
13.94	36
13.96	51
13.98	42
14	40
14.02	24
14.04	44
14.06	46
14.08	30
14.1	36
14.12	40
14.14	25
14.16	40
14.18	47
14.2	44
14.22	46
14.24	46
14.26	45
14.28	41
14.3	38
14.32	43
14.34	48
14.36	41
14.38	28
14.4	33
14.42	36
14.44	32
14.46	28
14.48	27
14.5	40
14.52	40
14.54	35
14.56	33
14.58	48
14.6	38
14.62	39
14.64	37
14.66	32
14.68	43
14.7	40
14.72	41
14.74	38
14.76	50
14.78	33
14.8	32
14.82	32
14.84	37
14.86	41
14.88	45
14.9	46
14.92	31
14.94	31
14.96	27
14.98	34
15	42
15.02	34
15.04	34
15.06	27
15.08	41
15.1	37
15.12	39
15.14	32
15.16	31
15.18	28
15.2	33
15.22	28
15.24	27
15.26	27
15.28	37
15.3	31
15.32	31
15.34	40
15.36	47
15.38	50
15.4	40
15.42	41
15.44	34
15.46	37
15.48	39
15.5	31
15.52	47
15.54	39
15.56	39
15.58	43
15.6	39
15.62	29
15.64	37
15.66	32
15.68	31
15.7	34
15.72	33
15.74	30
15.76	34
15.78	36
15.8	33
15.82	40
15.84	44
15.86	36
15.88	39
15.9	37
15.92	29
15.94	33
15.96	27
15.98	28
16	30
16.02	42
16.04	47
16.06	38
16.08	32
16.1	34
16.12	42
16.14	35
16.16	42
16.18	43
16.2	49
16.22	42
16.24	33
16.26	41
16.28	35
16.3	43
16.32	41
16.34	36
16.36	23
16.38	21
16.4	44
16.42	32
16.44	34
16.46	37
16.48	43
16.5	52
16.52	29
16.54	19
16.56	35
16.58	39
16.6	32
16.62	32
16.64	29
16.66	34
16.68	45
16.7	45
16.72	40
16.74	45
16.76	50
16.78	48
16.8	47
16.82	35
16.84	48
16.86	47
16.88	37
16.9	37
16.92	31
16.94	28
16.96	22
16.98	32
17	27
17.02	40
17.04	33
17.06	29
17.08	37
17.1	36
17.12	36
17.14	38
17.16	25
17.18	25
17.2	26
17.22	31
17.24	34
17.26	33
17.28	34
17.3	27
17.32	28
17.34	38
17.36	48
17.38	30
17.4	33
17.42	34
17.44	38
17.46	36
17.48	30
17.5	42
17.52	40
17.54	32
17.56	35
17.58	33
17.6	28
17.62	34
17.64	35
17.66	36
17.68	36
17.7	33
17.72	42
17.74	46
17.76	41
17.78	34
17.8	41
17.82	47
17.84	29
17.86	27
17.88	42
17.9	35
17.92	36
17.94	48
17.96	42
17.98	29
18	24
18.02	34
18.04	37
18.06	29
18.08	33
18.1	49
18.12	25
18.14	30
18.16	30
18.18	24
18.2	32
18.22	28
18.24	47
18.26	36
18.28	32
18.3	30
18.32	43
18.34	34
18.36	31
18.38	34
18.4	38
18.42	37
18.44	39
18.46	43
18.48	34
18.5	34
18.52	38
18.54	33
18.56	32
18.58	36
18.6	30
18.62	41
18.64	33
18.66	32
18.68	40
18.7	46
18.72	36
18.74	36
18.76	33
18.78	32
18.8	32
18.82	47
18.84	45
18.86	32
18.88	47
18.9	35
18.92	35
18.94	39
18.96	21
18.98	33
19	38
19.02	48
19.04	45
19.06	43
19.08	35
19.1	36
19.12	47
19.14	44
19.16	43
19.18	37
19.2	42
19.22	38
19.24	42
19.26	34
19.28	43
19.3	32
19.32	32
19.34	59
19.36	48
19.38	44
19.4	39
19.42	32
19.44	49
19.46	56
19.48	41
19.5	34
19.52	56
19.54	29
19.56	44
19.58	31
19.6	29
19.62	46
19.64	42
19.66	36
19.68	36
19.7	53
19.72	32
19.74	38
19.76	24
19.78	37
19.8	36
19.82	28
19.84	34
19.86	44
19.88	38
19.9	35
19.92	33
19.94	37
19.96	42
19.98	38
20	52
20.02	50
20.04	42
20.06	39
20.08	45
20.1	38
20.12	33
20.14	38
20.16	54
20.18	30
20.2	43
20.22	47
20.24	54
20.26	52
20.28	32
20.3	43
20.32	38
20.34	33
20.36	44
20.38	48
20.4	43
20.42	41
20.44	51
20.46	39
20.48	40
20.5	46
20.52	51
20.54	34
20.56	31
20.58	49
20.6	32
20.62	32
20.64	33
20.66	46
20.68	35
20.7	44
20.72	50
20.74	37
20.76	36
20.78	40
20.8	32
20.82	37
20.84	43
20.86	52
20.88	31
20.9	21
20.92	39
20.94	37
20.96	48
20.98	35
21	38
21.02	49
21.04	42
21.06	36
21.08	34
21.1	33
21.12	37
21.14	27
21.16	41
21.18	40
21.2	40
21.22	30
21.24	41
21.26	43
21.28	46
21.3	42
21.32	40
21.34	40
21.36	34
21.38	39
21.4	42
21.42	40
21.44	44
21.46	48
21.48	41
21.5	46
21.52	38
21.54	35
21.56	37
21.58	39
21.6	45
21.62	33
21.64	53
21.66	48
21.68	34
21.7	31
21.72	39
21.74	40
21.76	41
21.78	50
21.8	56
21.82	37
21.84	38
21.86	30
21.88	42
21.9	41
21.92	33
21.94	33
21.96	41
21.98	49
22	38
22.02	31
22.04	35
22.06	32
22.08	31
22.1	30
22.12	45
22.14	38
22.16	31
22.18	33
22.2	46
22.22	46
22.24	47
22.26	45
22.28	31
22.3	34
22.32	46
22.34	55
22.36	50
22.38	35
22.4	42
22.42	48
22.44	42
22.46	47
22.48	42
22.5	48
22.52	39
22.54	32
22.56	44
22.58	51
22.6	44
22.62	33
22.64	37
22.66	32
22.68	33
22.7	30
22.72	35
22.74	26
22.76	44
22.78	40
22.8	36
22.82	56
22.84	46
22.86	48
22.88	48
22.9	51
22.92	48
22.94	48
22.96	44
22.98	46
23	42
23.02	35
23.04	43
23.06	46
23.08	41
23.1	43
23.12	55
23.14	48
23.16	43
23.18	40
23.2	52
23.22	36
23.24	28
23.26	38
23.28	30
23.3	30
23.32	42
23.34	37
23.36	46
23.38	46
23.4	35
23.42	53
23.44	45
23.46	36
23.48	43
23.5	47
23.52	37
23.54	40
23.56	48
23.58	50
23.6	47
23.62	43
23.64	48
23.66	29
23.68	31
23.7	46
23.72	41
23.74	39
23.76	39
23.78	39
23.8	60
23.82	45
23.84	32
23.86	36
23.88	42
23.9	33
23.92	47
23.94	43
23.96	36
23.98	41
24	43
24.02	38
24.04	37
24.06	47
24.08	44
24.1	50
24.12	44
24.14	56
24.16	50
24.18	49
24.2	49
24.22	53
24.24	40
24.26	36
24.28	37
24.3	34
24.32	33
24.34	51
24.36	36
24.38	38
24.4	43
24.42	48
24.44	35
24.46	38
24.48	42
24.5	40
24.52	47
24.54	46
24.56	29
24.58	34
24.6	37
24.62	30
24.64	31
24.66	43
24.68	59
24.7	47
24.72	51
24.74	38
24.76	40
24.78	46
24.8	40
24.82	41
24.84	43
24.86	50
24.88	33
24.9	41
24.92	46
24.94	53
24.96	42
24.98	45
25	38
25.02	39
25.04	44
25.06	59
25.08	40
25.1	47
25.12	36
25.14	43
25.16	51
25.18	47
25.2	57
25.22	57
25.24	44
25.26	41
25.28	42
25.3	49
25.32	43
25.34	46
25.36	43
25.38	39
25.4	33
25.42	40
25.44	44
25.46	45
25.48	48
25.5	53
25.52	34
25.54	45
25.56	40
25.58	31
25.6	44
25.62	46
25.64	35
25.66	37
25.68	54
25.7	48
25.72	45
25.74	37
25.76	42
25.78	52
25.8	48
25.82	74
25.84	44
25.86	41
25.88	50
25.9	48
25.92	36
25.94	36
25.96	34
25.98	31
26	35
26.02	45
26.04	38
26.06	41
26.08	39
26.1	48
26.12	42
26.14	52
26.16	37
26.18	47
26.2	39
26.22	44
26.24	48
26.26	50
26.28	46
26.3	44
26.32	38
26.34	30
26.36	46
26.38	35
26.4	32
26.42	54
26.44	59
26.46	45
26.48	45
26.5	79
26.52	64
26.54	40
26.56	57
26.58	50
26.6	44
26.62	42
26.64	48
26.66	31
26.68	38
26.7	50
26.72	51
26.74	39
26.76	52
26.78	42
26.8	29
26.82	29
26.84	34
26.86	42
26.88	51
26.9	48
26.92	51
26.94	40
26.96	53
26.98	55
27	53
27.02	42
27.04	37
27.06	41
27.08	32
27.1	41
27.12	42
27.14	40
27.16	44
27.18	46
27.2	64
27.22	57
27.24	49
27.26	58
27.28	44
27.3	55
27.32	48
27.34	39
27.36	39
27.38	42
27.4	46
27.42	41
27.44	45
27.46	42
27.48	42
27.5	43
27.52	45
27.54	65
27.56	53
27.58	51
27.6	56
27.62	41
27.64	56
27.66	55
27.68	44
27.7	55
27.72	51
27.74	36
27.76	53
27.78	47
27.8	58
27.82	50
27.84	40
27.86	56
27.88	38
27.9	38
27.92	36
27.94	56
27.96	60
27.98	49
28	45
28.02	50
28.04	50
28.06	44
28.08	41
28.1	32
28.12	32
28.14	46
28.16	41
28.18	54
28.2	63
28.22	54
28.24	41
28.26	38
28.28	53
28.3	57
28.32	57
28.34	33
28.36	55
28.38	55
28.4	52
28.42	46
28.44	47
28.46	55
28.48	49
28.5	47
28.52	56
28.54	43
28.56	43
28.58	50
28.6	51
28.62	31
28.64	33
28.66	48
28.68	51
28.7	45
28.72	52
28.74	51
28.76	43
28.78	62
28.8	54
28.82	39
28.84	49
28.86	43
28.88	51
28.9	32
28.92	45
28.94	46
28.96	47
28.98	42
29	49
29.02	41
29.04	38
29.06	43
29.08	47
29.1	43
29.12	49
29.14	47
29.16	47
29.18	49
29.2	37
29.22	34
29.24	37
29.26	48
29.28	50
29.3	52
29.32	48
29.34	45
29.36	30
29.38	45
29.4	49
29.42	41
29.44	52
29.46	46
29.48	43
29.5	35
29.52	36
29.54	51
29.56	47
29.58	48
29.6	50
29.62	51
29.64	55
29.66	43
29.68	46
29.7	45
29.72	58
29.74	45
29.76	53
29.78	42
29.8	46
29.82	32
29.84	55
29.86	52
29.88	54
29.9	49
29.92	51
29.94	47
29.96	48
29.98	61
30	48
30.02	51
30.04	56
30.06	52
30.08	41
30.1	38
30.12	47
30.14	40
30.16	52
30.18	46
30.2	51
30.22	70
30.24	58
30.26	39
30.28	53
30.3	55
30.32	50
30.34	39
30.36	31
30.38	38
30.4	60
30.42	64
30.44	63
30.46	51
30.48	52
30.5	42
30.52	49
30.54	45
30.56	49
30.58	45
30.6	45
30.62	57
30.64	48
30.66	41
30.68	47
30.7	48
30.72	42
30.74	45
30.76	45
30.78	45
30.8	33
30.82	38
30.84	43
30.86	35
30.88	50
30.9	52
30.92	60
30.94	48
30.96	39
30.98	39
31	52
31.02	44
31.04	24
31.06	37
31.08	38
31.1	40
31.12	44
31.14	35
31.16	48
31.18	39
31.2	45
31.22	51
31.24	53
31.26	52
31.28	51
31.3	42
31.32	42
31.34	48
31.36	43
31.38	47
31.4	32
31.42	40
31.44	62
31.46	45
31.48	40
31.5	57
31.52	46
31.54	45
31.56	55
31.58	48
31.6	49
31.62	52
31.64	52
31.66	39
31.68	48
31.7	44
31.72	41
31.74	47
31.76	56
31.78	50
31.8	32
31.82	50
31.84	44
31.86	53
31.88	39
31.9	42
31.92	46
31.94	47
31.96	42
31.98	40
32	47
32.02	42
32.04	46
32.06	51
32.08	46
32.1	52
32.12	48
32.14	48
32.16	36
32.18	58
32.2	61
32.22	46
32.24	42
32.26	42
32.28	48
32.3	54
32.32	54
32.34	47
32.36	52
32.38	53
32.4	53
32.42	50
32.44	45
32.46	59
32.48	54
32.5	55
32.52	49
32.54	56
32.56	38
32.58	41
32.6	43
32.62	39
32.64	45
32.66	51
32.68	43
32.7	45
32.72	36
32.74	51
32.76	55
32.78	54
32.8	55
32.82	52
32.84	40
32.86	47
32.88	63
32.9	57
32.92	52
32.94	45
32.96	56
32.98	46
33	46
33.02	41
33.04	46
33.06	40
33.08	51
33.1	46
33.12	46
33.14	58
33.16	60
33.18	45
33.2	67
33.22	55
33.24	50
33.26	45
33.28	52
33.3	37
33.32	36
33.34	38
33.36	49
33.38	52
33.4	58
33.42	57
33.44	57
33.46	51
33.48	39
33.5	42
33.52	43
33.54	49
33.56	63
33.58	54
33.6	49
33.62	54
33.64	57
33.66	42
33.68	36
33.7	41
33.72	53
33.74	47
33.76	52
33.78	65
33.8	59
33.82	40
33.84	51
33.86	52
33.88	47
33.9	53
33.92	57
33.94	47
33.96	38
33.98	50
34	37
34.02	51
34.04	51
34.06	37
34.08	47
34.1	42
34.12	38
34.14	36
34.16	50
34.18	45
34.2	42
34.22	43
34.24	45
34.26	41
34.28	40
34.3	59
34.32	55
34.34	50
34.36	46
34.38	28
34.4	37
34.42	35
34.44	41
34.46	39
34.48	49
34.5	48
34.52	51
34.54	41
34.56	34
34.58	50
34.6	66
34.62	55
34.64	49
34.66	44
34.68	54
34.7	33
34.72	35
34.74	45
34.76	38
34.78	42
34.8	47
34.82	44
34.84	49
34.86	46
34.88	40
34.9	38
34.92	52
34.94	43
34.96	45
34.98	41
35	39
35.02	43
35.04	47
35.06	60
35.08	52
35.1	41
35.12	41
35.14	48
35.16	38
35.18	52
35.2	57
35.22	43
35.24	29
35.26	34
35.28	40
35.3	50
35.32	38
35.34	46
35.36	62
35.38	56
35.4	65
35.42	36
35.44	49
35.46	43
35.48	52
35.5	50
35.52	46
35.54	46
35.56	45
35.58	36
35.6	25
35.62	37
35.64	46
35.66	42
35.68	34
35.7	52
35.72	49
35.74	48
35.76	52
35.78	49
35.8	47
35.82	40
35.84	44
35.86	42
35.88	47
35.9	51
35.92	45
35.94	53
35.96	53
35.98	47
36	32
36.02	54
36.04	48
36.06	47
36.08	45
36.1	40
36.12	49
36.14	37
36.16	36
36.18	42
36.2	40
36.22	41
36.24	46
36.26	46
36.28	62
36.3	59
36.32	47
36.34	48
36.36	44
36.38	39
36.4	49
36.42	57
36.44	44
36.46	38
36.48	43
36.5	45
36.52	54
36.54	55
36.56	69
36.58	52
36.6	58
36.62	41
36.64	42
36.66	46
36.68	46
36.7	43
36.72	47
36.74	31
36.76	28
36.78	35
36.8	45
36.82	35
36.84	47
36.86	54
36.88	59
36.9	42
36.92	52
36.94	42
36.96	40
36.98	54
37	53
37.02	45
37.04	65
37.06	63
37.08	52
37.1	44
37.12	46
37.14	51
37.16	50
37.18	45
37.2	50
37.22	48
37.24	39
37.26	47
37.28	56
37.3	69
37.32	53
37.34	42
37.36	39
37.38	42
37.4	56
37.42	49
37.44	53
37.46	70
37.48	66
37.5	47
37.52	41
37.54	55
37.56	52
37.58	49
37.6	44
37.62	43
37.64	48
37.66	41
37.68	54
37.7	48
37.72	51
37.74	44
37.76	47
37.78	47
37.8	45
37.82	54
37.84	46
37.86	44
37.88	57
37.9	63
37.92	55
37.94	45
37.96	56
37.98	64
38	64
38.02	62
38.04	45
38.06	59
38.08	57
38.1	47
38.12	40
38.14	44
38.16	44
38.18	47
38.2	51
38.22	50
38.24	42
38.26	42
38.28	44
38.3	51
38.32	56
38.34	44
38.36	54
38.38	60
38.4	56
38.42	46
38.44	40
38.46	37
38.48	47
38.5	39
38.52	45
38.54	56
38.56	49
38.58	33
38.6	44
38.62	63
38.64	62
38.66	42
38.68	49
38.7	43
38.72	38
38.74	52
38.76	40
38.78	43
38.8	37
38.82	74
38.84	71
38.86	48
38.88	49
38.9	47
38.92	57
38.94	58
38.96	39
38.98	42
39	50
39.02	45
39.04	50
39.06	39
39.08	51
39.1	48
39.12	56
39.14	63
39.16	52
39.18	53
39.2	66
39.22	43
39.24	45
39.26	43
39.28	51
39.3	43
39.32	38
39.34	37
39.36	31
39.38	45
39.4	47
39.42	47
39.44	45
39.46	55
39.48	44
39.5	43
39.52	55
39.54	50
39.56	44
39.58	56
39.6	57
39.62	39
39.64	51
39.66	43
39.68	45
39.7	54
39.72	42
39.74	52
39.76	35
39.78	51
39.8	54
39.82	41
39.84	32
39.86	34
39.88	35
39.9	41
39.92	36
39.94	50
39.96	50
39.98	46
40	46
40.02	42
40.04	43
40.06	37
40.08	52
40.1	42
40.12	51
40.14	32
40.16	53
40.18	53
40.2	57
40.22	50
40.24	36
40.26	34
40.28	43
40.3	45
40.32	50
40.34	47
40.36	45
40.38	37
40.4	39
40.42	32
40.44	46
40.46	58
40.48	38
40.5	37
40.52	46
40.54	61
40.56	48
40.58	46
40.6	51
40.62	48
40.64	41
40.66	35
40.68	51
40.7	46
40.72	35
40.74	46
40.76	37
40.78	38
40.8	55
40.82	49
40.84	38
40.86	45
40.88	49
40.9	38
40.92	63
40.94	55
40.96	48
40.98	43
41	45
41.02	45
41.04	39
41.06	42
41.08	41
41.1	36
41.12	38
41.14	39
41.16	47
41.18	56
41.2	54
41.22	59
41.24	40
41.26	40
41.28	47
41.3	41
41.32	46
41.34	51
41.36	55
41.38	55
41.4	56
41.42	56
41.44	40
41.46	39
41.48	54
41.5	44
41.52	50
41.54	56
41.56	47
41.58	44
41.6	36
41.62	28
41.64	37
41.66	47
41.68	56
41.7	55
41.72	48
41.74	50
41.76	44
41.78	58
41.8	49
41.82	60
41.84	56
41.86	45
41.88	33
41.9	43
41.92	40
41.94	37
41.96	53
41.98	73
42	60
42.02	53
42.04	54
42.06	51
42.08	37
42.1	54
42.12	43
42.14	31
42.16	39
42.18	34
42.2	43
42.22	51
42.24	44
42.26	52
42.28	49
42.3	43
42.32	45
42.34	51
42.36	45
42.38	38
42.4	40
42.42	51
42.44	71
42.46	41
42.48	41
42.5	36
42.52	44
42.54	58
42.56	43
42.58	63
42.6	54
42.62	53
42.64	37
42.66	38
42.68	39
42.7	37
42.72	48
42.74	59
42.76	60
42.78	45
42.8	54
42.82	49
42.84	54
42.86	45
42.88	56
42.9	57
42.92	61
42.94	55
42.96	66
42.98	55
43	42
43.02	50
43.04	40
43.06	52
43.08	35
43.1	40
43.12	47
43.14	48
43.16	42
43.18	44
43.2	52
43.22	49
43.24	48
43.26	79
43.28	58
43.3	64
43.32	50
43.34	51
43.36	55
43.38	36
43.4	49
43.42	42
43.44	44
43.46	51
43.48	40
43.5	38
43.52	53
43.54	38
43.56	37
43.58	48
43.6	37
43.62	46
43.64	52
43.66	48
43.68	48
43.7	38
43.72	48
43.74	42
43.76	47
43.78	51
43.8	31
43.82	39
43.84	62
43.86	58
43.88	42
43.9	41
43.92	38
43.94	44
43.96	48
43.98	54
44	46
44.02	49
44.04	53
44.06	48
44.08	44
44.1	49
44.12	35
44.14	36
44.16	43
44.18	48
44.2	53
44.22	41
44.24	51
44.26	40
44.28	49
44.3	49
44.32	27
44.34	43
44.36	44
44.38	48
44.4	41
44.42	44
44.44	47
44.46	54
44.48	54
44.5	43
44.52	42
44.54	52
44.56	46
44.58	56
44.6	52
44.62	45
44.64	48
44.66	40
44.68	54
44.7	54
44.72	35
44.74	47
44.76	43
44.78	39
44.8	28
44.82	43
44.84	48
44.86	44
44.88	31
44.9	39
44.92	46
44.94	43
44.96	37
44.98	58
45	58
45.02	44
45.04	46
45.06	53
45.08	61
45.1	53
45.12	44
45.14	33
45.16	36
45.18	38
45.2	46
45.22	39
45.24	36
45.26	36
45.28	33
45.3	43
45.32	60
45.34	51
45.36	58
45.38	42
45.4	45
45.42	28
45.44	30
45.46	29
45.48	47
45.5	31
45.52	37
45.54	48
45.56	41
45.58	46
45.6	60
45.62	46
45.64	68
45.66	48
45.68	49
45.7	52
45.72	60
45.74	58
45.76	44
45.78	41
45.8	42
45.82	46
45.84	49
45.86	49
45.88	57
45.9	50
45.92	54
45.94	53
45.96	59
45.98	46
46	45
46.02	47
46.04	59
46.06	72
46.08	63
46.1	52
46.12	48
46.14	44
46.16	29
46.18	34
46.2	73
46.22	45
46.24	31
46.26	42
46.28	53
46.3	55
46.32	46
46.34	49
46.36	55
46.38	50
46.4	58
46.42	56
46.44	42
46.46	39
46.48	44
46.5	32
46.52	31
46.54	46
46.56	44
46.58	51
46.6	63
46.62	56
46.64	30
46.66	39
46.68	31
46.7	45
46.72	54
46.74	28
46.76	33
46.78	52
46.8	44
46.82	44
46.84	38
46.86	37
46.88	51
46.9	45
46.92	32
46.94	38
46.96	59
46.98	29
47	40
47.02	52
47.04	53
47.06	56
47.08	48
47.1	43
47.12	49
47.14	36
47.16	30
47.18	32
47.2	52
47.22	44
47.24	45
47.26	59
47.28	46
47.3	39
47.32	39
47.34	39
47.36	48
47.38	34
47.4	48
47.42	45
47.44	43
47.46	45
47.48	47
47.5	34
47.52	43
47.54	47
47.56	58
47.58	52
47.6	45
47.62	41
47.64	41
47.66	42
47.68	43
47.7	44
47.72	46
47.74	48
47.76	42
47.78	45
47.8	51
47.82	41
47.84	43
47.86	47
47.88	42
47.9	37
47.92	45
47.94	34
47.96	50
47.98	46
48	46
48.02	48
48.04	50
48.06	52
48.08	67
48.1	52
48.12	47
48.14	49
48.16	45
48.18	53
48.2	41
48.22	33
48.24	34
48.26	29
48.28	40
48.3	41
48.32	43
48.34	46
48.36	52
48.38	33
48.4	33
48.42	41
48.44	31
48.46	59
48.48	61
48.5	55
48.52	47
48.54	33
48.56	33
48.58	48
48.6	59
48.62	58
48.64	40
48.66	39
48.68	40
48.7	55
48.72	46
48.74	36
48.76	48
48.78	41
48.8	41
48.82	34
48.84	34
48.86	46
48.88	49
48.9	61
48.92	51
48.94	47
48.96	34
48.98	34
49	33
49.02	38
49.04	52
49.06	45
49.08	38
49.1	43
49.12	37
49.14	57
49.16	35
49.18	29
49.2	42
49.22	35
49.24	28
49.26	40
49.28	35
49.3	42
49.32	52
49.34	66
49.36	59
49.38	40
49.4	37
49.42	37
49.44	41
49.46	37
49.48	50
49.5	40
49.52	44
49.54	43
49.56	36
49.58	36
49.6	43
49.62	51
49.64	50
49.66	44
49.68	35
49.7	30
49.72	41
49.74	36
49.76	46
49.78	48
49.8	44
49.82	39
49.84	48
49.86	47
49.88	45
49.9	42
49.92	42
49.94	32
49.96	32
49.98	38
50	47
50.02	41
50.04	36
50.06	46
50.08	33
50.1	41
50.12	37
50.14	35
50.16	33
50.18	41
50.2	54
50.22	56
50.24	52
50.26	47
50.28	44
50.3	28
50.32	38
50.34	48
50.36	38
50.38	43
50.4	43
50.42	46
50.44	32
50.46	40
50.48	38
50.5	49
50.52	31
50.54	50
50.56	41
50.58	48
50.6	60
50.62	53
50.64	41
50.66	34
50.68	43
50.7	45
50.72	48
50.74	49
50.76	38
50.78	41
50.8	39
50.82	38
50.84	50
50.86	52
50.88	59
50.9	43
50.92	48
50.94	57
50.96	49
50.98	45
51	44
51.02	54
51.04	31
51.06	44
51.08	48
51.1	41
51.12	35
51.14	51
51.16	57
51.18	51
51.2	49
51.22	53
51.24	44
51.26	40
51.28	49
51.3	43
51.32	39
51.34	40
51.36	34
51.38	37
51.4	43
51.42	55
51.44	44
51.46	44
51.48	46
51.5	51
51.52	46
51.54	47
51.56	33
51.58	45
51.6	46
51.62	37
51.64	40
51.66	36
51.68	25
51.7	30
51.72	49
51.74	48
51.76	49
51.78	41
51.8	50
51.82	30
51.84	39
51.86	30
51.88	40
51.9	43
51.92	44
51.94	51
51.96	47
51.98	34
52	40
52.02	47
52.04	43
52.06	48
52.08	35
52.1	39
52.12	34
52.14	39
52.16	43
52.18	38
52.2	35
52.22	28
52.24	46
52.26	46
52.28	36
52.3	52
52.32	58
52.34	51
52.36	37
52.38	40
52.4	33
52.42	48
52.44	42
52.46	42
52.48	40
52.5	48
52.52	55
52.54	40
52.56	47
52.58	56
52.6	53
52.62	38
52.64	31
52.66	36
52.68	43
52.7	45
52.72	52
52.74	49
52.76	51
52.78	59
52.8	43
52.82	38
52.84	32
52.86	39
52.88	50
52.9	53
52.92	45
52.94	38
52.96	39
52.98	36
53	47
53.02	55
53.04	40
53.06	38
53.08	47
53.1	29
53.12	35
53.14	45
53.16	47
53.18	45
53.2	42
53.22	48
53.24	44
53.26	31
53.28	36
53.3	48
53.32	36
53.34	21
53.36	30
53.38	30
53.4	34
53.42	37
53.44	36
53.46	40
53.48	49
53.5	36
53.52	45
53.54	45
53.56	41
53.58	39
53.6	45
53.62	50
53.64	41
53.66	41
53.68	39
53.7	35
53.72	37
53.74	38
53.76	39
53.78	34
53.8	39
53.82	38
53.84	46
53.86	43
53.88	35
53.9	44
53.92	61
53.94	53
53.96	44
53.98	40
54	48
54.02	39
54.04	50
54.06	54
54.08	45
54.1	38
54.12	44
54.14	56
54.16	44
54.18	32
54.2	36
54.22	38
54.24	47
54.26	39
54.28	30
54.3	36
54.32	39
54.34	59
54.36	61
54.38	37
54.4	37
54.42	49
54.44	45
54.46	46
54.48	43
54.5	36
54.52	42
54.54	56
54.56	68
54.58	44
54.6	43
54.62	38
54.64	44
54.66	37
54.68	39
54.7	41
54.72	43
54.74	44
54.76	49
54.78	36
54.8	53
54.82	47
54.84	43
54.86	40
54.88	38
54.9	40
54.92	47
54.94	52
54.96	44
54.98	44
55	41
55.02	39
55.04	50
55.06	47
55.08	41
55.1	45
55.12	35
55.14	34
55.16	44
55.18	44
55.2	40
55.22	32
55.24	25
55.26	34
55.28	48
55.3	48
55.32	40
55.34	43
55.36	43
55.38	42
55.4	42
55.42	29
55.44	49
55.46	55
55.48	32
55.5	34
55.52	40
55.54	43
55.56	40
55.58	37
55.6	35
55.62	37
55.64	45
55.66	42
55.68	35
55.7	50
55.72	37
55.74	30
55.76	35
55.78	38
55.8	31
55.82	40
55.84	41
55.86	42
55.88	38
55.9	35
55.92	46
55.94	44
55.96	30
55.98	48
56	45
56.02	55
56.04	39
56.06	32
56.08	40
56.1	42
56.12	36
56.14	39
56.16	32
56.18	56
56.2	57
56.22	40
56.24	36
56.26	40
56.28	51
56.3	54
56.32	42
56.34	45
56.36	40
56.38	36
56.4	30
56.42	31
56.44	42
56.46	48
56.48	41
56.5	52
56.52	45
56.54	38
56.56	35
56.58	36
56.6	43
56.62	33
56.64	28
56.66	26
56.68	37
56.7	41
56.72	27
56.74	43
56.76	40
56.78	38
56.8	47
56.82	38
56.84	42
56.86	34
56.88	39
56.9	26
56.92	33
56.94	38
56.96	36
56.98	48
57	46
57.02	33
57.04	27
57.06	43
57.08	41
57.1	47
57.12	44
57.14	51
57.16	46
57.18	31
57.2	38
57.22	46
57.24	43
57.26	50
57.28	29
57.3	48
57.32	54
57.34	39
57.36	54
57.38	37
57.4	29
57.42	41
57.44	33
57.46	50
57.48	37
57.5	32
57.52	40
57.54	32
57.56	43
57.58	34
57.6	37
57.62	42
57.64	60
57.66	42
57.68	40
57.7	44
57.72	48
57.74	36
57.76	43
57.78	27
57.8	39
57.82	34
57.84	47
57.86	33
57.88	33
57.9	34
57.92	44
57.94	27
57.96	40
57.98	53
58	38
58.02	41
58.04	35
58.06	44
58.08	46
58.1	40
58.12	44
58.14	36
58.16	34
58.18	32
58.2	34
58.22	35
58.24	40
58.26	45
58.28	29
58.3	33
58.32	44
58.34	37
58.36	34
58.38	37
58.4	48
58.42	45
58.44	34
58.46	32
58.48	27
58.5	38
58.52	51
58.54	39
58.56	39
58.58	35
58.6	37
58.62	47
58.64	36
58.66	30
58.68	34
58.7	36
58.72	36
58.74	36
58.76	42
58.78	36
58.8	41
58.82	41
58.84	29
58.86	24
58.88	44
58.9	36
58.92	30
58.94	40
58.96	31
58.98	35
59	40
59.02	40
59.04	42
59.06	43
59.08	34
59.1	33
59.12	38
59.14	42
59.16	43
59.18	34
59.2	40
59.22	40
59.24	40
59.26	36
59.28	50
59.3	40
59.32	39
59.34	31
59.36	42
59.38	41
59.4	43
59.42	38
59.44	31
59.46	39
59.48	37
59.5	42
59.52	34
59.54	28
59.56	39
59.58	36
59.6	43
59.62	39
59.64	33
59.66	26
59.68	45
59.7	44
59.72	39
59.74	32
59.76	39
59.78	30
59.8	34
59.82	37
59.84	37
59.86	35
59.88	37
59.9	39
59.92	29
59.94	28
59.96	30
59.98	32
60	32
60.02	37
60.04	32
60.06	28
60.08	26
60.1	34
60.12	33
60.14	40
60.16	29
60.18	44
60.2	36
60.22	26
60.24	38
60.26	47
60.28	50
60.3	41
60.32	44
60.34	30
60.36	37
60.38	32
60.4	38
60.42	38
60.44	45
60.46	57
60.48	40
60.5	30
60.52	23
60.54	32
60.56	46
60.58	35
60.6	22
60.62	42
60.64	46
60.66	38
60.68	33
60.7	41
60.72	50
60.74	44
60.76	32
60.78	35
60.8	31
60.82	31
60.84	29
60.86	25
60.88	44
60.9	36
60.92	46
60.94	48
60.96	38
60.98	40
61	31
61.02	34
61.04	37
61.06	28
61.08	32
61.1	33
61.12	47
61.14	46
61.16	42
61.18	38
61.2	26
61.22	37
61.24	36
61.26	38
61.28	48
61.3	47
61.32	46
61.34	34
61.36	36
61.38	34
61.4	35
61.42	38
61.44	34
61.46	40
61.48	27
61.5	25
61.52	19
61.54	20
61.56	40
61.58	45
61.6	41
61.62	36
61.64	37
61.66	39
61.68	36
61.7	38
61.72	31
61.74	37
61.76	41
61.78	49
61.8	44
61.82	48
61.84	27
61.86	30
61.88	37
61.9	33
61.92	38
61.94	39
61.96	33
61.98	36
62	34
62.02	31
62.04	32
62.06	24
62.08	40
62.1	27
62.12	35
62.14	42
62.16	37
62.18	37
62.2	36
62.22	39
62.24	34
62.26	36
62.28	19
62.3	31
62.32	51
62.34	43
62.36	35
62.38	46
62.4	38
62.42	30
62.44	36
62.46	35
62.48	35
62.5	55
62.52	36
62.54	39
62.56	36
62.58	27
62.6	31
62.62	34
62.64	36
62.66	30
62.68	27
62.7	33
62.72	51
62.74	40
62.76	31
62.78	31
62.8	36
62.82	43
62.84	45
62.86	37
62.88	42
62.9	33
62.92	27
62.94	30
62.96	38
62.98	39
63	45
63.02	35
63.04	30
63.06	23
63.08	27
63.1	39
63.12	35
63.14	36
63.16	38
63.18	36
63.2	35
63.22	36
63.24	24
63.26	31
63.28	47
63.3	45
63.32	44
63.34	43
63.36	44
63.38	37
63.4	51
63.42	43
63.44	29
63.46	43
63.48	38
63.5	29
63.52	32
63.54	25
63.56	30
63.58	34
63.6	46
63.62	42
63.64	24
63.66	24
63.68	33
63.7	40
63.72	36
63.74	36
63.76	43
63.78	28
63.8	41
63.82	37
63.84	27
63.86	34
63.88	39
63.9	39
63.92	28
63.94	38
63.96	38
63.98	32
64	39
64.02	34
64.04	31
64.06	40
64.08	36
64.1	25
64.12	31
64.14	32
64.16	28
64.18	23
64.2	27
64.22	28
64.24	25
64.26	27
64.28	33
64.3	22
64.32	34
64.34	36
64.36	26
64.38	35
64.4	28
64.42	26
64.44	40
64.46	45
64.48	39
64.5	36
64.52	29
64.54	37
64.56	32
64.58	25
64.6	28
64.62	29
64.64	43
64.66	47
64.68	42
64.7	40
64.72	36
64.74	39
64.76	37
64.78	43
64.8	48
64.82	40
64.84	35
64.86	31
64.88	31
64.9	34
64.92	26
64.94	29
64.96	27
64.98	27
65	54
65.02	39
65.04	24
65.06	29
65.08	33
65.1	35
65.12	34
65.14	23
65.16	50
65.18	31
65.2	38
65.22	25
65.24	35
65.26	38
65.28	32
65.3	31
65.32	34
65.34	28
65.36	29
65.38	32
65.4	36
65.42	41
65.44	43
65.46	49
65.48	58
65.5	41
65.52	34
65.54	37
65.56	36
65.58	37
65.6	38
65.62	34
65.64	22
65.66	37
65.68	29
65.7	31
65.72	39
65.74	39
65.76	29
65.78	29
65.8	24
65.82	41
65.84	24
65.86	21
65.88	36
65.9	47
65.92	46
65.94	43
65.96	34
65.98	22
66	22
66.02	26
66.04	42
66.06	43
66.08	31
66.1	30
66.12	40
66.14	30
66.16	34
66.18	37
66.2	52
66.22	42
66.24	36
66.26	33
66.28	41
66.3	44
66.32	29
66.34	36
66.36	51
66.38	26
66.4	32
66.42	22
66.44	28
66.46	31
66.48	42
66.5	39
66.52	33
66.54	31
66.56	37
66.58	17
66.6	31
66.62	32
66.64	34
66.66	29
66.68	25
66.7	37
66.72	45
66.74	32
66.76	22
66.78	32
66.8	48
66.82	30
66.84	31
66.86	29
66.88	23
66.9	36
66.92	29
66.94	34
66.96	37
66.98	31
67	32
67.02	26
67.04	37
67.06	34
67.08	33
67.1	40
67.12	41
67.14	31
67.16	37
67.18	36
67.2	33
67.22	29
67.24	43
67.26	31
67.28	44
67.3	42
67.32	48
67.34	44
67.36	29
67.38	25
67.4	29
67.42	31
67.44	31
67.46	32
67.48	39
67.5	51
67.52	38
67.54	39
67.56	43
67.58	33
67.6	32
67.62	37
67.64	32
67.66	32
67.68	29
67.7	29
67.72	35
67.74	36
67.76	40
67.78	32
67.8	29
67.82	39
67.84	30
67.86	24
67.88	22
67.9	31
67.92	38
67.94	34
67.96	34
67.98	31
68	30
68.02	24
68.04	35
68.06	32
68.08	36
68.1	39
68.12	48
68.14	47
68.16	34
68.18	17
68.2	32
68.22	34
68.24	33
68.26	35
68.28	24
68.3	33
68.32	40
68.34	49
68.36	44
68.38	42
68.4	38
68.42	38
68.44	50
68.46	34
68.48	39
68.5	41
68.52	33
68.54	28
68.56	26
68.58	34
68.6	21
68.62	25
68.64	23
68.66	21
68.68	27
68.7	23
68.72	30
68.74	38
68.76	41
68.78	38
68.8	44
68.82	37
68.84	27
68.86	41
68.88	40
68.9	36
68.92	45
68.94	44
68.96	32
68.98	33
69	41
69.02	26
69.04	33
69.06	29
69.08	35
69.1	34
69.12	58
69.14	53
69.16	28
69.18	21
69.2	25
69.22	38
69.24	43
69.26	47
69.28	46
69.3	41
69.32	39
69.34	36
69.36	51
69.38	39
69.4	33
69.42	37
69.44	38
69.46	33
69.48	37
69.5	31
69.52	31
69.54	42
69.56	37
69.58	40
69.6	28
69.62	27
69.64	24
69.66	30
69.68	35
69.7	36
69.72	24
69.74	27
69.76	32
69.78	34
69.8	34
69.82	34
69.84	33
69.86	30
69.88	21
69.9	29
69.92	34
69.94	32
69.96	27
69.98	27
70	25
70.02	22
70.04	28
70.06	33
70.08	43
70.1	44
70.12	31
70.14	29
70.16	38
70.18	38
70.2	34
70.22	46
70.24	23
70.26	33
70.28	38
70.3	29
70.32	30
70.34	41
70.36	41
70.38	41
70.4	27
70.42	32
70.44	53
70.46	38
70.48	35
70.5	23
70.52	26
70.54	30
70.56	30
70.58	32
70.6	44
70.62	39
70.64	44
70.66	36
70.68	38
70.7	35
70.72	33
70.74	34
70.76	40
70.78	29
70.8	27
70.82	49
70.84	45
70.86	25
70.88	37
70.9	40
70.92	33
70.94	24
70.96	27
70.98	30
71	28
71.02	39
71.04	38
71.06	31
71.08	34
71.1	35
71.12	25
71.14	22
71.16	30
71.18	36
71.2	33
71.22	35
71.24	49
71.26	39
71.28	35
71.3	33
71.32	33
71.34	30
71.36	26
71.38	39
71.4	30
71.42	22
71.44	25
71.46	25
71.48	38
71.5	35
71.52	35
71.54	32
71.56	29
71.58	27
71.6	28
71.62	33
71.64	30
71.66	51
71.68	28
71.7	22
71.72	31
71.74	33
71.76	25
71.78	27
71.8	30
71.82	35
71.84	26
71.86	23
71.88	31
71.9	34
71.92	26
71.94	26
71.96	32
71.98	45
72	39
72.02	31
72.04	42
72.06	29
72.08	25
72.1	33
72.12	27
72.14	27
72.16	38
72.18	27
72.2	29
72.22	31
72.24	33
72.26	30
72.28	42
72.3	29
72.32	32
72.34	32
72.36	40
72.38	31
72.4	32
72.42	33
72.44	50
72.46	43
72.48	23
72.5	27
72.52	37
72.54	31
72.56	42
72.58	31
72.6	24
72.62	26
72.64	25
72.66	28
72.68	28
72.7	26
72.72	32
72.74	27
72.76	31
72.78	45
72.8	33
72.82	33
72.84	30
72.86	20
72.88	29
72.9	39
72.92	38
72.94	36
72.96	24
72.98	30
73	34
73.02	43
73.04	33
73.06	34
73.08	35
73.1	31
73.12	42
73.14	34
73.16	41
73.18	43
73.2	41
73.22	38
73.24	35
73.26	36
73.28	34
73.3	34
73.32	25
73.34	31
73.36	43
73.38	39
73.4	27
73.42	37
73.44	42
73.46	34
73.48	40
73.5	44
73.52	42
73.54	32
73.56	40
73.58	28
73.6	39
73.62	42
73.64	29
73.66	37
73.68	26
73.7	30
73.72	40
73.74	35
73.76	39
73.78	32
73.8	24
73.82	31
73.84	35
73.86	33
73.88	36
73.9	33
73.92	30
73.94	33
73.96	37
73.98	32
74	25
74.02	23
74.04	37
74.06	29
74.08	23
74.1	40
74.12	34
74.14	18
74.16	34
74.18	50
74.2	44
74.22	38
74.24	29
74.26	22
74.28	30
74.3	38
74.32	42
74.34	33
74.36	39
74.38	32
74.4	32
74.42	33
74.44	39
74.46	29
74.48	25
74.5	25
74.52	28
74.54	32
74.56	34
74.58	42
74.6	48
74.62	36
74.64	38
74.66	30
74.68	40
74.7	36
74.72	24
74.74	31
74.76	25
74.78	44
74.8	31
74.82	39
74.84	37
74.86	16
74.88	28
74.9	27
74.92	32
74.94	25
74.96	32
74.98	40
