Counter Settings:
Falling Edge
Disc Threshold [V]	-0.301514
Dwell time [s]	2.000000E-8
Number of channels	3750
Number of Scans	50000

D2
v 0
J 4
29.0V 3.30A
Au 788C
Knnew  C
Kn  e-2mbar (base 1.5e-2)
x=35mm y=35.5mm z=512mm
D2/RGA 7.5e-10 torr (base 8e-11)
500: 9.7e-9 mbar
100: 1.6e-9 mbar
FFR heater 4.0A 1.53V
extra heater 3.0A 0.5V
Extractor: -30V
Lens: -1200V
MCP: -2100V
Laser Position	201.659605

Laser Power [mJ]	0.706731
Time [µs]	Counts
0	78601
0.02	17646
0.04	262
0.06	176
0.08	176
0.1	89
0.12	35
0.14	33
0.16	23
0.18	25
0.2	37
0.22	47
0.24	72
0.26	87
0.28	107
0.3	113
0.32	93
0.34	99
0.36	103
0.38	107
0.4	145
0.42	130
0.44	117
0.46	95
0.48	90
0.5	102
0.52	85
0.54	84
0.56	78
0.58	70
0.6	74
0.62	85
0.64	114
0.66	130
0.68	122
0.7	113
0.72	124
0.74	136
0.76	181
0.78	184
0.8	203
0.82	251
0.84	293
0.86	307
0.88	335
0.9	378
0.92	434
0.94	447
0.96	546
0.98	619
1	720
1.02	864
1.04	945
1.06	988
1.08	965
1.1	911
1.12	714
1.14	510
1.16	417
1.18	337
1.2	297
1.22	261
1.24	259
1.26	245
1.28	233
1.3	232
1.32	232
1.34	223
1.36	246
1.38	224
1.4	214
1.42	226
1.44	207
1.46	178
1.48	140
1.5	123
1.52	110
1.54	81
1.56	94
1.58	91
1.6	69
1.62	67
1.64	61
1.66	62
1.68	56
1.7	50
1.72	65
1.74	48
1.76	68
1.78	57
1.8	44
1.82	48
1.84	57
1.86	65
1.88	43
1.9	50
1.92	46
1.94	43
1.96	38
1.98	45
2	49
2.02	53
2.04	40
2.06	44
2.08	48
2.1	56
2.12	67
2.14	66
2.16	55
2.18	65
2.2	67
2.22	68
2.24	85
2.26	50
2.28	45
2.3	51
2.32	52
2.34	56
2.36	59
2.38	57
2.4	57
2.42	47
2.44	37
2.46	38
2.48	35
2.5	36
2.52	39
2.54	30
2.56	35
2.58	32
2.6	36
2.62	34
2.64	45
2.66	40
2.68	22
2.7	35
2.72	34
2.74	29
2.76	31
2.78	29
2.8	33
2.82	23
2.84	25
2.86	33
2.88	19
2.9	29
2.92	36
2.94	26
2.96	42
2.98	41
3	46
3.02	45
3.04	32
3.06	45
3.08	42
3.1	30
3.12	19
3.14	19
3.16	25
3.18	16
3.2	17
3.22	18
3.24	44
3.26	43
3.28	14
3.3	22
3.32	36
3.34	31
3.36	30
3.38	38
3.4	30
3.42	37
3.44	31
3.46	18
3.48	19
3.5	27
3.52	30
3.54	32
3.56	30
3.58	22
3.6	25
3.62	30
3.64	46
3.66	37
3.68	33
3.7	33
3.72	26
3.74	40
3.76	49
3.78	34
3.8	24
3.82	20
3.84	29
3.86	38
3.88	56
3.9	51
3.92	37
3.94	37
3.96	31
3.98	36
4	40
4.02	34
4.04	38
4.06	35
4.08	29
4.1	38
4.12	44
4.14	43
4.16	32
4.18	34
4.2	37
4.22	43
4.24	32
4.26	34
4.28	37
4.3	29
4.32	35
4.34	40
4.36	59
4.38	57
4.4	46
4.42	50
4.44	40
4.46	45
4.48	41
4.5	39
4.52	48
4.54	33
4.56	56
4.58	46
4.6	33
4.62	24
4.64	22
4.66	24
4.68	43
4.7	39
4.72	44
4.74	31
4.76	42
4.78	41
4.8	38
4.82	50
4.84	44
4.86	37
4.88	43
4.9	35
4.92	33
4.94	36
4.96	49
4.98	57
5	56
5.02	51
5.04	43
5.06	46
5.08	56
5.1	59
5.12	57
5.14	45
5.16	59
5.18	68
5.2	51
5.22	47
5.24	37
5.26	42
5.28	46
5.3	36
5.32	47
5.34	40
5.36	47
5.38	48
5.4	57
5.42	47
5.44	63
5.46	49
5.48	43
5.5	55
5.52	52
5.54	67
5.56	74
5.58	56
5.6	51
5.62	52
5.64	36
5.66	64
5.68	58
5.7	49
5.72	53
5.74	60
5.76	59
5.78	48
5.8	54
5.82	41
5.84	58
5.86	53
5.88	36
5.9	36
5.92	51
5.94	40
5.96	46
5.98	40
6	46
6.02	59
6.04	57
6.06	44
6.08	37
6.1	42
6.12	49
6.14	52
6.16	53
6.18	52
6.2	53
6.22	40
6.24	49
6.26	63
6.28	57
6.3	64
6.32	61
6.34	54
6.36	69
6.38	58
6.4	56
6.42	53
6.44	56
6.46	50
6.48	47
6.5	42
6.52	54
6.54	76
6.56	81
6.58	76
6.6	76
6.62	66
6.64	64
6.66	49
6.68	49
6.7	55
6.72	69
6.74	80
6.76	75
6.78	66
6.8	66
6.82	85
6.84	82
6.86	67
6.88	50
6.9	65
6.92	76
6.94	74
6.96	88
6.98	73
7	79
7.02	85
7.04	77
7.06	65
7.08	63
7.1	58
7.12	60
7.14	41
7.16	63
7.18	80
7.2	72
7.22	67
7.24	65
7.26	74
7.28	60
7.3	58
7.32	82
7.34	87
7.36	101
7.38	93
7.4	83
7.42	77
7.44	70
7.46	49
7.48	63
7.5	68
7.52	59
7.54	63
7.56	73
7.58	75
7.6	60
7.62	67
7.64	93
7.66	84
7.68	63
7.7	45
7.72	62
7.74	86
7.76	81
7.78	68
7.8	81
7.82	63
7.84	65
7.86	77
7.88	75
7.9	77
7.92	66
7.94	81
7.96	85
7.98	79
8	65
8.02	86
8.04	80
8.06	68
8.08	65
8.1	93
8.12	96
8.14	71
8.16	72
8.18	79
8.2	76
8.22	77
8.24	94
8.26	92
8.28	89
8.3	92
8.32	86
8.34	91
8.36	100
8.38	91
8.4	92
8.42	117
8.44	89
8.46	94
8.48	97
8.5	96
8.52	93
8.54	106
8.56	130
8.58	136
8.6	101
8.62	99
8.64	105
8.66	118
8.68	112
8.7	126
8.72	133
8.74	134
8.76	149
8.78	134
8.8	139
8.82	110
8.84	117
8.86	119
8.88	148
8.9	139
8.92	161
8.94	148
8.96	116
8.98	130
9	144
9.02	147
9.04	134
9.06	128
9.08	127
9.1	115
9.12	130
9.14	126
9.16	130
9.18	109
9.2	103
9.22	92
9.24	120
9.26	129
9.28	109
9.3	115
9.32	102
9.34	83
9.36	100
9.38	111
9.4	99
9.42	113
9.44	101
9.46	88
9.48	88
9.5	82
9.52	87
9.54	83
9.56	95
9.58	82
9.6	76
9.62	64
9.64	58
9.66	65
9.68	68
9.7	86
9.72	75
9.74	72
9.76	75
9.78	94
9.8	79
9.82	69
9.84	71
9.86	71
9.88	61
9.9	74
9.92	76
9.94	69
9.96	51
9.98	51
10	68
10.02	60
10.04	50
10.06	64
10.08	66
10.1	61
10.12	63
10.14	67
10.16	63
10.18	59
10.2	43
10.22	55
10.24	56
10.26	50
10.28	44
10.3	48
10.32	52
10.34	50
10.36	45
10.38	46
10.4	53
10.42	42
10.44	33
10.46	42
10.48	35
10.5	49
10.52	47
10.54	36
10.56	35
10.58	49
10.6	44
10.62	27
10.64	41
10.66	43
10.68	44
10.7	41
10.72	37
10.74	51
10.76	47
10.78	35
10.8	33
10.82	51
10.84	43
10.86	41
10.88	41
10.9	27
10.92	40
10.94	35
10.96	49
10.98	45
11	39
11.02	40
11.04	42
11.06	43
11.08	35
11.1	35
11.12	40
11.14	25
11.16	44
11.18	32
11.2	22
11.22	24
11.24	29
11.26	34
11.28	35
11.3	27
11.32	34
11.34	35
11.36	41
11.38	35
11.4	29
11.42	22
11.44	43
11.46	32
11.48	37
11.5	35
11.52	29
11.54	38
11.56	49
11.58	42
11.6	34
11.62	38
11.64	40
11.66	39
11.68	38
11.7	41
11.72	53
11.74	39
11.76	39
11.78	40
11.8	29
11.82	25
11.84	36
11.86	32
11.88	45
11.9	44
11.92	30
11.94	41
11.96	49
11.98	35
12	38
12.02	30
12.04	33
12.06	37
12.08	42
12.1	40
12.12	35
12.14	55
12.16	49
12.18	36
12.2	51
12.22	35
12.24	39
12.26	46
12.28	49
12.3	35
12.32	44
12.34	37
12.36	40
12.38	34
12.4	36
12.42	33
12.44	45
12.46	38
12.48	35
12.5	44
12.52	37
12.54	36
12.56	39
12.58	51
12.6	43
12.62	45
12.64	48
12.66	28
12.68	28
12.7	40
12.72	25
12.74	32
12.76	29
12.78	40
12.8	37
12.82	33
12.84	28
12.86	30
12.88	32
12.9	40
12.92	45
12.94	38
12.96	28
12.98	29
13	28
13.02	39
13.04	43
13.06	38
13.08	42
13.1	39
13.12	47
13.14	52
13.16	45
13.18	50
13.2	44
13.22	34
13.24	37
13.26	33
13.28	35
13.3	39
13.32	37
13.34	37
13.36	51
13.38	60
13.4	46
13.42	44
13.44	41
13.46	38
13.48	35
13.5	39
13.52	39
13.54	42
13.56	44
13.58	37
13.6	36
13.62	34
13.64	35
13.66	37
13.68	54
13.7	31
13.72	35
13.74	37
13.76	44
13.78	29
13.8	28
13.82	37
13.84	43
13.86	48
13.88	39
13.9	38
13.92	43
13.94	37
13.96	37
13.98	31
14	30
14.02	35
14.04	49
14.06	48
14.08	47
14.1	40
14.12	49
14.14	47
14.16	42
14.18	52
14.2	43
14.22	52
14.24	53
14.26	46
14.28	38
14.3	36
14.32	45
14.34	39
14.36	44
14.38	36
14.4	27
14.42	37
14.44	39
14.46	45
14.48	50
14.5	46
14.52	49
14.54	41
14.56	48
14.58	50
14.6	34
14.62	38
14.64	47
14.66	59
14.68	45
14.7	32
14.72	43
14.74	31
14.76	35
14.78	36
14.8	47
14.82	42
14.84	34
14.86	33
14.88	43
14.9	47
14.92	32
14.94	38
14.96	46
14.98	42
15	51
15.02	49
15.04	47
15.06	36
15.08	33
15.1	42
15.12	58
15.14	51
15.16	43
15.18	53
15.2	50
15.22	42
15.24	42
15.26	42
15.28	42
15.3	32
15.32	57
15.34	43
15.36	39
15.38	35
15.4	38
15.42	40
15.44	28
15.46	45
15.48	49
15.5	44
15.52	45
15.54	35
15.56	42
15.58	63
15.6	68
15.62	59
15.64	46
15.66	46
15.68	33
15.7	28
15.72	43
15.74	54
15.76	48
15.78	46
15.8	43
15.82	38
15.84	45
15.86	38
15.88	37
15.9	38
15.92	31
15.94	30
15.96	40
15.98	37
16	52
16.02	44
16.04	34
16.06	50
16.08	42
16.1	36
16.12	52
16.14	45
16.16	41
16.18	45
16.2	34
16.22	29
16.24	40
16.26	35
16.28	33
16.3	45
16.32	26
16.34	44
16.36	45
16.38	54
16.4	39
16.42	33
16.44	42
16.46	56
16.48	45
16.5	36
16.52	41
16.54	34
16.56	39
16.58	39
16.6	27
16.62	34
16.64	44
16.66	39
16.68	47
16.7	51
16.72	39
16.74	38
16.76	47
16.78	37
16.8	32
16.82	37
16.84	40
16.86	39
16.88	53
16.9	51
16.92	42
16.94	32
16.96	28
16.98	36
17	44
17.02	35
17.04	31
17.06	45
17.08	47
17.1	41
17.12	40
17.14	41
17.16	35
17.18	47
17.2	53
17.22	39
17.24	37
17.26	42
17.28	37
17.3	41
17.32	38
17.34	45
17.36	51
17.38	49
17.4	48
17.42	34
17.44	47
17.46	45
17.48	40
17.5	39
17.52	31
17.54	47
17.56	46
17.58	50
17.6	35
17.62	35
17.64	36
17.66	33
17.68	45
17.7	49
17.72	31
17.74	28
17.76	36
17.78	49
17.8	59
17.82	41
17.84	50
17.86	52
17.88	40
17.9	39
17.92	37
17.94	38
17.96	47
17.98	42
18	49
18.02	52
18.04	51
18.06	50
18.08	34
18.1	44
18.12	44
18.14	35
18.16	34
18.18	37
18.2	37
18.22	33
18.24	54
18.26	51
18.28	47
18.3	44
18.32	55
18.34	37
18.36	40
18.38	45
18.4	36
18.42	39
18.44	41
18.46	40
18.48	58
18.5	55
18.52	45
18.54	58
18.56	47
18.58	48
18.6	46
18.62	53
18.64	44
18.66	44
18.68	44
18.7	38
18.72	51
18.74	46
18.76	50
18.78	51
18.8	58
18.82	46
18.84	58
18.86	53
18.88	52
18.9	38
18.92	49
18.94	47
18.96	46
18.98	50
19	53
19.02	45
19.04	57
19.06	54
19.08	38
19.1	61
19.12	58
19.14	38
19.16	45
19.18	44
19.2	49
19.22	44
19.24	41
19.26	52
19.28	41
19.3	36
19.32	31
19.34	33
19.36	58
19.38	44
19.4	45
19.42	39
19.44	39
19.46	45
19.48	47
19.5	36
19.52	33
19.54	44
19.56	38
19.58	51
19.6	68
19.62	49
19.64	37
19.66	34
19.68	48
19.7	49
19.72	47
19.74	39
19.76	42
19.78	50
19.8	50
19.82	52
19.84	64
19.86	62
19.88	43
19.9	50
19.92	59
19.94	49
19.96	51
19.98	58
20	54
20.02	44
20.04	36
20.06	41
20.08	50
20.1	49
20.12	63
20.14	62
20.16	60
20.18	38
20.2	38
20.22	54
20.24	43
20.26	46
20.28	49
20.3	41
20.32	42
20.34	46
20.36	48
20.38	52
20.4	41
20.42	43
20.44	65
20.46	61
20.48	59
20.5	53
20.52	53
20.54	57
20.56	53
20.58	35
20.6	49
20.62	52
20.64	56
20.66	56
20.68	51
20.7	54
20.72	52
20.74	58
20.76	49
20.78	49
20.8	50
20.82	48
20.84	35
20.86	34
20.88	39
20.9	47
20.92	46
20.94	55
20.96	33
20.98	40
21	37
21.02	53
21.04	56
21.06	39
21.08	50
21.1	58
21.12	43
21.14	59
21.16	54
21.18	60
21.2	52
21.22	49
21.24	59
21.26	56
21.28	59
21.3	48
21.32	46
21.34	39
21.36	52
21.38	66
21.4	47
21.42	57
21.44	51
21.46	51
21.48	46
21.5	62
21.52	49
21.54	58
21.56	55
21.58	40
21.6	50
21.62	49
21.64	52
21.66	60
21.68	63
21.7	45
21.72	36
21.74	42
21.76	45
21.78	50
21.8	47
21.82	44
21.84	41
21.86	57
21.88	49
21.9	45
21.92	37
21.94	41
21.96	54
21.98	40
22	45
22.02	46
22.04	44
22.06	31
22.08	45
22.1	55
22.12	56
22.14	47
22.16	41
22.18	51
22.2	45
22.22	39
22.24	45
22.26	50
22.28	51
22.3	48
22.32	49
22.34	57
22.36	57
22.38	63
22.4	60
22.42	56
22.44	51
22.46	45
22.48	50
22.5	55
22.52	35
22.54	35
22.56	48
22.58	48
22.6	54
22.62	44
22.64	41
22.66	52
22.68	46
22.7	52
22.72	47
22.74	42
22.76	53
22.78	47
22.8	58
22.82	45
22.84	51
22.86	49
22.88	40
22.9	45
22.92	38
22.94	46
22.96	55
22.98	49
23	46
23.02	52
23.04	40
23.06	43
23.08	41
23.1	34
23.12	42
23.14	36
23.16	29
23.18	34
23.2	43
23.22	63
23.24	66
23.26	53
23.28	50
23.3	54
23.32	58
23.34	45
23.36	41
23.38	50
23.4	63
23.42	42
23.44	34
23.46	56
23.48	46
23.5	34
23.52	36
23.54	37
23.56	42
23.58	57
23.6	52
23.62	50
23.64	56
23.66	53
23.68	60
23.7	47
23.72	54
23.74	51
23.76	55
23.78	55
23.8	71
23.82	56
23.84	50
23.86	46
23.88	42
23.9	45
23.92	65
23.94	64
23.96	53
23.98	44
24	52
24.02	61
24.04	58
24.06	54
24.08	45
24.1	38
24.12	41
24.14	70
24.16	57
24.18	52
24.2	47
24.22	44
24.24	49
24.26	53
24.28	38
24.3	36
24.32	52
24.34	40
24.36	71
24.38	56
24.4	48
24.42	48
24.44	59
24.46	55
24.48	58
24.5	63
24.52	52
24.54	39
24.56	47
24.58	55
24.6	50
24.62	53
24.64	53
24.66	47
24.68	44
24.7	48
24.72	49
24.74	49
24.76	39
24.78	49
24.8	57
24.82	51
24.84	48
24.86	35
24.88	48
24.9	54
24.92	50
24.94	42
24.96	55
24.98	46
25	61
25.02	67
25.04	56
25.06	55
25.08	49
25.1	50
25.12	34
25.14	48
25.16	63
25.18	43
25.2	53
25.22	49
25.24	63
25.26	55
25.28	64
25.3	63
25.32	46
25.34	54
25.36	52
25.38	55
25.4	66
25.42	48
25.44	61
25.46	54
25.48	52
25.5	43
25.52	54
25.54	45
25.56	45
25.58	44
25.6	55
25.62	57
25.64	44
25.66	35
25.68	50
25.7	34
25.72	61
25.74	54
25.76	55
25.78	47
25.8	46
25.82	52
25.84	54
25.86	56
25.88	52
25.9	56
25.92	58
25.94	60
25.96	34
25.98	43
26	42
26.02	44
26.04	41
26.06	32
26.08	40
26.1	37
26.12	54
26.14	60
26.16	57
26.18	55
26.2	63
26.22	50
26.24	49
26.26	53
26.28	56
26.3	49
26.32	51
26.34	63
26.36	47
26.38	57
26.4	56
26.42	49
26.44	52
26.46	53
26.48	50
26.5	44
26.52	48
26.54	55
26.56	50
26.58	56
26.6	41
26.62	46
26.64	48
26.66	56
26.68	54
26.7	50
26.72	55
26.74	43
26.76	53
26.78	57
26.8	50
26.82	46
26.84	48
26.86	52
26.88	60
26.9	40
26.92	48
26.94	47
26.96	40
26.98	46
27	38
27.02	47
27.04	43
27.06	54
27.08	48
27.1	50
27.12	53
27.14	43
27.16	41
27.18	44
27.2	40
27.22	42
27.24	45
27.26	57
27.28	47
27.3	54
27.32	43
27.34	48
27.36	41
27.38	45
27.4	40
27.42	44
27.44	48
27.46	55
27.48	60
27.5	50
27.52	58
27.54	49
27.56	54
27.58	46
27.6	54
27.62	40
27.64	54
27.66	37
27.68	48
27.7	39
27.72	43
27.74	50
27.76	44
27.78	54
27.8	45
27.82	41
27.84	31
27.86	46
27.88	48
27.9	48
27.92	45
27.94	51
27.96	51
27.98	47
28	38
28.02	43
28.04	54
28.06	46
28.08	43
28.1	64
28.12	71
28.14	58
28.16	53
28.18	55
28.2	43
28.22	47
28.24	48
28.26	52
28.28	47
28.3	52
28.32	50
28.34	51
28.36	51
28.38	53
28.4	49
28.42	55
28.44	42
28.46	45
28.48	45
28.5	50
28.52	53
28.54	64
28.56	50
28.58	53
28.6	41
28.62	46
28.64	53
28.66	49
28.68	45
28.7	39
28.72	61
28.74	61
28.76	52
28.78	57
28.8	53
28.82	58
28.84	50
28.86	58
28.88	50
28.9	50
28.92	57
28.94	42
28.96	52
28.98	51
29	59
29.02	54
29.04	44
29.06	44
29.08	47
29.1	47
29.12	68
29.14	44
29.16	43
29.18	41
29.2	59
29.22	45
29.24	52
29.26	65
29.28	65
29.3	49
29.32	44
29.34	48
29.36	58
29.38	68
29.4	54
29.42	46
29.44	36
29.46	62
29.48	54
29.5	46
29.52	57
29.54	59
29.56	43
29.58	49
29.6	50
29.62	48
29.64	54
29.66	45
29.68	44
29.7	44
29.72	52
29.74	50
29.76	36
29.78	47
29.8	46
29.82	51
29.84	56
29.86	48
29.88	45
29.9	50
29.92	72
29.94	55
29.96	49
29.98	43
30	53
30.02	58
30.04	52
30.06	54
30.08	63
30.1	45
30.12	54
30.14	63
30.16	48
30.18	59
30.2	61
30.22	57
30.24	48
30.26	51
30.28	41
30.3	49
30.32	55
30.34	46
30.36	51
30.38	60
30.4	49
30.42	40
30.44	46
30.46	41
30.48	52
30.5	49
30.52	53
30.54	43
30.56	38
30.58	56
30.6	49
30.62	38
30.64	39
30.66	52
30.68	55
30.7	54
30.72	41
30.74	40
30.76	55
30.78	50
30.8	41
30.82	48
30.84	54
30.86	43
30.88	47
30.9	53
30.92	40
30.94	51
30.96	55
30.98	51
31	52
31.02	50
31.04	47
31.06	60
31.08	50
31.1	41
31.12	50
31.14	52
31.16	48
31.18	58
31.2	49
31.22	56
31.24	40
31.26	34
31.28	50
31.3	44
31.32	50
31.34	48
31.36	47
31.38	45
31.4	49
31.42	37
31.44	34
31.46	43
31.48	55
31.5	54
31.52	55
31.54	49
31.56	42
31.58	53
31.6	57
31.62	56
31.64	55
31.66	41
31.68	37
31.7	49
31.72	52
31.74	53
31.76	44
31.78	55
31.8	65
31.82	46
31.84	50
31.86	47
31.88	39
31.9	37
31.92	42
31.94	40
31.96	41
31.98	56
32	54
32.02	55
32.04	37
32.06	43
32.08	54
32.1	49
32.12	46
32.14	47
32.16	60
32.18	48
32.2	51
32.22	50
32.24	53
32.26	58
32.28	41
32.3	50
32.32	35
32.34	53
32.36	55
32.38	39
32.4	46
32.42	55
32.44	81
32.46	54
32.48	46
32.5	54
32.52	48
32.54	41
32.56	46
32.58	46
32.6	28
32.62	38
32.64	43
32.66	50
32.68	35
32.7	43
32.72	47
32.74	39
32.76	43
32.78	50
32.8	48
32.82	40
32.84	41
32.86	52
32.88	42
32.9	50
32.92	60
32.94	54
32.96	64
32.98	42
33	39
33.02	45
33.04	46
33.06	41
33.08	53
33.1	57
33.12	41
33.14	45
33.16	43
33.18	36
33.2	44
33.22	33
33.24	39
33.26	42
33.28	61
33.3	38
33.32	38
33.34	53
33.36	65
33.38	47
33.4	45
33.42	47
33.44	43
33.46	47
33.48	39
33.5	39
33.52	40
33.54	33
33.56	46
33.58	61
33.6	42
33.62	49
33.64	43
33.66	42
33.68	49
33.7	45
33.72	45
33.74	54
33.76	43
33.78	53
33.8	58
33.82	42
33.84	40
33.86	43
33.88	55
33.9	56
33.92	40
33.94	60
33.96	66
33.98	54
34	56
34.02	53
34.04	41
34.06	48
34.08	48
34.1	63
34.12	46
34.14	46
34.16	66
34.18	48
34.2	36
34.22	45
34.24	45
34.26	40
34.28	36
34.3	44
34.32	41
34.34	69
34.36	53
34.38	35
34.4	40
34.42	33
34.44	29
34.46	43
34.48	48
34.5	36
34.52	40
34.54	39
34.56	44
34.58	55
34.6	35
34.62	51
34.64	38
34.66	47
34.68	48
34.7	67
34.72	51
34.74	43
34.76	53
34.78	38
34.8	41
34.82	44
34.84	40
34.86	45
34.88	52
34.9	60
34.92	52
34.94	43
34.96	62
34.98	54
35	48
35.02	44
35.04	52
35.06	36
35.08	42
35.1	47
35.12	42
35.14	41
35.16	39
35.18	43
35.2	48
35.22	50
35.24	50
35.26	46
35.28	54
35.3	42
35.32	37
35.34	40
35.36	51
35.38	45
35.4	66
35.42	53
35.44	39
35.46	43
35.48	58
35.5	58
35.52	43
35.54	54
35.56	54
35.58	36
35.6	32
35.62	52
35.64	64
35.66	44
35.68	53
35.7	46
35.72	41
35.74	54
35.76	38
35.78	43
35.8	46
35.82	46
35.84	54
35.86	42
35.88	49
35.9	45
35.92	37
35.94	43
35.96	53
35.98	45
36	48
36.02	44
36.04	39
36.06	41
36.08	47
36.1	44
36.12	42
36.14	43
36.16	36
36.18	55
36.2	57
36.22	46
36.24	45
36.26	47
36.28	45
36.3	50
36.32	47
36.34	38
36.36	51
36.38	39
36.4	44
36.42	59
36.44	53
36.46	42
36.48	40
36.5	35
36.52	41
36.54	49
36.56	51
36.58	42
36.6	42
36.62	59
36.64	58
36.66	48
36.68	52
36.7	37
36.72	38
36.74	55
36.76	46
36.78	41
36.8	45
36.82	31
36.84	42
36.86	42
36.88	45
36.9	50
36.92	37
36.94	33
36.96	36
36.98	22
37	50
37.02	52
37.04	50
37.06	49
37.08	37
37.1	44
37.12	51
37.14	54
37.16	54
37.18	35
37.2	47
37.22	51
37.24	38
37.26	37
37.28	45
37.3	50
37.32	52
37.34	53
37.36	38
37.38	36
37.4	43
37.42	46
37.44	54
37.46	44
37.48	48
37.5	53
37.52	50
37.54	37
37.56	48
37.58	54
37.6	40
37.62	47
37.64	46
37.66	38
37.68	43
37.7	51
37.72	40
37.74	31
37.76	46
37.78	49
37.8	49
37.82	39
37.84	37
37.86	52
37.88	39
37.9	55
37.92	53
37.94	55
37.96	54
37.98	37
38	35
38.02	50
38.04	55
38.06	52
38.08	52
38.1	48
38.12	39
38.14	42
38.16	51
38.18	49
38.2	49
38.22	46
38.24	56
38.26	48
38.28	42
38.3	47
38.32	38
38.34	40
38.36	55
38.38	52
38.4	54
38.42	52
38.44	43
38.46	54
38.48	42
38.5	38
38.52	46
38.54	50
38.56	41
38.58	42
38.6	46
38.62	41
38.64	44
38.66	47
38.68	48
38.7	37
38.72	51
38.74	48
38.76	47
38.78	44
38.8	55
38.82	54
38.84	55
38.86	42
38.88	61
38.9	50
38.92	44
38.94	45
38.96	30
38.98	45
39	45
39.02	26
39.04	43
39.06	43
39.08	49
39.1	46
39.12	43
39.14	61
39.16	60
39.18	70
39.2	66
39.22	50
39.24	41
39.26	39
39.28	41
39.3	31
39.32	44
39.34	34
39.36	55
39.38	51
39.4	46
39.42	50
39.44	55
39.46	54
39.48	59
39.5	38
39.52	36
39.54	49
39.56	52
39.58	44
39.6	38
39.62	38
39.64	47
39.66	56
39.68	59
39.7	38
39.72	51
39.74	59
39.76	49
39.78	46
39.8	35
39.82	55
39.84	45
39.86	39
39.88	37
39.9	48
39.92	51
39.94	52
39.96	51
39.98	29
40	41
40.02	48
40.04	45
40.06	52
40.08	48
40.1	46
40.12	41
40.14	29
40.16	43
40.18	33
40.2	54
40.22	48
40.24	59
40.26	47
40.28	33
40.3	48
40.32	60
40.34	61
40.36	49
40.38	50
40.4	43
40.42	55
40.44	59
40.46	38
40.48	34
40.5	41
40.52	42
40.54	32
40.56	50
40.58	66
40.6	61
40.62	63
40.64	56
40.66	46
40.68	38
40.7	40
40.72	32
40.74	26
40.76	54
40.78	49
40.8	53
40.82	41
40.84	47
40.86	57
40.88	43
40.9	36
40.92	33
40.94	43
40.96	34
40.98	55
41	65
41.02	45
41.04	47
41.06	41
41.08	40
41.1	36
41.12	35
41.14	49
41.16	49
41.18	49
41.2	52
41.22	44
41.24	57
41.26	56
41.28	48
41.3	55
41.32	50
41.34	51
41.36	45
41.38	46
41.4	52
41.42	36
41.44	38
41.46	35
41.48	33
41.5	45
41.52	52
41.54	58
41.56	53
41.58	59
41.6	51
41.62	41
41.64	47
41.66	48
41.68	55
41.7	42
41.72	53
41.74	42
41.76	43
41.78	33
41.8	45
41.82	33
41.84	45
41.86	46
41.88	49
41.9	42
41.92	46
41.94	56
41.96	60
41.98	44
42	43
42.02	38
42.04	45
42.06	55
42.08	35
42.1	33
42.12	49
42.14	50
42.16	55
42.18	40
42.2	47
42.22	50
42.24	44
42.26	40
42.28	51
42.3	51
42.32	60
42.34	40
42.36	40
42.38	36
42.4	57
42.42	48
42.44	34
42.46	46
42.48	36
42.5	47
42.52	43
42.54	49
42.56	51
42.58	40
42.6	66
42.62	47
42.64	34
42.66	35
42.68	46
42.7	55
42.72	42
42.74	23
42.76	32
42.78	38
42.8	46
42.82	50
42.84	59
42.86	56
42.88	41
42.9	46
42.92	51
42.94	50
42.96	38
42.98	47
43	43
43.02	35
43.04	44
43.06	43
43.08	47
43.1	59
43.12	54
43.14	38
43.16	37
43.18	50
43.2	53
43.22	50
43.24	51
43.26	38
43.28	39
43.3	55
43.32	47
43.34	46
43.36	46
43.38	47
43.4	41
43.42	33
43.44	46
43.46	45
43.48	47
43.5	45
43.52	44
43.54	36
43.56	57
43.58	58
43.6	49
43.62	57
43.64	39
43.66	43
43.68	38
43.7	58
43.72	50
43.74	42
43.76	56
43.78	43
43.8	38
43.82	31
43.84	31
43.86	33
43.88	45
43.9	57
43.92	43
43.94	49
43.96	42
43.98	48
44	45
44.02	47
44.04	34
44.06	36
44.08	49
44.1	56
44.12	57
44.14	40
44.16	43
44.18	47
44.2	31
44.22	42
44.24	46
44.26	37
44.28	46
44.3	50
44.32	40
44.34	43
44.36	44
44.38	66
44.4	68
44.42	49
44.44	38
44.46	45
44.48	49
44.5	49
44.52	42
44.54	50
44.56	60
44.58	43
44.6	34
44.62	35
44.64	54
44.66	69
44.68	68
44.7	45
44.72	66
44.74	48
44.76	42
44.78	45
44.8	49
44.82	49
44.84	41
44.86	39
44.88	59
44.9	61
44.92	43
44.94	35
44.96	33
44.98	33
45	49
45.02	53
45.04	48
45.06	48
45.08	54
45.1	44
45.12	47
45.14	43
45.16	39
45.18	40
45.2	45
45.22	31
45.24	43
45.26	52
45.28	60
45.3	43
45.32	40
45.34	44
45.36	31
45.38	43
45.4	42
45.42	47
45.44	23
45.46	45
45.48	45
45.5	46
45.52	45
45.54	49
45.56	38
45.58	35
45.6	51
45.62	50
45.64	37
45.66	37
45.68	41
45.7	36
45.72	36
45.74	44
45.76	38
45.78	46
45.8	49
45.82	40
45.84	45
45.86	43
45.88	39
45.9	42
45.92	54
45.94	48
45.96	38
45.98	39
46	36
46.02	49
46.04	39
46.06	45
46.08	48
46.1	42
46.12	49
46.14	33
46.16	31
46.18	40
46.2	56
46.22	39
46.24	38
46.26	49
46.28	46
46.3	45
46.32	47
46.34	48
46.36	66
46.38	48
46.4	32
46.42	54
46.44	52
46.46	50
46.48	39
46.5	34
46.52	36
46.54	57
46.56	47
46.58	38
46.6	43
46.62	56
46.64	36
46.66	45
46.68	55
46.7	49
46.72	36
46.74	44
46.76	59
46.78	55
46.8	53
46.82	42
46.84	43
46.86	42
46.88	42
46.9	47
46.92	59
46.94	58
46.96	44
46.98	48
47	46
47.02	47
47.04	41
47.06	37
47.08	50
47.1	58
47.12	46
47.14	36
47.16	28
47.18	46
47.2	30
47.22	41
47.24	39
47.26	31
47.28	35
47.3	42
47.32	48
47.34	42
47.36	42
47.38	41
47.4	38
47.42	31
47.44	41
47.46	43
47.48	51
47.5	47
47.52	42
47.54	44
47.56	39
47.58	40
47.6	51
47.62	62
47.64	59
47.66	33
47.68	37
47.7	47
47.72	53
47.74	50
47.76	51
47.78	57
47.8	49
47.82	45
47.84	57
47.86	44
47.88	40
47.9	28
47.92	39
47.94	41
47.96	39
47.98	44
48	36
48.02	28
48.04	39
48.06	44
48.08	38
48.1	46
48.12	41
48.14	44
48.16	50
48.18	39
48.2	32
48.22	43
48.24	44
48.26	53
48.28	33
48.3	39
48.32	41
48.34	45
48.36	44
48.38	43
48.4	35
48.42	39
48.44	40
48.46	62
48.48	45
48.5	56
48.52	53
48.54	47
48.56	41
48.58	34
48.6	45
48.62	39
48.64	46
48.66	45
48.68	36
48.7	46
48.72	56
48.74	45
48.76	44
48.78	42
48.8	41
48.82	33
48.84	47
48.86	33
48.88	32
48.9	50
48.92	47
48.94	34
48.96	43
48.98	42
49	25
49.02	36
49.04	36
49.06	43
49.08	50
49.1	48
49.12	43
49.14	58
49.16	39
49.18	39
49.2	50
49.22	49
49.24	35
49.26	35
49.28	38
49.3	37
49.32	45
49.34	40
49.36	34
49.38	42
49.4	39
49.42	33
49.44	33
49.46	36
49.48	25
49.5	40
49.52	45
49.54	42
49.56	35
49.58	42
49.6	48
49.62	35
49.64	26
49.66	39
49.68	49
49.7	32
49.72	43
49.74	48
49.76	43
49.78	33
49.8	66
49.82	41
49.84	37
49.86	46
49.88	39
49.9	47
49.92	36
49.94	43
49.96	37
49.98	41
50	25
50.02	29
50.04	55
50.06	46
50.08	33
50.1	51
50.12	48
50.14	41
50.16	53
50.18	49
50.2	44
50.22	40
50.24	52
50.26	49
50.28	46
50.3	46
50.32	41
50.34	22
50.36	34
50.38	35
50.4	40
50.42	49
50.44	47
50.46	43
50.48	46
50.5	37
50.52	34
50.54	43
50.56	54
50.58	47
50.6	38
50.62	39
50.64	41
50.66	48
50.68	45
50.7	41
50.72	36
50.74	28
50.76	35
50.78	39
50.8	37
50.82	48
50.84	39
50.86	26
50.88	38
50.9	43
50.92	50
50.94	50
50.96	36
50.98	52
51	30
51.02	35
51.04	42
51.06	48
51.08	45
51.1	43
51.12	51
51.14	31
51.16	36
51.18	33
51.2	41
51.22	46
51.24	48
51.26	40
51.28	38
51.3	33
51.32	37
51.34	23
51.36	33
51.38	42
51.4	60
51.42	41
51.44	39
51.46	39
51.48	43
51.5	47
51.52	54
51.54	41
51.56	58
51.58	52
51.6	26
51.62	39
51.64	51
51.66	38
51.68	31
51.7	37
51.72	40
51.74	45
51.76	54
51.78	52
51.8	38
51.82	35
51.84	36
51.86	34
51.88	35
51.9	39
51.92	36
51.94	39
51.96	50
51.98	28
52	43
52.02	31
52.04	50
52.06	40
52.08	39
52.1	35
52.12	34
52.14	43
52.16	47
52.18	37
52.2	48
52.22	51
52.24	41
52.26	47
52.28	34
52.3	33
52.32	37
52.34	49
52.36	42
52.38	38
52.4	32
52.42	30
52.44	29
52.46	42
52.48	40
52.5	29
52.52	42
52.54	44
52.56	42
52.58	37
52.6	42
52.62	46
52.64	38
52.66	42
52.68	43
52.7	23
52.72	32
52.74	29
52.76	41
52.78	36
52.8	53
52.82	34
52.84	34
52.86	43
52.88	47
52.9	56
52.92	41
52.94	39
52.96	41
52.98	45
53	53
53.02	43
53.04	40
53.06	42
53.08	36
53.1	29
53.12	44
53.14	47
53.16	45
53.18	35
53.2	39
53.22	44
53.24	45
53.26	35
53.28	32
53.3	32
53.32	42
53.34	36
53.36	24
53.38	33
53.4	34
53.42	44
53.44	53
53.46	55
53.48	41
53.5	32
53.52	35
53.54	41
53.56	29
53.58	32
53.6	41
53.62	39
53.64	57
53.66	39
53.68	60
53.7	58
53.72	34
53.74	43
53.76	57
53.78	48
53.8	36
53.82	43
53.84	42
53.86	32
53.88	41
53.9	36
53.92	41
53.94	36
53.96	41
53.98	42
54	64
54.02	39
54.04	38
54.06	35
54.08	33
54.1	31
54.12	39
54.14	44
54.16	48
54.18	44
54.2	36
54.22	30
54.24	42
54.26	55
54.28	47
54.3	29
54.32	36
54.34	35
54.36	30
54.38	38
54.4	30
54.42	28
54.44	31
54.46	46
54.48	34
54.5	31
54.52	35
54.54	44
54.56	52
54.58	49
54.6	35
54.62	29
54.64	45
54.66	45
54.68	45
54.7	33
54.72	44
54.74	37
54.76	45
54.78	30
54.8	27
54.82	39
54.84	34
54.86	43
54.88	41
54.9	38
54.92	35
54.94	38
54.96	51
54.98	51
55	47
55.02	41
55.04	37
55.06	40
55.08	31
55.1	39
55.12	43
55.14	36
55.16	33
55.18	40
55.2	38
55.22	43
55.24	37
55.26	34
55.28	37
55.3	29
55.32	36
55.34	29
55.36	37
55.38	41
55.4	46
55.42	41
55.44	60
55.46	45
55.48	35
55.5	41
55.52	32
55.54	24
55.56	43
55.58	45
55.6	52
55.62	35
55.64	26
55.66	32
55.68	44
55.7	38
55.72	52
55.74	41
55.76	29
55.78	35
55.8	41
55.82	37
55.84	49
55.86	36
55.88	40
55.9	44
55.92	36
55.94	47
55.96	32
55.98	33
56	51
56.02	38
56.04	40
56.06	35
56.08	29
56.1	36
56.12	40
56.14	29
56.16	22
56.18	34
56.2	35
56.22	47
56.24	38
56.26	44
56.28	36
56.3	32
56.32	40
56.34	36
56.36	37
56.38	31
56.4	48
56.42	38
56.44	32
56.46	34
56.48	42
56.5	38
56.52	35
56.54	25
56.56	30
56.58	29
56.6	50
56.62	47
56.64	41
56.66	45
56.68	56
56.7	38
56.72	41
56.74	47
56.76	42
56.78	50
56.8	61
56.82	45
56.84	41
56.86	38
56.88	34
56.9	38
56.92	40
56.94	44
56.96	35
56.98	34
57	35
57.02	34
57.04	34
57.06	45
57.08	35
57.1	31
57.12	31
57.14	34
57.16	28
57.18	47
57.2	34
57.22	29
57.24	41
57.26	43
57.28	41
57.3	35
57.32	37
57.34	31
57.36	34
57.38	38
57.4	27
57.42	36
57.44	44
57.46	33
57.48	35
57.5	32
57.52	34
57.54	35
57.56	33
57.58	42
57.6	39
57.62	27
57.64	33
57.66	45
57.68	38
57.7	37
57.72	38
57.74	44
57.76	50
57.78	27
57.8	32
57.82	31
57.84	52
57.86	36
57.88	47
57.9	37
57.92	42
57.94	33
57.96	41
57.98	26
58	34
58.02	43
58.04	50
58.06	46
58.08	47
58.1	57
58.12	48
58.14	33
58.16	41
58.18	47
58.2	54
58.22	38
58.24	35
58.26	30
58.28	34
58.3	41
58.32	46
58.34	36
58.36	41
58.38	47
58.4	48
58.42	32
58.44	38
58.46	53
58.48	48
58.5	40
58.52	34
58.54	42
58.56	48
58.58	42
58.6	29
58.62	46
58.64	35
58.66	33
58.68	29
58.7	28
58.72	33
58.74	46
58.76	38
58.78	35
58.8	31
58.82	42
58.84	44
58.86	51
58.88	36
58.9	36
58.92	34
58.94	37
58.96	23
58.98	30
59	34
59.02	43
59.04	35
59.06	37
59.08	35
59.1	31
59.12	33
59.14	37
59.16	45
59.18	41
59.2	40
59.22	56
59.24	35
59.26	35
59.28	36
59.3	38
59.32	25
59.34	39
59.36	30
59.38	37
59.4	42
59.42	35
59.44	30
59.46	30
59.48	32
59.5	31
59.52	55
59.54	48
59.56	37
59.58	30
59.6	30
59.62	45
59.64	43
59.66	32
59.68	41
59.7	36
59.72	43
59.74	50
59.76	28
59.78	26
59.8	35
59.82	29
59.84	47
59.86	44
59.88	40
59.9	51
59.92	49
59.94	35
59.96	29
59.98	38
60	40
60.02	41
60.04	43
60.06	28
60.08	27
60.1	31
60.12	36
60.14	41
60.16	41
60.18	39
60.2	38
60.22	47
60.24	46
60.26	34
60.28	45
60.3	46
60.32	52
60.34	40
60.36	45
60.38	51
60.4	51
60.42	51
60.44	41
60.46	52
60.48	38
60.5	37
60.52	40
60.54	33
60.56	45
60.58	42
60.6	21
60.62	28
60.64	26
60.66	32
60.68	37
60.7	39
60.72	25
60.74	36
60.76	41
60.78	45
60.8	40
60.82	26
60.84	34
60.86	51
60.88	43
60.9	33
60.92	36
60.94	44
60.96	45
60.98	38
61	36
61.02	35
61.04	37
61.06	42
61.08	47
61.1	44
61.12	37
61.14	38
61.16	47
61.18	35
61.2	51
61.22	30
61.24	34
61.26	38
61.28	46
61.3	34
61.32	34
61.34	41
61.36	30
61.38	28
61.4	35
61.42	29
61.44	39
61.46	29
61.48	43
61.5	32
61.52	38
61.54	27
61.56	26
61.58	30
61.6	26
61.62	30
61.64	29
61.66	36
61.68	37
61.7	42
61.72	42
61.74	28
61.76	38
61.78	35
61.8	36
61.82	34
61.84	27
61.86	28
61.88	38
61.9	37
61.92	35
61.94	37
61.96	33
61.98	33
62	32
62.02	47
62.04	43
62.06	43
62.08	39
62.1	33
62.12	35
62.14	33
62.16	28
62.18	32
62.2	39
62.22	45
62.24	30
62.26	47
62.28	37
62.3	28
62.32	40
62.34	35
62.36	40
62.38	35
62.4	39
62.42	29
62.44	19
62.46	27
62.48	35
62.5	43
62.52	37
62.54	25
62.56	26
62.58	31
62.6	41
62.62	37
62.64	32
62.66	32
62.68	34
62.7	29
62.72	29
62.74	37
62.76	34
62.78	39
62.8	32
62.82	34
62.84	31
62.86	45
62.88	44
62.9	43
62.92	31
62.94	29
62.96	44
62.98	30
63	36
63.02	32
63.04	24
63.06	33
63.08	33
63.1	35
63.12	30
63.14	35
63.16	33
63.18	38
63.2	35
63.22	29
63.24	29
63.26	33
63.28	31
63.3	33
63.32	49
63.34	36
63.36	39
63.38	40
63.4	24
63.42	30
63.44	28
63.46	47
63.48	44
63.5	29
63.52	35
63.54	47
63.56	36
63.58	42
63.6	33
63.62	25
63.64	36
63.66	27
63.68	43
63.7	45
63.72	48
63.74	43
63.76	33
63.78	30
63.8	33
63.82	34
63.84	42
63.86	43
63.88	28
63.9	30
63.92	32
63.94	43
63.96	39
63.98	40
64	53
64.02	37
64.04	44
64.06	29
64.08	40
64.1	51
64.12	36
64.14	40
64.16	44
64.18	38
64.2	49
64.22	42
64.24	35
64.26	32
64.28	31
64.3	33
64.32	31
64.34	28
64.36	29
64.38	29
64.4	41
64.42	45
64.44	31
64.46	29
64.48	40
64.5	35
64.52	30
64.54	30
64.56	34
64.58	28
64.6	19
64.62	25
64.64	34
64.66	32
64.68	30
64.7	39
64.72	34
64.74	24
64.76	33
64.78	18
64.8	26
64.82	37
64.84	34
64.86	39
64.88	42
64.9	41
64.92	42
64.94	26
64.96	32
64.98	34
65	29
65.02	24
65.04	31
65.06	46
65.08	53
65.1	34
65.12	39
65.14	41
65.16	38
65.18	40
65.2	51
65.22	48
65.24	34
65.26	28
65.28	34
65.3	32
65.32	33
65.34	32
65.36	34
65.38	26
65.4	34
65.42	29
65.44	31
65.46	35
65.48	33
65.5	27
65.52	32
65.54	30
65.56	19
65.58	33
65.6	45
65.62	45
65.64	38
65.66	33
65.68	37
65.7	39
65.72	42
65.74	32
65.76	27
65.78	19
65.8	53
65.82	35
65.84	25
65.86	24
65.88	38
65.9	25
65.92	39
65.94	29
65.96	36
65.98	41
66	32
66.02	36
66.04	29
66.06	27
66.08	25
66.1	39
66.12	27
66.14	20
66.16	31
66.18	26
66.2	32
66.22	38
66.24	40
66.26	38
66.28	41
66.3	29
66.32	27
66.34	39
66.36	32
66.38	40
66.4	27
66.42	37
66.44	30
66.46	31
66.48	33
66.5	37
66.52	26
66.54	29
66.56	30
66.58	29
66.6	33
66.62	37
66.64	23
66.66	35
66.68	42
66.7	44
66.72	50
66.74	36
66.76	38
66.78	28
66.8	32
66.82	35
66.84	35
66.86	46
66.88	35
66.9	31
66.92	32
66.94	31
66.96	34
66.98	32
67	35
67.02	46
67.04	40
67.06	37
67.08	34
67.1	35
67.12	18
67.14	23
67.16	25
67.18	23
67.2	29
67.22	28
67.24	41
67.26	38
67.28	45
67.3	33
67.32	42
67.34	27
67.36	28
67.38	26
67.4	40
67.42	36
67.44	34
67.46	21
67.48	28
67.5	46
67.52	40
67.54	63
67.56	37
67.58	32
67.6	20
67.62	34
67.64	41
67.66	34
67.68	34
67.7	33
67.72	34
67.74	43
67.76	34
67.78	33
67.8	27
67.82	26
67.84	35
67.86	32
67.88	41
67.9	30
67.92	38
67.94	38
67.96	31
67.98	29
68	33
68.02	41
68.04	55
68.06	37
68.08	37
68.1	41
68.12	38
68.14	33
68.16	35
68.18	24
68.2	21
68.22	26
68.24	43
68.26	34
68.28	28
68.3	26
68.32	39
68.34	37
68.36	34
68.38	49
68.4	47
68.42	39
68.44	34
68.46	35
68.48	49
68.5	41
68.52	40
68.54	23
68.56	43
68.58	32
68.6	40
68.62	43
68.64	41
68.66	28
68.68	38
68.7	30
68.72	36
68.74	29
68.76	42
68.78	39
68.8	40
68.82	34
68.84	34
68.86	34
68.88	38
68.9	36
68.92	31
68.94	36
68.96	43
68.98	30
69	22
69.02	30
69.04	32
69.06	32
69.08	31
69.1	29
69.12	24
69.14	22
69.16	26
69.18	32
69.2	52
69.22	38
69.24	35
69.26	38
69.28	17
69.3	26
69.32	36
69.34	40
69.36	25
69.38	47
69.4	52
69.42	45
69.44	37
69.46	45
69.48	31
69.5	30
69.52	35
69.54	27
69.56	31
69.58	35
69.6	39
69.62	26
69.64	40
69.66	36
69.68	37
69.7	35
69.72	37
69.74	35
69.76	28
69.78	22
69.8	35
69.82	40
69.84	27
69.86	32
69.88	33
69.9	36
69.92	33
69.94	36
69.96	45
69.98	22
70	26
70.02	34
70.04	39
70.06	39
70.08	52
70.1	25
70.12	32
70.14	28
70.16	32
70.18	33
70.2	33
70.22	44
70.24	58
70.26	39
70.28	31
70.3	31
70.32	34
70.34	30
70.36	40
70.38	24
70.4	41
70.42	39
70.44	36
70.46	26
70.48	34
70.5	39
70.52	27
70.54	32
70.56	29
70.58	31
70.6	32
70.62	29
70.64	30
70.66	34
70.68	38
70.7	24
70.72	29
70.74	34
70.76	37
70.78	38
70.8	43
70.82	43
70.84	37
70.86	34
70.88	26
70.9	31
70.92	29
70.94	35
70.96	35
70.98	37
71	36
71.02	21
71.04	23
71.06	25
71.08	31
71.1	27
71.12	42
71.14	27
71.16	21
71.18	33
71.2	32
71.22	30
71.24	23
71.26	35
71.28	36
71.3	18
71.32	23
71.34	37
71.36	25
71.38	36
71.4	30
71.42	24
71.44	38
71.46	39
71.48	31
71.5	23
71.52	33
71.54	25
71.56	27
71.58	32
71.6	21
71.62	32
71.64	35
71.66	40
71.68	39
71.7	46
71.72	37
71.74	43
71.76	58
71.78	31
71.8	38
71.82	31
71.84	37
71.86	30
71.88	36
71.9	40
71.92	24
71.94	28
71.96	33
71.98	34
72	34
72.02	33
72.04	30
72.06	28
72.08	27
72.1	32
72.12	25
72.14	19
72.16	32
72.18	32
72.2	36
72.22	33
72.24	41
72.26	34
72.28	26
72.3	40
72.32	32
72.34	24
72.36	25
72.38	22
72.4	30
72.42	29
72.44	22
72.46	39
72.48	45
72.5	40
72.52	26
72.54	24
72.56	23
72.58	31
72.6	28
72.62	32
72.64	35
72.66	35
72.68	26
72.7	35
72.72	24
72.74	19
72.76	25
72.78	34
72.8	25
72.82	25
72.84	38
72.86	27
72.88	34
72.9	32
72.92	34
72.94	29
72.96	25
72.98	29
73	20
73.02	19
73.04	29
73.06	25
73.08	30
73.1	34
73.12	27
73.14	21
73.16	20
73.18	24
73.2	27
73.22	20
73.24	21
73.26	32
73.28	29
73.3	27
73.32	32
73.34	23
73.36	26
73.38	36
73.4	27
73.42	22
73.44	25
73.46	22
73.48	36
73.5	39
73.52	36
73.54	23
73.56	26
73.58	23
73.6	31
73.62	41
73.64	37
73.66	26
73.68	31
73.7	31
73.72	36
73.74	31
73.76	35
73.78	40
73.8	52
73.82	32
73.84	28
73.86	24
73.88	35
73.9	30
73.92	37
73.94	36
73.96	35
73.98	23
74	36
74.02	34
74.04	29
74.06	27
74.08	24
74.1	27
74.12	44
74.14	29
74.16	33
74.18	42
74.2	42
74.22	35
74.24	24
74.26	22
74.28	29
74.3	28
74.32	23
74.34	20
74.36	28
74.38	32
74.4	28
74.42	21
74.44	21
74.46	34
74.48	33
74.5	38
74.52	23
74.54	25
74.56	34
74.58	41
74.6	36
74.62	28
74.64	34
74.66	35
74.68	32
74.7	31
74.72	28
74.74	27
74.76	26
74.78	31
74.8	32
74.82	27
74.84	29
74.86	32
74.88	24
74.9	28
74.92	26
74.94	29
74.96	36
74.98	34
