Counter Settings:
Falling Edge
Disc Threshold [V]	-0.301514
Dwell time [s]	2.000000E-8
Number of channels	3750
Number of Scans	50000

D2
v 0
J 5
28.9V 3.30A
Au 788C
Knnew  C
Kn  e-2mbar (base 1.5e-2)
x=35mm y=35.5mm z=512mm
D2/RGA 7.5e-10 torr (base 8e-11)
500: 9.9e-9 mbar
100: 1.6e-9 mbar
FFR heater 4.0A 1.53V
extra heater 3.0A 0.5V
Extractor: -30V
Lens: -1200V
MCP: -2100V
Laser Position	201.936230

Laser Power [mJ]	0.781322
Time [µs]	Counts
0	80772
0.02	22068
0.04	325
0.06	184
0.08	205
0.1	84
0.12	33
0.14	27
0.16	22
0.18	36
0.2	39
0.22	55
0.24	70
0.26	89
0.28	115
0.3	120
0.32	101
0.34	97
0.36	119
0.38	157
0.4	169
0.42	172
0.44	123
0.46	113
0.48	107
0.5	91
0.52	100
0.54	98
0.56	85
0.58	65
0.6	92
0.62	108
0.64	121
0.66	123
0.68	97
0.7	103
0.72	121
0.74	154
0.76	178
0.78	214
0.8	254
0.82	289
0.84	288
0.86	343
0.88	379
0.9	422
0.92	466
0.94	491
0.96	582
0.98	682
1	863
1.02	1025
1.04	1201
1.06	1190
1.08	1144
1.1	1000
1.12	863
1.14	631
1.16	453
1.18	387
1.2	342
1.22	294
1.24	288
1.26	280
1.28	276
1.3	253
1.32	248
1.34	261
1.36	254
1.38	238
1.4	265
1.42	241
1.44	192
1.46	170
1.48	152
1.5	133
1.52	137
1.54	109
1.56	103
1.58	74
1.6	58
1.62	58
1.64	48
1.66	61
1.68	57
1.7	66
1.72	58
1.74	56
1.76	74
1.78	67
1.8	56
1.82	43
1.84	49
1.86	65
1.88	57
1.9	47
1.92	55
1.94	58
1.96	54
1.98	57
2	55
2.02	53
2.04	48
2.06	52
2.08	49
2.1	51
2.12	59
2.14	63
2.16	72
2.18	53
2.2	62
2.22	70
2.24	65
2.26	47
2.28	49
2.3	35
2.32	44
2.34	32
2.36	34
2.38	45
2.4	54
2.42	43
2.44	54
2.46	58
2.48	50
2.5	37
2.52	49
2.54	47
2.56	34
2.58	26
2.6	39
2.62	24
2.64	36
2.66	33
2.68	30
2.7	27
2.72	26
2.74	26
2.76	22
2.78	33
2.8	39
2.82	29
2.84	26
2.86	32
2.88	36
2.9	21
2.92	21
2.94	25
2.96	25
2.98	20
3	21
3.02	25
3.04	27
3.06	29
3.08	27
3.1	16
3.12	19
3.14	30
3.16	25
3.18	27
3.2	28
3.22	29
3.24	21
3.26	34
3.28	38
3.3	35
3.32	26
3.34	32
3.36	35
3.38	31
3.4	33
3.42	26
3.44	24
3.46	22
3.48	31
3.5	31
3.52	36
3.54	34
3.56	34
3.58	32
3.6	35
3.62	21
3.64	21
3.66	29
3.68	23
3.7	25
3.72	30
3.74	38
3.76	41
3.78	35
3.8	42
3.82	43
3.84	36
3.86	26
3.88	39
3.9	35
3.92	33
3.94	39
3.96	36
3.98	36
4	36
4.02	41
4.04	44
4.06	42
4.08	38
4.1	48
4.12	38
4.14	49
4.16	49
4.18	42
4.2	47
4.22	40
4.24	41
4.26	28
4.28	37
4.3	35
4.32	49
4.34	36
4.36	37
4.38	38
4.4	33
4.42	34
4.44	31
4.46	40
4.48	43
4.5	44
4.52	32
4.54	41
4.56	41
4.58	48
4.6	53
4.62	39
4.64	40
4.66	36
4.68	37
4.7	47
4.72	52
4.74	39
4.76	44
4.78	20
4.8	31
4.82	38
4.84	48
4.86	49
4.88	44
4.9	46
4.92	50
4.94	42
4.96	68
4.98	62
5	41
5.02	49
5.04	40
5.06	34
5.08	52
5.1	69
5.12	70
5.14	57
5.16	48
5.18	52
5.2	68
5.22	63
5.24	56
5.26	55
5.28	55
5.3	44
5.32	42
5.34	40
5.36	55
5.38	82
5.4	74
5.42	60
5.44	61
5.46	48
5.48	64
5.5	65
5.52	61
5.54	75
5.56	60
5.58	49
5.6	63
5.62	55
5.64	46
5.66	67
5.68	62
5.7	60
5.72	62
5.74	70
5.76	71
5.78	62
5.8	49
5.82	61
5.84	57
5.86	51
5.88	63
5.9	60
5.92	62
5.94	57
5.96	42
5.98	39
6	42
6.02	59
6.04	54
6.06	43
6.08	57
6.1	66
6.12	53
6.14	57
6.16	62
6.18	72
6.2	53
6.22	62
6.24	64
6.26	63
6.28	78
6.3	53
6.32	52
6.34	49
6.36	46
6.38	68
6.4	61
6.42	64
6.44	67
6.46	51
6.48	60
6.5	57
6.52	59
6.54	68
6.56	60
6.58	63
6.6	63
6.62	63
6.64	70
6.66	75
6.68	77
6.7	70
6.72	64
6.74	66
6.76	59
6.78	54
6.8	51
6.82	71
6.84	70
6.86	66
6.88	55
6.9	71
6.92	80
6.94	84
6.96	77
6.98	72
7	77
7.02	71
7.04	57
7.06	64
7.08	82
7.1	84
7.12	73
7.14	63
7.16	72
7.18	76
7.2	79
7.22	58
7.24	61
7.26	64
7.28	79
7.3	57
7.32	65
7.34	70
7.36	59
7.38	70
7.4	80
7.42	51
7.44	61
7.46	57
7.48	63
7.5	73
7.52	66
7.54	77
7.56	78
7.58	77
7.6	68
7.62	73
7.64	77
7.66	68
7.68	56
7.7	72
7.72	72
7.74	93
7.76	76
7.78	83
7.8	89
7.82	80
7.84	77
7.86	59
7.88	50
7.9	63
7.92	73
7.94	87
7.96	81
7.98	78
8	101
8.02	102
8.04	85
8.06	72
8.08	68
8.1	81
8.12	70
8.14	70
8.16	93
8.18	71
8.2	83
8.22	72
8.24	68
8.26	77
8.28	80
8.3	68
8.32	80
8.34	85
8.36	81
8.38	71
8.4	70
8.42	74
8.44	79
8.46	79
8.48	84
8.5	81
8.52	86
8.54	78
8.56	91
8.58	88
8.6	98
8.62	93
8.64	98
8.66	105
8.68	112
8.7	91
8.72	104
8.74	109
8.76	103
8.78	104
8.8	102
8.82	77
8.84	73
8.86	78
8.88	80
8.9	80
8.92	77
8.94	112
8.96	96
8.98	110
9	118
9.02	88
9.04	111
9.06	108
9.08	115
9.1	86
9.12	68
9.14	72
9.16	89
9.18	87
9.2	82
9.22	83
9.24	84
9.26	88
9.28	90
9.3	67
9.32	87
9.34	93
9.36	105
9.38	87
9.4	73
9.42	86
9.44	75
9.46	68
9.48	68
9.5	77
9.52	68
9.54	81
9.56	80
9.58	54
9.6	53
9.62	63
9.64	61
9.66	58
9.68	66
9.7	50
9.72	43
9.74	57
9.76	73
9.78	82
9.8	60
9.82	38
9.84	35
9.86	42
9.88	48
9.9	50
9.92	52
9.94	49
9.96	49
9.98	60
10	61
10.02	55
10.04	38
10.06	30
10.08	41
10.1	40
10.12	38
10.14	56
10.16	54
10.18	36
10.2	41
10.22	45
10.24	53
10.26	57
10.28	64
10.3	44
10.32	54
10.34	49
10.36	35
10.38	39
10.4	48
10.42	53
10.44	47
10.46	34
10.48	28
10.5	29
10.52	40
10.54	39
10.56	34
10.58	39
10.6	47
10.62	50
10.64	59
10.66	37
10.68	37
10.7	48
10.72	38
10.74	27
10.76	25
10.78	34
10.8	30
10.82	27
10.84	37
10.86	46
10.88	34
10.9	26
10.92	33
10.94	26
10.96	29
10.98	39
11	32
11.02	36
11.04	38
11.06	42
11.08	55
11.1	47
11.12	37
11.14	31
11.16	35
11.18	35
11.2	25
11.22	27
11.24	32
11.26	35
11.28	41
11.3	30
11.32	31
11.34	32
11.36	28
11.38	31
11.4	30
11.42	39
11.44	43
11.46	30
11.48	21
11.5	27
11.52	39
11.54	42
11.56	44
11.58	28
11.6	43
11.62	47
11.64	41
11.66	36
11.68	49
11.7	28
11.72	33
11.74	32
11.76	39
11.78	28
11.8	43
11.82	36
11.84	41
11.86	36
11.88	34
11.9	37
11.92	33
11.94	42
11.96	39
11.98	30
12	35
12.02	46
12.04	35
12.06	41
12.08	29
12.1	34
12.12	36
12.14	29
12.16	26
12.18	28
12.2	23
12.22	32
12.24	40
12.26	37
12.28	47
12.3	50
12.32	34
12.34	28
12.36	37
12.38	40
12.4	45
12.42	46
12.44	27
12.46	25
12.48	29
12.5	26
12.52	31
12.54	30
12.56	30
12.58	28
12.6	18
12.62	25
12.64	30
12.66	30
12.68	30
12.7	31
12.72	46
12.74	42
12.76	39
12.78	46
12.8	42
12.82	36
12.84	20
12.86	23
12.88	37
12.9	49
12.92	37
12.94	52
12.96	38
12.98	34
13	22
13.02	22
13.04	32
13.06	40
13.08	44
13.1	36
13.12	36
13.14	33
13.16	48
13.18	23
13.2	35
13.22	39
13.24	32
13.26	34
13.28	46
13.3	47
13.32	25
13.34	25
13.36	36
13.38	34
13.4	46
13.42	48
13.44	27
13.46	36
13.48	41
13.5	33
13.52	35
13.54	36
13.56	41
13.58	44
13.6	42
13.62	40
13.64	32
13.66	33
13.68	53
13.7	38
13.72	35
13.74	28
13.76	34
13.78	45
13.8	41
13.82	39
13.84	51
13.86	36
13.88	24
13.9	41
13.92	29
13.94	28
13.96	30
13.98	39
14	38
14.02	27
14.04	21
14.06	36
14.08	21
14.1	27
14.12	42
14.14	54
14.16	57
14.18	35
14.2	35
14.22	32
14.24	47
14.26	38
14.28	34
14.3	31
14.32	25
14.34	31
14.36	41
14.38	44
14.4	44
14.42	49
14.44	57
14.46	30
14.48	27
14.5	37
14.52	46
14.54	31
14.56	40
14.58	47
14.6	35
14.62	34
14.64	36
14.66	39
14.68	38
14.7	35
14.72	33
14.74	38
14.76	35
14.78	36
14.8	26
14.82	34
14.84	41
14.86	33
14.88	30
14.9	30
14.92	46
14.94	52
14.96	44
14.98	39
15	23
15.02	45
15.04	34
15.06	33
15.08	53
15.1	40
15.12	47
15.14	36
15.16	38
15.18	40
15.2	30
15.22	24
15.24	20
15.26	28
15.28	23
15.3	30
15.32	38
15.34	27
15.36	29
15.38	38
15.4	60
15.42	47
15.44	42
15.46	41
15.48	27
15.5	27
15.52	31
15.54	39
15.56	38
15.58	35
15.6	44
15.62	38
15.64	45
15.66	38
15.68	36
15.7	32
15.72	38
15.74	41
15.76	44
15.78	42
15.8	29
15.82	32
15.84	42
15.86	43
15.88	41
15.9	28
15.92	23
15.94	25
15.96	30
15.98	26
16	37
16.02	41
16.04	44
16.06	35
16.08	34
16.1	40
16.12	45
16.14	49
16.16	39
16.18	37
16.2	33
16.22	37
16.24	43
16.26	37
16.28	43
16.3	39
16.32	33
16.34	44
16.36	28
16.38	33
16.4	40
16.42	39
16.44	40
16.46	45
16.48	43
16.5	28
16.52	26
16.54	40
16.56	33
16.58	37
16.6	46
16.62	33
16.64	30
16.66	28
16.68	42
16.7	39
16.72	25
16.74	28
16.76	35
16.78	39
16.8	40
16.82	46
16.84	44
16.86	31
16.88	34
16.9	47
16.92	47
16.94	44
16.96	36
16.98	33
17	38
17.02	47
17.04	33
17.06	23
17.08	21
17.1	33
17.12	44
17.14	36
17.16	41
17.18	39
17.2	29
17.22	33
17.24	32
17.26	36
17.28	25
17.3	47
17.32	34
17.34	24
17.36	45
17.38	46
17.4	51
17.42	43
17.44	41
17.46	27
17.48	30
17.5	27
17.52	35
17.54	36
17.56	37
17.58	35
17.6	38
17.62	27
17.64	36
17.66	28
17.68	40
17.7	47
17.72	44
17.74	43
17.76	46
17.78	50
17.8	31
17.82	29
17.84	55
17.86	49
17.88	36
17.9	41
17.92	35
17.94	45
17.96	40
17.98	33
18	25
18.02	29
18.04	39
18.06	37
18.08	48
18.1	39
18.12	30
18.14	39
18.16	40
18.18	39
18.2	29
18.22	41
18.24	46
18.26	55
18.28	33
18.3	26
18.32	37
18.34	33
18.36	28
18.38	35
18.4	40
18.42	27
18.44	43
18.46	46
18.48	48
18.5	36
18.52	49
18.54	47
18.56	39
18.58	36
18.6	29
18.62	42
18.64	31
18.66	33
18.68	40
18.7	40
18.72	34
18.74	36
18.76	44
18.78	35
18.8	51
18.82	40
18.84	32
18.86	42
18.88	41
18.9	42
18.92	49
18.94	42
18.96	29
18.98	38
19	30
19.02	27
19.04	37
19.06	29
19.08	43
19.1	46
19.12	37
19.14	45
19.16	33
19.18	35
19.2	38
19.22	42
19.24	56
19.26	46
19.28	41
19.3	44
19.32	49
19.34	57
19.36	45
19.38	43
19.4	38
19.42	26
19.44	40
19.46	39
19.48	49
19.5	46
19.52	48
19.54	52
19.56	44
19.58	42
19.6	47
19.62	46
19.64	36
19.66	39
19.68	31
19.7	38
19.72	65
19.74	41
19.76	32
19.78	44
19.8	43
19.82	51
19.84	44
19.86	45
19.88	41
19.9	35
19.92	46
19.94	43
19.96	40
19.98	38
20	44
20.02	47
20.04	47
20.06	42
20.08	40
20.1	35
20.12	32
20.14	39
20.16	33
20.18	31
20.2	41
20.22	44
20.24	47
20.26	38
20.28	48
20.3	37
20.32	48
20.34	34
20.36	44
20.38	42
20.4	41
20.42	48
20.44	64
20.46	44
20.48	53
20.5	47
20.52	39
20.54	34
20.56	48
20.58	38
20.6	38
20.62	44
20.64	30
20.66	37
20.68	39
20.7	38
20.72	45
20.74	46
20.76	39
20.78	51
20.8	45
20.82	40
20.84	52
20.86	50
20.88	49
20.9	54
20.92	46
20.94	51
20.96	37
20.98	31
21	39
21.02	46
21.04	51
21.06	34
21.08	34
21.1	44
21.12	53
21.14	44
21.16	47
21.18	40
21.2	44
21.22	37
21.24	32
21.26	48
21.28	52
21.3	34
21.32	35
21.34	36
21.36	47
21.38	43
21.4	50
21.42	51
21.44	51
21.46	37
21.48	29
21.5	43
21.52	36
21.54	47
21.56	53
21.58	51
21.6	48
21.62	30
21.64	38
21.66	45
21.68	48
21.7	58
21.72	45
21.74	55
21.76	48
21.78	36
21.8	52
21.82	30
21.84	25
21.86	28
21.88	39
21.9	39
21.92	62
21.94	58
21.96	43
21.98	30
22	38
22.02	48
22.04	43
22.06	48
22.08	40
22.1	47
22.12	47
22.14	42
22.16	34
22.18	33
22.2	39
22.22	49
22.24	47
22.26	45
22.28	36
22.3	37
22.32	44
22.34	40
22.36	48
22.38	47
22.4	46
22.42	40
22.44	33
22.46	42
22.48	43
22.5	37
22.52	37
22.54	50
22.56	46
22.58	44
22.6	37
22.62	47
22.64	59
22.66	54
22.68	42
22.7	22
22.72	44
22.74	38
22.76	39
22.78	39
22.8	43
22.82	48
22.84	36
22.86	36
22.88	33
22.9	47
22.92	41
22.94	49
22.96	40
22.98	32
23	34
23.02	34
23.04	35
23.06	50
23.08	43
23.1	53
23.12	51
23.14	50
23.16	39
23.18	39
23.2	39
23.22	45
23.24	41
23.26	35
23.28	35
23.3	43
23.32	48
23.34	41
23.36	28
23.38	50
23.4	41
23.42	41
23.44	61
23.46	61
23.48	45
23.5	46
23.52	44
23.54	39
23.56	42
23.58	59
23.6	43
23.62	46
23.64	43
23.66	43
23.68	38
23.7	50
23.72	38
23.74	41
23.76	45
23.78	33
23.8	35
23.82	41
23.84	42
23.86	29
23.88	43
23.9	54
23.92	50
23.94	52
23.96	58
23.98	42
24	40
24.02	56
24.04	45
24.06	42
24.08	38
24.1	39
24.12	44
24.14	54
24.16	62
24.18	45
24.2	45
24.22	48
24.24	42
24.26	43
24.28	45
24.3	46
24.32	55
24.34	63
24.36	53
24.38	34
24.4	47
24.42	45
24.44	50
24.46	43
24.48	45
24.5	46
24.52	47
24.54	37
24.56	35
24.58	60
24.6	42
24.62	48
24.64	42
24.66	40
24.68	41
24.7	38
24.72	42
24.74	46
24.76	33
24.78	55
24.8	53
24.82	59
24.84	54
24.86	36
24.88	36
24.9	47
24.92	40
24.94	48
24.96	65
24.98	53
25	42
25.02	50
25.04	55
25.06	54
25.08	57
25.1	51
25.12	52
25.14	50
25.16	54
25.18	54
25.2	67
25.22	49
25.24	44
25.26	50
25.28	40
25.3	34
25.32	40
25.34	35
25.36	51
25.38	47
25.4	47
25.42	46
25.44	43
25.46	62
25.48	57
25.5	47
25.52	58
25.54	52
25.56	48
25.58	44
25.6	45
25.62	48
25.64	42
25.66	41
25.68	47
25.7	51
25.72	47
25.74	46
25.76	40
25.78	44
25.8	42
25.82	39
25.84	43
25.86	46
25.88	51
25.9	31
25.92	38
25.94	46
25.96	56
25.98	39
26	52
26.02	53
26.04	46
26.06	43
26.08	48
26.1	41
26.12	48
26.14	40
26.16	46
26.18	37
26.2	40
26.22	50
26.24	45
26.26	43
26.28	46
26.3	44
26.32	49
26.34	36
26.36	33
26.38	39
26.4	45
26.42	50
26.44	52
26.46	55
26.48	43
26.5	47
26.52	42
26.54	46
26.56	38
26.58	50
26.6	46
26.62	51
26.64	40
26.66	29
26.68	43
26.7	52
26.72	42
26.74	49
26.76	65
26.78	46
26.8	49
26.82	61
26.84	55
26.86	54
26.88	40
26.9	39
26.92	55
26.94	51
26.96	55
26.98	63
27	48
27.02	60
27.04	63
27.06	57
27.08	53
27.1	43
27.12	61
27.14	53
27.16	57
27.18	56
27.2	40
27.22	49
27.24	54
27.26	45
27.28	44
27.3	45
27.32	47
27.34	45
27.36	36
27.38	46
27.4	45
27.42	43
27.44	71
27.46	58
27.48	71
27.5	52
27.52	39
27.54	43
27.56	52
27.58	48
27.6	39
27.62	51
27.64	44
27.66	55
27.68	55
27.7	57
27.72	56
27.74	53
27.76	53
27.78	36
27.8	45
27.82	58
27.84	59
27.86	49
27.88	42
27.9	41
27.92	37
27.94	48
27.96	60
27.98	44
28	50
28.02	60
28.04	42
28.06	48
28.08	67
28.1	55
28.12	53
28.14	47
28.16	43
28.18	51
28.2	53
28.22	42
28.24	65
28.26	60
28.28	49
28.3	44
28.32	51
28.34	41
28.36	61
28.38	65
28.4	59
28.42	50
28.44	49
28.46	63
28.48	52
28.5	56
28.52	43
28.54	45
28.56	49
28.58	60
28.6	52
28.62	46
28.64	44
28.66	46
28.68	58
28.7	54
28.72	40
28.74	46
28.76	52
28.78	41
28.8	56
28.82	59
28.84	47
28.86	62
28.88	51
28.9	56
28.92	53
28.94	48
28.96	34
28.98	54
29	39
29.02	42
29.04	54
29.06	54
29.08	54
29.1	53
29.12	33
29.14	43
29.16	54
29.18	43
29.2	44
29.22	50
29.24	54
29.26	53
29.28	54
29.3	44
29.32	40
29.34	43
29.36	35
29.38	46
29.4	52
29.42	44
29.44	49
29.46	56
29.48	51
29.5	47
29.52	63
29.54	66
29.56	48
29.58	35
29.6	56
29.62	48
29.64	35
29.66	40
29.68	72
29.7	51
29.72	55
29.74	39
29.76	41
29.78	64
29.8	55
29.82	59
29.84	54
29.86	42
29.88	37
29.9	44
29.92	69
29.94	30
29.96	29
29.98	44
30	54
30.02	55
30.04	50
30.06	52
30.08	42
30.1	46
30.12	55
30.14	40
30.16	29
30.18	44
30.2	46
30.22	41
30.24	53
30.26	39
30.28	43
30.3	58
30.32	61
30.34	60
30.36	46
30.38	51
30.4	63
30.42	43
30.44	55
30.46	62
30.48	48
30.5	31
30.52	34
30.54	48
30.56	45
30.58	48
30.6	49
30.62	46
30.64	37
30.66	58
30.68	48
30.7	58
30.72	56
30.74	45
30.76	43
30.78	42
30.8	49
30.82	52
30.84	41
30.86	38
30.88	50
30.9	28
30.92	41
30.94	50
30.96	55
30.98	51
31	54
31.02	45
31.04	78
31.06	44
31.08	45
31.1	44
31.12	47
31.14	47
31.16	40
31.18	42
31.2	52
31.22	45
31.24	43
31.26	58
31.28	52
31.3	61
31.32	47
31.34	46
31.36	39
31.38	52
31.4	55
31.42	42
31.44	34
31.46	49
31.48	52
31.5	56
31.52	56
31.54	50
31.56	39
31.58	56
31.6	52
31.62	44
31.64	56
31.66	45
31.68	37
31.7	45
31.72	50
31.74	53
31.76	63
31.78	49
31.8	39
31.82	48
31.84	41
31.86	43
31.88	57
31.9	50
31.92	50
31.94	53
31.96	55
31.98	53
32	50
32.02	51
32.04	43
32.06	33
32.08	52
32.1	60
32.12	58
32.14	49
32.16	43
32.18	63
32.2	54
32.22	49
32.24	59
32.26	52
32.28	43
32.3	39
32.32	43
32.34	44
32.36	47
32.38	45
32.4	39
32.42	35
32.44	35
32.46	54
32.48	43
32.5	49
32.52	57
32.54	40
32.56	52
32.58	50
32.6	47
32.62	41
32.64	46
32.66	44
32.68	37
32.7	58
32.72	54
32.74	57
32.76	45
32.78	39
32.8	42
32.82	45
32.84	50
32.86	58
32.88	48
32.9	40
32.92	45
32.94	40
32.96	35
32.98	49
33	43
33.02	57
33.04	42
33.06	38
33.08	51
33.1	53
33.12	51
33.14	43
33.16	44
33.18	33
33.2	37
33.22	36
33.24	40
33.26	39
33.28	46
33.3	55
33.32	52
33.34	66
33.36	53
33.38	47
33.4	51
33.42	45
33.44	51
33.46	41
33.48	49
33.5	55
33.52	43
33.54	33
33.56	31
33.58	44
33.6	42
33.62	48
33.64	47
33.66	65
33.68	65
33.7	49
33.72	53
33.74	44
33.76	42
33.78	28
33.8	35
33.82	43
33.84	46
33.86	60
33.88	57
33.9	49
33.92	42
33.94	57
33.96	27
33.98	36
34	30
34.02	36
34.04	31
34.06	46
34.08	54
34.1	68
34.12	47
34.14	46
34.16	60
34.18	64
34.2	57
34.22	40
34.24	58
34.26	53
34.28	45
34.3	64
34.32	67
34.34	42
34.36	48
34.38	50
34.4	50
34.42	37
34.44	43
34.46	52
34.48	42
34.5	32
34.52	44
34.54	47
34.56	41
34.58	43
34.6	40
34.62	44
34.64	57
34.66	54
34.68	55
34.7	53
34.72	38
34.74	65
34.76	34
34.78	43
34.8	30
34.82	39
34.84	50
34.86	50
34.88	56
34.9	51
34.92	57
34.94	51
34.96	49
34.98	36
35	40
35.02	54
35.04	54
35.06	42
35.08	50
35.1	61
35.12	51
35.14	54
35.16	58
35.18	48
35.2	46
35.22	44
35.24	40
35.26	47
35.28	48
35.3	49
35.32	49
35.34	49
35.36	42
35.38	40
35.4	57
35.42	47
35.44	46
35.46	50
35.48	55
35.5	29
35.52	41
35.54	45
35.56	49
35.58	63
35.6	55
35.62	43
35.64	38
35.66	36
35.68	66
35.7	39
35.72	49
35.74	50
35.76	54
35.78	48
35.8	38
35.82	41
35.84	47
35.86	51
35.88	42
35.9	51
35.92	66
35.94	55
35.96	52
35.98	51
36	47
36.02	46
36.04	50
36.06	41
36.08	44
36.1	52
36.12	46
36.14	37
36.16	50
36.18	71
36.2	57
36.22	48
36.24	39
36.26	49
36.28	51
36.3	47
36.32	50
36.34	45
36.36	44
36.38	38
36.4	40
36.42	47
36.44	33
36.46	40
36.48	57
36.5	48
36.52	36
36.54	54
36.56	59
36.58	45
36.6	52
36.62	60
36.64	49
36.66	41
36.68	53
36.7	46
36.72	42
36.74	56
36.76	56
36.78	54
36.8	44
36.82	51
36.84	62
36.86	54
36.88	58
36.9	49
36.92	51
36.94	44
36.96	41
36.98	46
37	43
37.02	51
37.04	71
37.06	47
37.08	45
37.1	37
37.12	46
37.14	44
37.16	48
37.18	44
37.2	42
37.22	42
37.24	45
37.26	37
37.28	54
37.3	45
37.32	42
37.34	39
37.36	42
37.38	57
37.4	52
37.42	42
37.44	44
37.46	44
37.48	50
37.5	59
37.52	43
37.54	51
37.56	44
37.58	45
37.6	41
37.62	43
37.64	41
37.66	50
37.68	41
37.7	51
37.72	43
37.74	45
37.76	38
37.78	47
37.8	48
37.82	51
37.84	44
37.86	37
37.88	37
37.9	51
37.92	48
37.94	53
37.96	25
37.98	56
38	72
38.02	51
38.04	39
38.06	54
38.08	56
38.1	39
38.12	53
38.14	57
38.16	35
38.18	33
38.2	34
38.22	40
38.24	55
38.26	49
38.28	42
38.3	36
38.32	42
38.34	43
38.36	44
38.38	31
38.4	41
38.42	47
38.44	40
38.46	35
38.48	43
38.5	40
38.52	63
38.54	47
38.56	43
38.58	54
38.6	43
38.62	48
38.64	40
38.66	51
38.68	45
38.7	54
38.72	47
38.74	43
38.76	54
38.78	51
38.8	40
38.82	43
38.84	51
38.86	45
38.88	28
38.9	46
38.92	67
38.94	67
38.96	47
38.98	46
39	61
39.02	38
39.04	49
39.06	60
39.08	45
39.1	39
39.12	40
39.14	54
39.16	44
39.18	60
39.2	44
39.22	46
39.24	61
39.26	50
39.28	44
39.3	55
39.32	67
39.34	54
39.36	51
39.38	53
39.4	51
39.42	46
39.44	45
39.46	41
39.48	37
39.5	50
39.52	67
39.54	57
39.56	50
39.58	44
39.6	52
39.62	42
39.64	47
39.66	51
39.68	32
39.7	54
39.72	55
39.74	47
39.76	46
39.78	40
39.8	36
39.82	46
39.84	47
39.86	51
39.88	49
39.9	58
39.92	57
39.94	49
39.96	46
39.98	39
40	45
40.02	32
40.04	41
40.06	31
40.08	43
40.1	35
40.12	49
40.14	38
40.16	42
40.18	48
40.2	44
40.22	63
40.24	65
40.26	51
40.28	61
40.3	66
40.32	62
40.34	50
40.36	71
40.38	52
40.4	47
40.42	45
40.44	35
40.46	61
40.48	57
40.5	52
40.52	56
40.54	50
40.56	65
40.58	49
40.6	50
40.62	40
40.64	34
40.66	39
40.68	45
40.7	59
40.72	53
40.74	48
40.76	47
40.78	61
40.8	55
40.82	48
40.84	60
40.86	59
40.88	48
40.9	52
40.92	66
40.94	47
40.96	33
40.98	47
41	48
41.02	50
41.04	50
41.06	42
41.08	45
41.1	49
41.12	46
41.14	51
41.16	45
41.18	44
41.2	52
41.22	48
41.24	54
41.26	39
41.28	40
41.3	37
41.32	41
41.34	54
41.36	50
41.38	41
41.4	44
41.42	38
41.44	35
41.46	49
41.48	54
41.5	45
41.52	48
41.54	41
41.56	47
41.58	55
41.6	50
41.62	47
41.64	63
41.66	52
41.68	45
41.7	40
41.72	37
41.74	34
41.76	49
41.78	28
41.8	32
41.82	52
41.84	57
41.86	37
41.88	29
41.9	40
41.92	49
41.94	29
41.96	50
41.98	59
42	56
42.02	53
42.04	39
42.06	45
42.08	41
42.1	45
42.12	59
42.14	51
42.16	50
42.18	54
42.2	68
42.22	57
42.24	47
42.26	54
42.28	46
42.3	48
42.32	41
42.34	42
42.36	52
42.38	48
42.4	55
42.42	58
42.44	50
42.46	55
42.48	39
42.5	35
42.52	35
42.54	39
42.56	44
42.58	57
42.6	55
42.62	46
42.64	44
42.66	43
42.68	51
42.7	54
42.72	49
42.74	50
42.76	36
42.78	52
42.8	49
42.82	58
42.84	56
42.86	44
42.88	42
42.9	49
42.92	53
42.94	48
42.96	46
42.98	45
43	55
43.02	65
43.04	47
43.06	52
43.08	47
43.1	31
43.12	43
43.14	47
43.16	34
43.18	41
43.2	52
43.22	51
43.24	51
43.26	35
43.28	54
43.3	38
43.32	31
43.34	46
43.36	49
43.38	55
43.4	45
43.42	44
43.44	48
43.46	54
43.48	50
43.5	46
43.52	47
43.54	45
43.56	42
43.58	48
43.6	46
43.62	51
43.64	47
43.66	46
43.68	49
43.7	35
43.72	66
43.74	48
43.76	52
43.78	54
43.8	47
43.82	32
43.84	49
43.86	50
43.88	51
43.9	57
43.92	46
43.94	56
43.96	52
43.98	49
44	36
44.02	42
44.04	38
44.06	46
44.08	43
44.1	42
44.12	45
44.14	42
44.16	61
44.18	54
44.2	45
44.22	44
44.24	52
44.26	57
44.28	51
44.3	36
44.32	42
44.34	42
44.36	69
44.38	56
44.4	42
44.42	50
44.44	46
44.46	40
44.48	50
44.5	52
44.52	46
44.54	51
44.56	47
44.58	53
44.6	47
44.62	44
44.64	41
44.66	37
44.68	57
44.7	40
44.72	62
44.74	45
44.76	45
44.78	51
44.8	61
44.82	50
44.84	41
44.86	29
44.88	40
44.9	39
44.92	40
44.94	53
44.96	44
44.98	31
45	52
45.02	48
45.04	40
45.06	38
45.08	49
45.1	42
45.12	43
45.14	40
45.16	37
45.18	45
45.2	44
45.22	55
45.24	37
45.26	37
45.28	56
45.3	58
45.32	52
45.34	51
45.36	52
45.38	56
45.4	47
45.42	37
45.44	60
45.46	39
45.48	37
45.5	27
45.52	31
45.54	50
45.56	56
45.58	41
45.6	40
45.62	37
45.64	45
45.66	31
45.68	50
45.7	56
45.72	65
45.74	44
45.76	58
45.78	43
45.8	56
45.82	52
45.84	50
45.86	57
45.88	51
45.9	44
45.92	56
45.94	57
45.96	47
45.98	38
46	42
46.02	44
46.04	48
46.06	41
46.08	44
46.1	47
46.12	52
46.14	34
46.16	55
46.18	41
46.2	43
46.22	46
46.24	44
46.26	43
46.28	42
46.3	48
46.32	52
46.34	55
46.36	46
46.38	56
46.4	27
46.42	30
46.44	43
46.46	41
46.48	43
46.5	42
46.52	38
46.54	46
46.56	48
46.58	42
46.6	46
46.62	53
46.64	44
46.66	41
46.68	39
46.7	44
46.72	57
46.74	66
46.76	41
46.78	47
46.8	54
46.82	37
46.84	50
46.86	47
46.88	56
46.9	54
46.92	54
46.94	39
46.96	37
46.98	50
47	32
47.02	35
47.04	47
47.06	39
47.08	49
47.1	54
47.12	45
47.14	35
47.16	39
47.18	33
47.2	41
47.22	31
47.24	38
47.26	42
47.28	40
47.3	54
47.32	68
47.34	69
47.36	44
47.38	44
47.4	47
47.42	53
47.44	32
47.46	45
47.48	32
47.5	46
47.52	38
47.54	44
47.56	49
47.58	45
47.6	60
47.62	43
47.64	53
47.66	50
47.68	38
47.7	34
47.72	49
47.74	38
47.76	34
47.78	39
47.8	43
47.82	32
47.84	34
47.86	39
47.88	38
47.9	32
47.92	48
47.94	35
47.96	47
47.98	58
48	45
48.02	29
48.04	38
48.06	36
48.08	36
48.1	42
48.12	45
48.14	42
48.16	60
48.18	45
48.2	47
48.22	54
48.24	57
48.26	56
48.28	41
48.3	40
48.32	33
48.34	40
48.36	39
48.38	41
48.4	40
48.42	40
48.44	37
48.46	38
48.48	46
48.5	48
48.52	38
48.54	52
48.56	44
48.58	43
48.6	47
48.62	46
48.64	41
48.66	49
48.68	42
48.7	46
48.72	53
48.74	38
48.76	40
48.78	40
48.8	48
48.82	46
48.84	43
48.86	45
48.88	43
48.9	28
48.92	39
48.94	35
48.96	49
48.98	47
49	35
49.02	34
49.04	47
49.06	34
49.08	34
49.1	35
49.12	31
49.14	24
49.16	32
49.18	35
49.2	41
49.22	52
49.24	36
49.26	36
49.28	47
49.3	44
49.32	44
49.34	40
49.36	42
49.38	48
49.4	38
49.42	41
49.44	46
49.46	35
49.48	32
49.5	38
49.52	38
49.54	45
49.56	47
49.58	47
49.6	33
49.62	34
49.64	36
49.66	39
49.68	39
49.7	43
49.72	42
49.74	40
49.76	38
49.78	39
49.8	46
49.82	37
49.84	50
49.86	49
49.88	49
49.9	31
49.92	49
49.94	49
49.96	45
49.98	41
50	33
50.02	53
50.04	57
50.06	50
50.08	36
50.1	41
50.12	44
50.14	39
50.16	38
50.18	46
50.2	46
50.22	54
50.24	48
50.26	42
50.28	47
50.3	46
50.32	34
50.34	47
50.36	59
50.38	49
50.4	43
50.42	40
50.44	40
50.46	42
50.48	51
50.5	41
50.52	45
50.54	50
50.56	47
50.58	50
50.6	51
50.62	42
50.64	50
50.66	40
50.68	35
50.7	45
50.72	43
50.74	39
50.76	39
50.78	40
50.8	57
50.82	47
50.84	45
50.86	48
50.88	48
50.9	39
50.92	57
50.94	48
50.96	41
50.98	44
51	54
51.02	42
51.04	41
51.06	38
51.08	57
51.1	46
51.12	54
51.14	42
51.16	48
51.18	48
51.2	46
51.22	36
51.24	39
51.26	51
51.28	50
51.3	43
51.32	49
51.34	36
51.36	50
51.38	56
51.4	46
51.42	42
51.44	39
51.46	45
51.48	48
51.5	39
51.52	42
51.54	32
51.56	33
51.58	32
51.6	38
51.62	51
51.64	49
51.66	39
51.68	36
51.7	37
51.72	47
51.74	39
51.76	64
51.78	40
51.8	33
51.82	41
51.84	42
51.86	50
51.88	44
51.9	44
51.92	31
51.94	33
51.96	34
51.98	34
52	41
52.02	33
52.04	41
52.06	42
52.08	57
52.1	43
52.12	45
52.14	42
52.16	30
52.18	31
52.2	35
52.22	34
52.24	32
52.26	36
52.28	42
52.3	34
52.32	35
52.34	38
52.36	53
52.38	37
52.4	36
52.42	39
52.44	27
52.46	32
52.48	28
52.5	27
52.52	35
52.54	39
52.56	52
52.58	54
52.6	41
52.62	59
52.64	62
52.66	73
52.68	49
52.7	37
52.72	28
52.74	29
52.76	36
52.78	44
52.8	50
52.82	58
52.84	49
52.86	42
52.88	58
52.9	50
52.92	36
52.94	40
52.96	41
52.98	45
53	37
53.02	41
53.04	53
53.06	49
53.08	38
53.1	49
53.12	45
53.14	36
53.16	41
53.18	48
53.2	60
53.22	50
53.24	42
53.26	36
53.28	41
53.3	31
53.32	31
53.34	37
53.36	28
53.38	42
53.4	55
53.42	44
53.44	48
53.46	45
53.48	39
53.5	46
53.52	47
53.54	53
53.56	57
53.58	47
53.6	40
53.62	38
53.64	53
53.66	35
53.68	28
53.7	28
53.72	47
53.74	37
53.76	32
53.78	49
53.8	58
53.82	36
53.84	33
53.86	40
53.88	46
53.9	35
53.92	40
53.94	45
53.96	42
53.98	42
54	47
54.02	41
54.04	44
54.06	43
54.08	34
54.1	41
54.12	44
54.14	45
54.16	36
54.18	42
54.2	32
54.22	30
54.24	47
54.26	42
54.28	40
54.3	41
54.32	42
54.34	42
54.36	38
54.38	41
54.4	44
54.42	34
54.44	38
54.46	35
54.48	35
54.5	23
54.52	44
54.54	40
54.56	39
54.58	42
54.6	56
54.62	51
54.64	56
54.66	42
54.68	39
54.7	35
54.72	44
54.74	45
54.76	43
54.78	41
54.8	43
54.82	49
54.84	56
54.86	29
54.88	33
54.9	38
54.92	41
54.94	36
54.96	35
54.98	36
55	39
55.02	44
55.04	34
55.06	52
55.08	51
55.1	45
55.12	42
55.14	35
55.16	43
55.18	40
55.2	34
55.22	29
55.24	45
55.26	49
55.28	54
55.3	44
55.32	48
55.34	41
55.36	45
55.38	48
55.4	21
55.42	29
55.44	41
55.46	47
55.48	51
55.5	48
55.52	35
55.54	43
55.56	40
55.58	50
55.6	36
55.62	53
55.64	39
55.66	44
55.68	47
55.7	33
55.72	33
55.74	34
55.76	48
55.78	46
55.8	47
55.82	41
55.84	48
55.86	44
55.88	30
55.9	39
55.92	36
55.94	43
55.96	47
55.98	42
56	39
56.02	35
56.04	44
56.06	32
56.08	35
56.1	39
56.12	35
56.14	27
56.16	45
56.18	42
56.2	48
56.22	47
56.24	51
56.26	39
56.28	46
56.3	38
56.32	36
56.34	36
56.36	39
56.38	49
56.4	37
56.42	39
56.44	35
56.46	40
56.48	46
56.5	39
56.52	39
56.54	36
56.56	37
56.58	39
56.6	46
56.62	39
56.64	47
56.66	64
56.68	55
56.7	40
56.72	31
56.74	44
56.76	43
56.78	50
56.8	47
56.82	52
56.84	46
56.86	36
56.88	32
56.9	35
56.92	47
56.94	38
56.96	49
56.98	42
57	48
57.02	36
57.04	33
57.06	43
57.08	40
57.1	39
57.12	40
57.14	28
57.16	32
57.18	49
57.2	33
57.22	38
57.24	30
57.26	41
57.28	33
57.3	37
57.32	43
57.34	53
57.36	47
57.38	48
57.4	46
57.42	42
57.44	43
57.46	41
57.48	40
57.5	32
57.52	30
57.54	39
57.56	37
57.58	35
57.6	28
57.62	38
57.64	42
57.66	29
57.68	41
57.7	35
57.72	36
57.74	40
57.76	36
57.78	30
57.8	28
57.82	30
57.84	39
57.86	49
57.88	41
57.9	36
57.92	38
57.94	46
57.96	45
57.98	45
58	52
58.02	37
58.04	46
58.06	46
58.08	33
58.1	34
58.12	42
58.14	39
58.16	35
58.18	43
58.2	33
58.22	47
58.24	35
58.26	32
58.28	41
58.3	56
58.32	36
58.34	34
58.36	28
58.38	37
58.4	35
58.42	35
58.44	38
58.46	42
58.48	40
58.5	43
58.52	37
58.54	35
58.56	45
58.58	45
58.6	38
58.62	38
58.64	38
58.66	40
58.68	39
58.7	37
58.72	42
58.74	34
58.76	35
58.78	57
58.8	37
58.82	31
58.84	35
58.86	39
58.88	40
58.9	43
58.92	38
58.94	40
58.96	52
58.98	39
59	42
59.02	32
59.04	32
59.06	34
59.08	42
59.1	34
59.12	41
59.14	43
59.16	47
59.18	43
59.2	32
59.22	26
59.24	32
59.26	28
59.28	30
59.3	32
59.32	38
59.34	47
59.36	49
59.38	17
59.4	30
59.42	33
59.44	42
59.46	37
59.48	39
59.5	44
59.52	39
59.54	46
59.56	35
59.58	48
59.6	48
59.62	40
59.64	39
59.66	28
59.68	39
59.7	27
59.72	41
59.74	41
59.76	30
59.78	33
59.8	31
59.82	35
59.84	34
59.86	38
59.88	43
59.9	32
59.92	31
59.94	29
59.96	28
59.98	42
60	27
60.02	34
60.04	48
60.06	39
60.08	34
60.1	31
60.12	44
60.14	44
60.16	43
60.18	36
60.2	46
60.22	34
60.24	31
60.26	38
60.28	39
60.3	29
60.32	29
60.34	35
60.36	34
60.38	42
60.4	42
60.42	41
60.44	58
60.46	40
60.48	33
60.5	42
60.52	34
60.54	33
60.56	48
60.58	39
60.6	41
60.62	38
60.64	46
60.66	34
60.68	24
60.7	39
60.72	33
60.74	31
60.76	26
60.78	26
60.8	32
60.82	26
60.84	29
60.86	35
60.88	35
60.9	38
60.92	40
60.94	32
60.96	47
60.98	39
61	30
61.02	33
61.04	42
61.06	46
61.08	36
61.1	38
61.12	34
61.14	30
61.16	39
61.18	41
61.2	31
61.22	38
61.24	34
61.26	33
61.28	42
61.3	42
61.32	53
61.34	36
61.36	35
61.38	44
61.4	44
61.42	43
61.44	40
61.46	49
61.48	41
61.5	21
61.52	25
61.54	43
61.56	28
61.58	26
61.6	37
61.62	32
61.64	33
61.66	35
61.68	34
61.7	34
61.72	36
61.74	46
61.76	51
61.78	37
61.8	25
61.82	43
61.84	38
61.86	36
61.88	53
61.9	46
61.92	28
61.94	34
61.96	32
61.98	34
62	38
62.02	31
62.04	33
62.06	45
62.08	32
62.1	44
62.12	53
62.14	30
62.16	31
62.18	35
62.2	34
62.22	39
62.24	29
62.26	37
62.28	35
62.3	41
62.32	35
62.34	34
62.36	41
62.38	43
62.4	24
62.42	36
62.44	36
62.46	29
62.48	30
62.5	31
62.52	34
62.54	41
62.56	38
62.58	35
62.6	34
62.62	37
62.64	27
62.66	39
62.68	42
62.7	44
62.72	32
62.74	30
62.76	34
62.78	49
62.8	38
62.82	41
62.84	56
62.86	42
62.88	27
62.9	50
62.92	43
62.94	44
62.96	31
62.98	22
63	46
63.02	48
63.04	31
63.06	29
63.08	22
63.1	31
63.12	32
63.14	25
63.16	31
63.18	40
63.2	33
63.22	31
63.24	34
63.26	32
63.28	26
63.3	33
63.32	29
63.34	24
63.36	35
63.38	37
63.4	48
63.42	40
63.44	40
63.46	37
63.48	38
63.5	35
63.52	45
63.54	35
63.56	31
63.58	26
63.6	42
63.62	36
63.64	39
63.66	42
63.68	47
63.7	41
63.72	37
63.74	34
63.76	21
63.78	31
63.8	42
63.82	34
63.84	49
63.86	43
63.88	35
63.9	38
63.92	31
63.94	33
63.96	44
63.98	36
64	35
64.02	28
64.04	34
64.06	51
64.08	45
64.1	35
64.12	28
64.14	31
64.16	23
64.18	29
64.2	37
64.22	39
64.24	38
64.26	52
64.28	36
64.3	38
64.32	35
64.34	31
64.36	36
64.38	44
64.4	36
64.42	32
64.44	35
64.46	46
64.48	29
64.5	26
64.52	30
64.54	32
64.56	36
64.58	32
64.6	33
64.62	32
64.64	23
64.66	25
64.68	45
64.7	47
64.72	43
64.74	46
64.76	52
64.78	24
64.8	47
64.82	33
64.84	23
64.86	26
64.88	24
64.9	28
64.92	25
64.94	30
64.96	30
64.98	31
65	33
65.02	38
65.04	30
65.06	35
65.08	33
65.1	34
65.12	34
65.14	30
65.16	28
65.18	21
65.2	26
65.22	30
65.24	31
65.26	42
65.28	44
65.3	30
65.32	30
65.34	39
65.36	34
65.38	42
65.4	47
65.42	35
65.44	39
65.46	44
65.48	29
65.5	27
65.52	28
65.54	34
65.56	38
65.58	30
65.6	33
65.62	29
65.64	29
65.66	31
65.68	22
65.7	28
65.72	32
65.74	44
65.76	30
65.78	26
65.8	31
65.82	31
65.84	30
65.86	34
65.88	40
65.9	33
65.92	49
65.94	30
65.96	34
65.98	27
66	28
66.02	36
66.04	39
66.06	33
66.08	40
66.1	46
66.12	30
66.14	44
66.16	47
66.18	46
66.2	25
66.22	37
66.24	44
66.26	36
66.28	29
66.3	41
66.32	33
66.34	29
66.36	23
66.38	30
66.4	35
66.42	32
66.44	32
66.46	36
66.48	29
66.5	36
66.52	34
66.54	53
66.56	42
66.58	33
66.6	23
66.62	12
66.64	23
66.66	33
66.68	33
66.7	43
66.72	34
66.74	23
66.76	22
66.78	30
66.8	36
66.82	37
66.84	42
66.86	42
66.88	25
66.9	25
66.92	30
66.94	38
66.96	40
66.98	32
67	28
67.02	36
67.04	43
67.06	25
67.08	24
67.1	23
67.12	25
67.14	40
67.16	26
67.18	37
67.2	42
67.22	47
67.24	46
67.26	33
67.28	25
67.3	34
67.32	29
67.34	32
67.36	35
67.38	20
67.4	31
67.42	30
67.44	35
67.46	31
67.48	42
67.5	30
67.52	31
67.54	26
67.56	45
67.58	32
67.6	35
67.62	39
67.64	35
67.66	38
67.68	29
67.7	42
67.72	27
67.74	33
67.76	32
67.78	45
67.8	44
67.82	34
67.84	31
67.86	23
67.88	31
67.9	33
67.92	21
67.94	34
67.96	30
67.98	31
68	29
68.02	28
68.04	25
68.06	24
68.08	29
68.1	33
68.12	37
68.14	36
68.16	32
68.18	28
68.2	21
68.22	28
68.24	29
68.26	23
68.28	40
68.3	43
68.32	25
68.34	25
68.36	21
68.38	24
68.4	34
68.42	35
68.44	33
68.46	31
68.48	31
68.5	23
68.52	35
68.54	41
68.56	39
68.58	44
68.6	38
68.62	38
68.64	32
68.66	17
68.68	26
68.7	35
68.72	26
68.74	32
68.76	43
68.78	29
68.8	33
68.82	34
68.84	37
68.86	26
68.88	41
68.9	45
68.92	27
68.94	25
68.96	26
68.98	26
69	29
69.02	28
69.04	32
69.06	35
69.08	31
69.1	31
69.12	31
69.14	31
69.16	45
69.18	40
69.2	40
69.22	29
69.24	35
69.26	33
69.28	38
69.3	32
69.32	31
69.34	26
69.36	31
69.38	27
69.4	40
69.42	35
69.44	31
69.46	28
69.48	40
69.5	36
69.52	33
69.54	25
69.56	46
69.58	35
69.6	21
69.62	22
69.64	35
69.66	34
69.68	36
69.7	20
69.72	30
69.74	23
69.76	22
69.78	28
69.8	28
69.82	42
69.84	36
69.86	27
69.88	31
69.9	29
69.92	39
69.94	35
69.96	32
69.98	24
70	31
70.02	42
70.04	35
70.06	33
70.08	38
70.1	43
70.12	43
70.14	28
70.16	28
70.18	26
70.2	34
70.22	34
70.24	44
70.26	34
70.28	27
70.3	42
70.32	40
70.34	24
70.36	37
70.38	31
70.4	31
70.42	37
70.44	45
70.46	34
70.48	30
70.5	43
70.52	36
70.54	36
70.56	42
70.58	32
70.6	28
70.62	28
70.64	29
70.66	32
70.68	27
70.7	24
70.72	22
70.74	28
70.76	29
70.78	33
70.8	37
70.82	27
70.84	35
70.86	40
70.88	34
70.9	27
70.92	38
70.94	41
70.96	34
70.98	30
71	25
71.02	31
71.04	29
71.06	32
71.08	36
71.1	26
71.12	28
71.14	29
71.16	51
71.18	29
71.2	41
71.22	36
71.24	36
71.26	34
71.28	41
71.3	41
71.32	33
71.34	24
71.36	21
71.38	15
71.4	20
71.42	22
71.44	25
71.46	27
71.48	29
71.5	34
71.52	38
71.54	22
71.56	32
71.58	27
71.6	32
71.62	42
71.64	31
71.66	28
71.68	26
71.7	29
71.72	28
71.74	24
71.76	29
71.78	32
71.8	23
71.82	39
71.84	34
71.86	34
71.88	40
71.9	24
71.92	20
71.94	32
71.96	28
71.98	31
72	29
72.02	37
72.04	37
72.06	30
72.08	30
72.1	30
72.12	47
72.14	30
72.16	22
72.18	22
72.2	27
72.22	21
72.24	25
72.26	37
72.28	42
72.3	23
72.32	38
72.34	32
72.36	32
72.38	30
72.4	31
72.42	24
72.44	34
72.46	29
72.48	28
72.5	37
72.52	38
72.54	27
72.56	23
72.58	34
72.6	34
72.62	37
72.64	18
72.66	33
72.68	39
72.7	36
72.72	28
72.74	30
72.76	33
72.78	30
72.8	34
72.82	36
72.84	32
72.86	33
72.88	33
72.9	26
72.92	31
72.94	22
72.96	39
72.98	40
73	32
73.02	25
73.04	37
73.06	32
73.08	35
73.1	35
73.12	41
73.14	28
73.16	41
73.18	43
73.2	35
73.22	24
73.24	41
73.26	36
73.28	28
73.3	28
73.32	37
73.34	33
73.36	37
73.38	35
73.4	31
73.42	25
73.44	21
73.46	23
73.48	32
73.5	32
73.52	37
73.54	25
73.56	24
73.58	32
73.6	30
73.62	29
73.64	31
73.66	18
73.68	26
73.7	24
73.72	30
73.74	22
73.76	30
73.78	33
73.8	27
73.82	24
73.84	37
73.86	44
73.88	30
73.9	28
73.92	22
73.94	35
73.96	38
73.98	30
74	41
74.02	39
74.04	33
74.06	33
74.08	32
74.1	29
74.12	31
74.14	27
74.16	27
74.18	30
74.2	38
74.22	22
74.24	25
74.26	31
74.28	37
74.3	37
74.32	35
74.34	25
74.36	38
74.38	42
74.4	26
74.42	33
74.44	31
74.46	22
74.48	32
74.5	36
74.52	42
74.54	34
74.56	22
74.58	20
74.6	26
74.62	33
74.64	26
74.66	21
74.68	31
74.7	32
74.72	26
74.74	25
74.76	23
74.78	27
74.8	42
74.82	27
74.84	30
74.86	35
74.88	35
74.9	24
74.92	24
74.94	28
74.96	31
74.98	35
