Counter Settings:
Falling Edge
Disc Threshold [V]	-0.301514
Dwell time [s]	2.000000E-8
Number of channels	3750
Number of Scans	50000

D2
v 0
J 5
29.0V 3.30A
Au 788C
Knnew  C
Kn  e-2mbar (base 1.5e-2)
x=35mm y=35.5mm z=512mm
D2/RGA 7.5e-10 torr (base 8e-11)
500: 9.9e-9 mbar
100: 1.5e-9 mbar
FFR heater 4.0A 1.53V
extra heater 3.0A 0.5V
Extractor: -30V
Lens: -1200V
MCP: -2100V
Laser Position	201.956197

Laser Power [mJ]	0.739815
Time [µs]	Counts
0	79971
0.02	21167
0.04	332
0.06	154
0.08	184
0.1	86
0.12	34
0.14	26
0.16	28
0.18	35
0.2	39
0.22	55
0.24	72
0.26	100
0.28	126
0.3	109
0.32	97
0.34	121
0.36	117
0.38	131
0.4	184
0.42	140
0.44	114
0.46	102
0.48	101
0.5	93
0.52	81
0.54	74
0.56	89
0.58	81
0.6	94
0.62	109
0.64	144
0.66	150
0.68	127
0.7	120
0.72	142
0.74	155
0.76	165
0.78	231
0.8	283
0.82	283
0.84	297
0.86	337
0.88	345
0.9	402
0.92	477
0.94	518
0.96	581
0.98	682
1	854
1.02	876
1.04	1089
1.06	1194
1.08	1159
1.1	941
1.12	829
1.14	579
1.16	459
1.18	373
1.2	308
1.22	277
1.24	288
1.26	260
1.28	243
1.3	213
1.32	212
1.34	237
1.36	239
1.38	220
1.4	214
1.42	209
1.44	192
1.46	174
1.48	152
1.5	138
1.52	113
1.54	99
1.56	92
1.58	90
1.6	60
1.62	55
1.64	62
1.66	57
1.68	51
1.7	53
1.72	42
1.74	49
1.76	51
1.78	62
1.8	51
1.82	53
1.84	63
1.86	66
1.88	68
1.9	54
1.92	35
1.94	31
1.96	55
1.98	63
2	55
2.02	53
2.04	66
2.06	57
2.08	65
2.1	69
2.12	81
2.14	63
2.16	61
2.18	56
2.2	51
2.22	55
2.24	53
2.26	55
2.28	44
2.3	32
2.32	36
2.34	23
2.36	33
2.38	36
2.4	39
2.42	42
2.44	47
2.46	33
2.48	35
2.5	28
2.52	33
2.54	23
2.56	41
2.58	42
2.6	45
2.62	30
2.64	37
2.66	25
2.68	29
2.7	36
2.72	39
2.74	23
2.76	33
2.78	34
2.8	42
2.82	33
2.84	37
2.86	30
2.88	21
2.9	27
2.92	40
2.94	28
2.96	17
2.98	15
3	26
3.02	20
3.04	27
3.06	22
3.08	24
3.1	30
3.12	17
3.14	25
3.16	34
3.18	35
3.2	27
3.22	27
3.24	24
3.26	19
3.28	39
3.3	32
3.32	31
3.34	35
3.36	36
3.38	26
3.4	25
3.42	25
3.44	27
3.46	36
3.48	42
3.5	37
3.52	37
3.54	27
3.56	19
3.58	33
3.6	38
3.62	30
3.64	32
3.66	34
3.68	40
3.7	31
3.72	18
3.74	36
3.76	26
3.78	33
3.8	41
3.82	32
3.84	34
3.86	38
3.88	35
3.9	35
3.92	44
3.94	40
3.96	39
3.98	48
4	26
4.02	33
4.04	32
4.06	24
4.08	29
4.1	29
4.12	36
4.14	35
4.16	45
4.18	38
4.2	38
4.22	38
4.24	44
4.26	34
4.28	32
4.3	35
4.32	42
4.34	42
4.36	32
4.38	41
4.4	51
4.42	38
4.44	24
4.46	36
4.48	35
4.5	28
4.52	48
4.54	47
4.56	33
4.58	40
4.6	39
4.62	28
4.64	32
4.66	33
4.68	46
4.7	49
4.72	46
4.74	39
4.76	40
4.78	39
4.8	45
4.82	45
4.84	52
4.86	25
4.88	43
4.9	41
4.92	42
4.94	39
4.96	30
4.98	34
5	40
5.02	44
5.04	43
5.06	39
5.08	36
5.1	46
5.12	43
5.14	38
5.16	40
5.18	45
5.2	43
5.22	41
5.24	67
5.26	49
5.28	53
5.3	65
5.32	73
5.34	63
5.36	44
5.38	62
5.4	52
5.42	56
5.44	56
5.46	43
5.48	55
5.5	61
5.52	66
5.54	49
5.56	38
5.58	52
5.6	58
5.62	64
5.64	58
5.66	54
5.68	46
5.7	55
5.72	49
5.74	48
5.76	45
5.78	59
5.8	49
5.82	62
5.84	54
5.86	48
5.88	58
5.9	46
5.92	38
5.94	51
5.96	64
5.98	68
6	51
6.02	54
6.04	41
6.06	49
6.08	33
6.1	48
6.12	53
6.14	60
6.16	79
6.18	60
6.2	52
6.22	49
6.24	46
6.26	44
6.28	44
6.3	58
6.32	59
6.34	76
6.36	58
6.38	55
6.4	58
6.42	62
6.44	59
6.46	80
6.48	79
6.5	59
6.52	73
6.54	59
6.56	61
6.58	65
6.6	56
6.62	61
6.64	64
6.66	81
6.68	61
6.7	70
6.72	69
6.74	90
6.76	75
6.78	59
6.8	83
6.82	68
6.84	61
6.86	67
6.88	79
6.9	70
6.92	45
6.94	53
6.96	70
6.98	68
7	72
7.02	70
7.04	53
7.06	52
7.08	63
7.1	55
7.12	76
7.14	73
7.16	63
7.18	79
7.2	72
7.22	81
7.24	81
7.26	98
7.28	74
7.3	75
7.32	79
7.34	67
7.36	67
7.38	59
7.4	62
7.42	82
7.44	54
7.46	66
7.48	87
7.5	65
7.52	90
7.54	66
7.56	67
7.58	60
7.6	70
7.62	79
7.64	67
7.66	61
7.68	67
7.7	73
7.72	69
7.74	79
7.76	80
7.78	68
7.8	75
7.82	75
7.84	69
7.86	70
7.88	67
7.9	54
7.92	69
7.94	64
7.96	51
7.98	78
8	62
8.02	52
8.04	63
8.06	73
8.08	64
8.1	50
8.12	60
8.14	66
8.16	58
8.18	61
8.2	47
8.22	61
8.24	55
8.26	68
8.28	58
8.3	54
8.32	42
8.34	53
8.36	65
8.38	65
8.4	58
8.42	36
8.44	54
8.46	72
8.48	67
8.5	51
8.52	49
8.54	52
8.56	38
8.58	47
8.6	54
8.62	64
8.64	77
8.66	71
8.68	57
8.7	71
8.72	59
8.74	51
8.76	81
8.78	58
8.8	64
8.82	51
8.84	42
8.86	58
8.88	63
8.9	48
8.92	53
8.94	68
8.96	56
8.98	57
9	54
9.02	44
9.04	51
9.06	62
9.08	54
9.1	50
9.12	58
9.14	63
9.16	61
9.18	47
9.2	60
9.22	50
9.24	46
9.26	64
9.28	51
9.3	47
9.32	57
9.34	57
9.36	45
9.38	48
9.4	47
9.42	31
9.44	51
9.46	59
9.48	50
9.5	43
9.52	42
9.54	44
9.56	43
9.58	51
9.6	68
9.62	54
9.64	51
9.66	41
9.68	46
9.7	35
9.72	40
9.74	48
9.76	43
9.78	40
9.8	37
9.82	29
9.84	40
9.86	41
9.88	49
9.9	66
9.92	49
9.94	45
9.96	34
9.98	30
10	36
10.02	39
10.04	44
10.06	44
10.08	40
10.1	35
10.12	48
10.14	44
10.16	37
10.18	42
10.2	48
10.22	33
10.24	33
10.26	39
10.28	36
10.3	40
10.32	32
10.34	41
10.36	33
10.38	28
10.4	37
10.42	39
10.44	39
10.46	35
10.48	45
10.5	38
10.52	23
10.54	17
10.56	32
10.58	44
10.6	36
10.62	30
10.64	50
10.66	42
10.68	27
10.7	30
10.72	30
10.74	23
10.76	21
10.78	29
10.8	26
10.82	21
10.84	40
10.86	39
10.88	31
10.9	38
10.92	32
10.94	26
10.96	44
10.98	35
11	31
11.02	39
11.04	30
11.06	35
11.08	30
11.1	37
11.12	40
11.14	36
11.16	42
11.18	28
11.2	31
11.22	28
11.24	30
11.26	48
11.28	32
11.3	45
11.32	35
11.34	50
11.36	33
11.38	41
11.4	38
11.42	24
11.44	18
11.46	37
11.48	42
11.5	35
11.52	27
11.54	29
11.56	42
11.58	26
11.6	37
11.62	39
11.64	37
11.66	31
11.68	24
11.7	36
11.72	32
11.74	33
11.76	31
11.78	32
11.8	34
11.82	28
11.84	20
11.86	25
11.88	34
11.9	35
11.92	19
11.94	24
11.96	32
11.98	26
12	30
12.02	38
12.04	42
12.06	43
12.08	26
12.1	23
12.12	22
12.14	24
12.16	18
12.18	38
12.2	38
12.22	37
12.24	36
12.26	39
12.28	44
12.3	31
12.32	30
12.34	36
12.36	25
12.38	29
12.4	23
12.42	37
12.44	36
12.46	23
12.48	21
12.5	23
12.52	27
12.54	33
12.56	24
12.58	24
12.6	26
12.62	34
12.64	32
12.66	29
12.68	36
12.7	33
12.72	42
12.74	25
12.76	35
12.78	34
12.8	33
12.82	29
12.84	21
12.86	25
12.88	26
12.9	25
12.92	23
12.94	37
12.96	36
12.98	22
13	20
13.02	20
13.04	31
13.06	33
13.08	35
13.1	38
13.12	32
13.14	34
13.16	33
13.18	35
13.2	29
13.22	23
13.24	29
13.26	21
13.28	26
13.3	32
13.32	32
13.34	36
13.36	34
13.38	32
13.4	31
13.42	42
13.44	38
13.46	31
13.48	31
13.5	42
13.52	35
13.54	27
13.56	38
13.58	36
13.6	40
13.62	36
13.64	30
13.66	40
13.68	35
13.7	27
13.72	37
13.74	21
13.76	27
13.78	38
13.8	31
13.82	29
13.84	27
13.86	25
13.88	40
13.9	35
13.92	35
13.94	38
13.96	34
13.98	33
14	36
14.02	31
14.04	32
14.06	40
14.08	39
14.1	30
14.12	39
14.14	26
14.16	23
14.18	28
14.2	33
14.22	33
14.24	31
14.26	45
14.28	42
14.3	35
14.32	40
14.34	41
14.36	39
14.38	24
14.4	36
14.42	35
14.44	41
14.46	41
14.48	35
14.5	33
14.52	32
14.54	40
14.56	41
14.58	37
14.6	26
14.62	24
14.64	40
14.66	51
14.68	35
14.7	41
14.72	28
14.74	26
14.76	39
14.78	32
14.8	27
14.82	18
14.84	26
14.86	21
14.88	23
14.9	34
14.92	54
14.94	29
14.96	40
14.98	48
15	39
15.02	34
15.04	28
15.06	22
15.08	33
15.1	29
15.12	39
15.14	32
15.16	26
15.18	29
15.2	20
15.22	32
15.24	41
15.26	41
15.28	45
15.3	43
15.32	28
15.34	31
15.36	36
15.38	23
15.4	25
15.42	21
15.44	25
15.46	35
15.48	26
15.5	17
15.52	26
15.54	34
15.56	29
15.58	34
15.6	31
15.62	25
15.64	34
15.66	22
15.68	28
15.7	26
15.72	33
15.74	37
15.76	31
15.78	38
15.8	23
15.82	26
15.84	33
15.86	46
15.88	39
15.9	26
15.92	32
15.94	48
15.96	30
15.98	30
16	38
16.02	28
16.04	25
16.06	40
16.08	46
16.1	34
16.12	31
16.14	26
16.16	34
16.18	32
16.2	17
16.22	33
16.24	29
16.26	25
16.28	23
16.3	27
16.32	16
16.34	22
16.36	26
16.38	34
16.4	42
16.42	35
16.44	34
16.46	43
16.48	34
16.5	27
16.52	35
16.54	24
16.56	26
16.58	18
16.6	37
16.62	30
16.64	25
16.66	30
16.68	27
16.7	31
16.72	26
16.74	23
16.76	24
16.78	37
16.8	25
16.82	13
16.84	15
16.86	22
16.88	34
16.9	26
16.92	28
16.94	17
16.96	23
16.98	29
17	45
17.02	28
17.04	27
17.06	28
17.08	19
17.1	37
17.12	27
17.14	28
17.16	25
17.18	33
17.2	35
17.22	33
17.24	33
17.26	31
17.28	32
17.3	35
17.32	31
17.34	31
17.36	38
17.38	26
17.4	23
17.42	36
17.44	35
17.46	39
17.48	37
17.5	23
17.52	21
17.54	22
17.56	23
17.58	35
17.6	45
17.62	37
17.64	33
17.66	34
17.68	43
17.7	29
17.72	29
17.74	33
17.76	32
17.78	37
17.8	40
17.82	39
17.84	26
17.86	45
17.88	29
17.9	33
17.92	37
17.94	30
17.96	36
17.98	36
18	33
18.02	33
18.04	37
18.06	34
18.08	27
18.1	33
18.12	39
18.14	30
18.16	19
18.18	29
18.2	21
18.22	33
18.24	32
18.26	40
18.28	28
18.3	36
18.32	29
18.34	36
18.36	39
18.38	34
18.4	38
18.42	35
18.44	37
18.46	31
18.48	34
18.5	34
18.52	27
18.54	33
18.56	37
18.58	38
18.6	36
18.62	32
18.64	38
18.66	32
18.68	36
18.7	46
18.72	43
18.74	49
18.76	53
18.78	49
18.8	29
18.82	29
18.84	40
18.86	33
18.88	35
18.9	23
18.92	31
18.94	22
18.96	24
18.98	34
19	35
19.02	39
19.04	38
19.06	42
19.08	39
19.1	41
19.12	19
19.14	37
19.16	47
19.18	48
19.2	26
19.22	30
19.24	30
19.26	29
19.28	31
19.3	29
19.32	35
19.34	32
19.36	30
19.38	35
19.4	38
19.42	39
19.44	34
19.46	37
19.48	36
19.5	41
19.52	40
19.54	28
19.56	52
19.58	27
19.6	42
19.62	37
19.64	40
19.66	45
19.68	46
19.7	38
19.72	38
19.74	40
19.76	48
19.78	33
19.8	38
19.82	47
19.84	58
19.86	47
19.88	52
19.9	37
19.92	36
19.94	36
19.96	30
19.98	32
20	31
20.02	28
20.04	42
20.06	44
20.08	33
20.1	23
20.12	28
20.14	36
20.16	42
20.18	36
20.2	41
20.22	32
20.24	41
20.26	37
20.28	46
20.3	36
20.32	28
20.34	33
20.36	44
20.38	38
20.4	35
20.42	33
20.44	37
20.46	41
20.48	47
20.5	32
20.52	53
20.54	46
20.56	36
20.58	44
20.6	30
20.62	34
20.64	42
20.66	30
20.68	27
20.7	37
20.72	37
20.74	46
20.76	50
20.78	47
20.8	41
20.82	33
20.84	34
20.86	36
20.88	37
20.9	27
20.92	29
20.94	29
20.96	33
20.98	30
21	39
21.02	47
21.04	39
21.06	43
21.08	39
21.1	41
21.12	39
21.14	45
21.16	48
21.18	38
21.2	39
21.22	31
21.24	37
21.26	53
21.28	42
21.3	31
21.32	32
21.34	49
21.36	36
21.38	43
21.4	31
21.42	29
21.44	31
21.46	37
21.48	39
21.5	41
21.52	53
21.54	40
21.56	34
21.58	36
21.6	31
21.62	25
21.64	29
21.66	43
21.68	49
21.7	37
21.72	39
21.74	40
21.76	38
21.78	41
21.8	36
21.82	38
21.84	31
21.86	35
21.88	38
21.9	33
21.92	28
21.94	37
21.96	49
21.98	39
22	37
22.02	50
22.04	36
22.06	44
22.08	33
22.1	24
22.12	32
22.14	30
22.16	22
22.18	32
22.2	21
22.22	23
22.24	26
22.26	33
22.28	43
22.3	41
22.32	24
22.34	33
22.36	42
22.38	39
22.4	35
22.42	35
22.44	35
22.46	39
22.48	39
22.5	38
22.52	30
22.54	30
22.56	30
22.58	38
22.6	46
22.62	46
22.64	37
22.66	42
22.68	53
22.7	41
22.72	34
22.74	37
22.76	36
22.78	25
22.8	33
22.82	43
22.84	55
22.86	41
22.88	41
22.9	54
22.92	49
22.94	56
22.96	35
22.98	44
23	39
23.02	44
23.04	40
23.06	36
23.08	35
23.1	31
23.12	37
23.14	39
23.16	47
23.18	32
23.2	39
23.22	28
23.24	25
23.26	42
23.28	36
23.3	43
23.32	44
23.34	38
23.36	48
23.38	37
23.4	36
23.42	39
23.44	34
23.46	40
23.48	45
23.5	37
23.52	40
23.54	56
23.56	49
23.58	43
23.6	48
23.62	40
23.64	36
23.66	33
23.68	52
23.7	40
23.72	49
23.74	37
23.76	40
23.78	42
23.8	49
23.82	36
23.84	35
23.86	42
23.88	40
23.9	57
23.92	41
23.94	31
23.96	39
23.98	41
24	39
24.02	44
24.04	42
24.06	33
24.08	37
24.1	41
24.12	47
24.14	34
24.16	36
24.18	57
24.2	45
24.22	34
24.24	44
24.26	42
24.28	42
24.3	44
24.32	57
24.34	48
24.36	35
24.38	52
24.4	44
24.42	42
24.44	49
24.46	37
24.48	44
24.5	47
24.52	49
24.54	42
24.56	37
24.58	35
24.6	44
24.62	40
24.64	32
24.66	44
24.68	44
24.7	50
24.72	55
24.74	37
24.76	51
24.78	60
24.8	41
24.82	44
24.84	55
24.86	49
24.88	55
24.9	43
24.92	36
24.94	31
24.96	44
24.98	41
25	38
25.02	56
25.04	49
25.06	38
25.08	38
25.1	44
25.12	33
25.14	50
25.16	48
25.18	38
25.2	35
25.22	41
25.24	38
25.26	36
25.28	43
25.3	44
25.32	39
25.34	30
25.36	29
25.38	42
25.4	37
25.42	30
25.44	35
25.46	37
25.48	50
25.5	42
25.52	47
25.54	43
25.56	43
25.58	50
25.6	34
25.62	38
25.64	34
25.66	42
25.68	40
25.7	39
25.72	31
25.74	38
25.76	47
25.78	39
25.8	43
25.82	36
25.84	39
25.86	32
25.88	31
25.9	38
25.92	31
25.94	38
25.96	32
25.98	37
26	47
26.02	54
26.04	44
26.06	48
26.08	39
26.1	36
26.12	37
26.14	44
26.16	36
26.18	60
26.2	47
26.22	41
26.24	51
26.26	45
26.28	35
26.3	43
26.32	49
26.34	54
26.36	43
26.38	36
26.4	42
26.42	34
26.44	41
26.46	38
26.48	39
26.5	44
26.52	48
26.54	43
26.56	30
26.58	44
26.6	50
26.62	53
26.64	38
26.66	37
26.68	51
26.7	44
26.72	40
26.74	53
26.76	37
26.78	31
26.8	31
26.82	48
26.84	46
26.86	38
26.88	33
26.9	32
26.92	35
26.94	45
26.96	30
26.98	47
27	33
27.02	40
27.04	48
27.06	52
27.08	50
27.1	46
27.12	45
27.14	53
27.16	45
27.18	47
27.2	39
27.22	39
27.24	44
27.26	45
27.28	49
27.3	39
27.32	47
27.34	51
27.36	48
27.38	47
27.4	54
27.42	52
27.44	46
27.46	40
27.48	31
27.5	42
27.52	49
27.54	40
27.56	35
27.58	53
27.6	36
27.62	34
27.64	34
27.66	37
27.68	45
27.7	42
27.72	36
27.74	33
27.76	44
27.78	43
27.8	31
27.82	43
27.84	66
27.86	50
27.88	45
27.9	54
27.92	51
27.94	52
27.96	53
27.98	60
28	54
28.02	45
28.04	52
28.06	52
28.08	54
28.1	52
28.12	42
28.14	39
28.16	45
28.18	46
28.2	48
28.22	41
28.24	43
28.26	31
28.28	45
28.3	46
28.32	48
28.34	40
28.36	38
28.38	41
28.4	49
28.42	34
28.44	32
28.46	50
28.48	57
28.5	56
28.52	44
28.54	38
28.56	54
28.58	47
28.6	45
28.62	53
28.64	45
28.66	51
28.68	47
28.7	43
28.72	40
28.74	50
28.76	44
28.78	35
28.8	40
28.82	46
28.84	49
28.86	35
28.88	43
28.9	47
28.92	40
28.94	59
28.96	46
28.98	47
29	43
29.02	50
29.04	55
29.06	47
29.08	47
29.1	45
29.12	31
29.14	51
29.16	49
29.18	49
29.2	64
29.22	46
29.24	47
29.26	34
29.28	28
29.3	52
29.32	58
29.34	55
29.36	55
29.38	40
29.4	30
29.42	38
29.44	39
29.46	56
29.48	65
29.5	56
29.52	58
29.54	46
29.56	43
29.58	35
29.6	36
29.62	39
29.64	47
29.66	51
29.68	40
29.7	29
29.72	49
29.74	58
29.76	49
29.78	52
29.8	52
29.82	51
29.84	32
29.86	28
29.88	56
29.9	41
29.92	39
29.94	36
29.96	42
29.98	47
30	48
30.02	48
30.04	39
30.06	45
30.08	58
30.1	47
30.12	51
30.14	48
30.16	54
30.18	58
30.2	47
30.22	53
30.24	52
30.26	51
30.28	54
30.3	42
30.32	35
30.34	31
30.36	33
30.38	55
30.4	56
30.42	49
30.44	44
30.46	45
30.48	45
30.5	45
30.52	46
30.54	31
30.56	42
30.58	52
30.6	42
30.62	38
30.64	39
30.66	39
30.68	32
30.7	41
30.72	45
30.74	39
30.76	28
30.78	34
30.8	33
30.82	41
30.84	48
30.86	49
30.88	35
30.9	43
30.92	47
30.94	47
30.96	45
30.98	52
31	49
31.02	54
31.04	52
31.06	50
31.08	41
31.1	42
31.12	35
31.14	40
31.16	57
31.18	47
31.2	39
31.22	47
31.24	55
31.26	42
31.28	52
31.3	48
31.32	55
31.34	42
31.36	43
31.38	40
31.4	52
31.42	49
31.44	39
31.46	36
31.48	34
31.5	30
31.52	36
31.54	31
31.56	42
31.58	34
31.6	29
31.62	47
31.64	46
31.66	36
31.68	51
31.7	66
31.72	45
31.74	45
31.76	47
31.78	46
31.8	61
31.82	43
31.84	34
31.86	43
31.88	50
31.9	33
31.92	46
31.94	52
31.96	57
31.98	45
32	46
32.02	59
32.04	52
32.06	48
32.08	50
32.1	50
32.12	45
32.14	45
32.16	59
32.18	53
32.2	56
32.22	49
32.24	42
32.26	59
32.28	52
32.3	44
32.32	46
32.34	38
32.36	53
32.38	50
32.4	55
32.42	40
32.44	52
32.46	45
32.48	45
32.5	62
32.52	43
32.54	38
32.56	50
32.58	40
32.6	55
32.62	45
32.64	48
32.66	45
32.68	42
32.7	37
32.72	39
32.74	42
32.76	44
32.78	43
32.8	41
32.82	36
32.84	34
32.86	29
32.88	44
32.9	51
32.92	32
32.94	35
32.96	52
32.98	47
33	50
33.02	47
33.04	51
33.06	46
33.08	34
33.1	42
33.12	40
33.14	53
33.16	49
33.18	62
33.2	58
33.22	44
33.24	47
33.26	53
33.28	41
33.3	52
33.32	47
33.34	56
33.36	55
33.38	36
33.4	49
33.42	34
33.44	36
33.46	38
33.48	36
33.5	39
33.52	42
33.54	44
33.56	43
33.58	46
33.6	33
33.62	41
33.64	41
33.66	42
33.68	48
33.7	46
33.72	44
33.74	42
33.76	45
33.78	54
33.8	62
33.82	37
33.84	33
33.86	31
33.88	48
33.9	48
33.92	53
33.94	41
33.96	30
33.98	46
34	48
34.02	52
34.04	45
34.06	52
34.08	61
34.1	46
34.12	68
34.14	51
34.16	32
34.18	44
34.2	61
34.22	47
34.24	50
34.26	48
34.28	53
34.3	58
34.32	60
34.34	37
34.36	43
34.38	36
34.4	56
34.42	57
34.44	36
34.46	32
34.48	35
34.5	42
34.52	45
34.54	42
34.56	41
34.58	36
34.6	42
34.62	48
34.64	37
34.66	51
34.68	34
34.7	39
34.72	51
34.74	41
34.76	29
34.78	37
34.8	42
34.82	48
34.84	50
34.86	44
34.88	54
34.9	46
34.92	62
34.94	55
34.96	41
34.98	40
35	41
35.02	54
35.04	58
35.06	48
35.08	48
35.1	36
35.12	35
35.14	45
35.16	35
35.18	39
35.2	58
35.22	43
35.24	45
35.26	33
35.28	38
35.3	30
35.32	35
35.34	47
35.36	35
35.38	34
35.4	60
35.42	47
35.44	36
35.46	38
35.48	37
35.5	48
35.52	48
35.54	48
35.56	56
35.58	53
35.6	34
35.62	31
35.64	41
35.66	50
35.68	57
35.7	50
35.72	46
35.74	55
35.76	43
35.78	43
35.8	45
35.82	41
35.84	43
35.86	38
35.88	39
35.9	44
35.92	49
35.94	45
35.96	42
35.98	50
36	42
36.02	42
36.04	48
36.06	45
36.08	37
36.1	45
36.12	57
36.14	38
36.16	57
36.18	73
36.2	55
36.22	45
36.24	37
36.26	48
36.28	52
36.3	44
36.32	45
36.34	34
36.36	36
36.38	47
36.4	55
36.42	56
36.44	65
36.46	38
36.48	40
36.5	47
36.52	35
36.54	44
36.56	48
36.58	59
36.6	38
36.62	41
36.64	33
36.66	38
36.68	53
36.7	61
36.72	59
36.74	45
36.76	55
36.78	55
36.8	58
36.82	46
36.84	48
36.86	47
36.88	48
36.9	42
36.92	33
36.94	55
36.96	42
36.98	35
37	54
37.02	52
37.04	49
37.06	50
37.08	34
37.1	50
37.12	54
37.14	54
37.16	52
37.18	53
37.2	50
37.22	43
37.24	42
37.26	48
37.28	42
37.3	36
37.32	53
37.34	45
37.36	40
37.38	43
37.4	48
37.42	43
37.44	53
37.46	41
37.48	40
37.5	50
37.52	48
37.54	46
37.56	51
37.58	30
37.6	29
37.62	38
37.64	39
37.66	46
37.68	49
37.7	39
37.72	40
37.74	47
37.76	43
37.78	46
37.8	54
37.82	55
37.84	60
37.86	37
37.88	40
37.9	47
37.92	55
37.94	33
37.96	42
37.98	52
38	52
38.02	41
38.04	37
38.06	46
38.08	49
38.1	47
38.12	53
38.14	50
38.16	49
38.18	44
38.2	40
38.22	55
38.24	43
38.26	57
38.28	61
38.3	41
38.32	49
38.34	44
38.36	44
38.38	43
38.4	51
38.42	55
38.44	47
38.46	39
38.48	42
38.5	35
38.52	35
38.54	54
38.56	49
38.58	47
38.6	47
38.62	58
38.64	56
38.66	58
38.68	44
38.7	41
38.72	47
38.74	39
38.76	43
38.78	49
38.8	63
38.82	44
38.84	40
38.86	36
38.88	50
38.9	47
38.92	52
38.94	43
38.96	56
38.98	47
39	56
39.02	64
39.04	59
39.06	41
39.08	39
39.1	45
39.12	56
39.14	56
39.16	50
39.18	43
39.2	50
39.22	49
39.24	35
39.26	52
39.28	48
39.3	41
39.32	54
39.34	49
39.36	48
39.38	43
39.4	45
39.42	25
39.44	34
39.46	48
39.48	55
39.5	41
39.52	47
39.54	43
39.56	45
39.58	59
39.6	64
39.62	48
39.64	38
39.66	34
39.68	46
39.7	51
39.72	47
39.74	61
39.76	58
39.78	43
39.8	42
39.82	62
39.84	51
39.86	35
39.88	40
39.9	62
39.92	45
39.94	48
39.96	40
39.98	38
40	41
40.02	36
40.04	42
40.06	48
40.08	48
40.1	41
40.12	43
40.14	50
40.16	45
40.18	48
40.2	39
40.22	47
40.24	44
40.26	49
40.28	41
40.3	53
40.32	56
40.34	37
40.36	43
40.38	33
40.4	40
40.42	43
40.44	45
40.46	48
40.48	48
40.5	55
40.52	54
40.54	43
40.56	51
40.58	35
40.6	51
40.62	41
40.64	34
40.66	41
40.68	56
40.7	44
40.72	32
40.74	45
40.76	47
40.78	55
40.8	49
40.82	31
40.84	36
40.86	51
40.88	48
40.9	50
40.92	60
40.94	46
40.96	41
40.98	70
41	58
41.02	47
41.04	48
41.06	55
41.08	59
41.1	46
41.12	43
41.14	46
41.16	47
41.18	49
41.2	45
41.22	37
41.24	35
41.26	56
41.28	55
41.3	38
41.32	32
41.34	55
41.36	46
41.38	44
41.4	50
41.42	39
41.44	42
41.46	49
41.48	49
41.5	43
41.52	49
41.54	47
41.56	43
41.58	54
41.6	48
41.62	41
41.64	36
41.66	45
41.68	49
41.7	50
41.72	40
41.74	38
41.76	45
41.78	35
41.8	54
41.82	39
41.84	40
41.86	36
41.88	41
41.9	41
41.92	43
41.94	51
41.96	47
41.98	40
42	43
42.02	51
42.04	52
42.06	51
42.08	42
42.1	41
42.12	48
42.14	58
42.16	38
42.18	46
42.2	46
42.22	56
42.24	40
42.26	39
42.28	44
42.3	50
42.32	55
42.34	54
42.36	68
42.38	45
42.4	47
42.42	38
42.44	43
42.46	41
42.48	56
42.5	46
42.52	57
42.54	56
42.56	52
42.58	50
42.6	39
42.62	45
42.64	34
42.66	41
42.68	51
42.7	43
42.72	52
42.74	49
42.76	43
42.78	38
42.8	40
42.82	36
42.84	58
42.86	52
42.88	50
42.9	50
42.92	41
42.94	50
42.96	54
42.98	49
43	44
43.02	43
43.04	38
43.06	46
43.08	43
43.1	36
43.12	36
43.14	50
43.16	57
43.18	50
43.2	65
43.22	31
43.24	44
43.26	46
43.28	32
43.3	59
43.32	41
43.34	32
43.36	42
43.38	41
43.4	46
43.42	48
43.44	38
43.46	64
43.48	54
43.5	42
43.52	50
43.54	49
43.56	43
43.58	62
43.6	50
43.62	35
43.64	42
43.66	41
43.68	41
43.7	40
43.72	38
43.74	30
43.76	42
43.78	51
43.8	54
43.82	44
43.84	31
43.86	38
43.88	59
43.9	41
43.92	45
43.94	52
43.96	53
43.98	41
44	39
44.02	51
44.04	53
44.06	39
44.08	46
44.1	47
44.12	38
44.14	39
44.16	38
44.18	47
44.2	51
44.22	55
44.24	51
44.26	48
44.28	50
44.3	55
44.32	53
44.34	41
44.36	35
44.38	48
44.4	54
44.42	55
44.44	56
44.46	47
44.48	32
44.5	42
44.52	35
44.54	52
44.56	46
44.58	39
44.6	39
44.62	38
44.64	39
44.66	52
44.68	40
44.7	45
44.72	47
44.74	48
44.76	58
44.78	39
44.8	39
44.82	42
44.84	41
44.86	47
44.88	53
44.9	39
44.92	60
44.94	37
44.96	31
44.98	41
45	42
45.02	40
45.04	42
45.06	48
45.08	46
45.1	51
45.12	36
45.14	40
45.16	52
45.18	38
45.2	43
45.22	36
45.24	44
45.26	39
45.28	49
45.3	43
45.32	41
45.34	44
45.36	40
45.38	38
45.4	48
45.42	41
45.44	43
45.46	39
45.48	60
45.5	46
45.52	38
45.54	43
45.56	47
45.58	46
45.6	54
45.62	48
45.64	59
45.66	31
45.68	37
45.7	43
45.72	46
45.74	32
45.76	42
45.78	34
45.8	49
45.82	42
45.84	40
45.86	48
45.88	36
45.9	38
45.92	41
45.94	42
45.96	43
45.98	37
46	42
46.02	47
46.04	36
46.06	38
46.08	50
46.1	28
46.12	46
46.14	49
46.16	48
46.18	51
46.2	46
46.22	48
46.24	49
46.26	49
46.28	46
46.3	40
46.32	47
46.34	50
46.36	25
46.38	39
46.4	38
46.42	31
46.44	32
46.46	50
46.48	59
46.5	49
46.52	67
46.54	44
46.56	41
46.58	45
46.6	48
46.62	47
46.64	48
46.66	45
46.68	51
46.7	50
46.72	52
46.74	64
46.76	60
46.78	39
46.8	42
46.82	41
46.84	48
46.86	52
46.88	59
46.9	53
46.92	40
46.94	40
46.96	33
46.98	37
47	36
47.02	31
47.04	44
47.06	43
47.08	35
47.1	38
47.12	47
47.14	43
47.16	44
47.18	53
47.2	44
47.22	51
47.24	35
47.26	45
47.28	46
47.3	43
47.32	44
47.34	48
47.36	41
47.38	43
47.4	46
47.42	32
47.44	43
47.46	36
47.48	37
47.5	46
47.52	35
47.54	43
47.56	45
47.58	46
47.6	37
47.62	42
47.64	42
47.66	52
47.68	43
47.7	56
47.72	48
47.74	46
47.76	49
47.78	47
47.8	46
47.82	56
47.84	46
47.86	28
47.88	41
47.9	45
47.92	34
47.94	49
47.96	48
47.98	47
48	41
48.02	28
48.04	38
48.06	45
48.08	42
48.1	31
48.12	39
48.14	39
48.16	33
48.18	35
48.2	39
48.22	35
48.24	37
48.26	43
48.28	55
48.3	53
48.32	51
48.34	40
48.36	23
48.38	33
48.4	48
48.42	50
48.44	49
48.46	47
48.48	41
48.5	35
48.52	44
48.54	49
48.56	51
48.58	48
48.6	47
48.62	58
48.64	46
48.66	43
48.68	49
48.7	45
48.72	36
48.74	37
48.76	39
48.78	38
48.8	29
48.82	47
48.84	60
48.86	44
48.88	39
48.9	41
48.92	41
48.94	45
48.96	43
48.98	39
49	47
49.02	48
49.04	56
49.06	37
49.08	38
49.1	38
49.12	44
49.14	45
49.16	36
49.18	34
49.2	33
49.22	35
49.24	39
49.26	38
49.28	43
49.3	40
49.32	20
49.34	33
49.36	51
49.38	40
49.4	45
49.42	51
49.44	39
49.46	54
49.48	42
49.5	53
49.52	51
49.54	60
49.56	42
49.58	37
49.6	32
49.62	26
49.64	46
49.66	39
49.68	45
49.7	48
49.72	45
49.74	41
49.76	43
49.78	41
49.8	38
49.82	49
49.84	43
49.86	42
49.88	37
49.9	34
49.92	54
49.94	41
49.96	36
49.98	44
50	33
50.02	43
50.04	49
50.06	38
50.08	42
50.1	33
50.12	39
50.14	40
50.16	53
50.18	45
50.2	42
50.22	47
50.24	56
50.26	45
50.28	65
50.3	43
50.32	37
50.34	34
50.36	49
50.38	42
50.4	35
50.42	42
50.44	45
50.46	39
50.48	27
50.5	29
50.52	31
50.54	46
50.56	51
50.58	37
50.6	48
50.62	38
50.64	42
50.66	35
50.68	42
50.7	34
50.72	28
50.74	38
50.76	34
50.78	34
50.8	36
50.82	52
50.84	47
50.86	48
50.88	31
50.9	25
50.92	41
50.94	36
50.96	46
50.98	42
51	44
51.02	37
51.04	37
51.06	49
51.08	40
51.1	31
51.12	37
51.14	42
51.16	45
51.18	46
51.2	51
51.22	43
51.24	43
51.26	35
51.28	36
51.3	56
51.32	35
51.34	40
51.36	46
51.38	37
51.4	51
51.42	46
51.44	46
51.46	28
51.48	36
51.5	37
51.52	48
51.54	40
51.56	44
51.58	45
51.6	49
51.62	47
51.64	25
51.66	32
51.68	26
51.7	59
51.72	48
51.74	41
51.76	39
51.78	41
51.8	34
51.82	57
51.84	55
51.86	45
51.88	51
51.9	41
51.92	29
51.94	35
51.96	49
51.98	43
52	47
52.02	53
52.04	37
52.06	27
52.08	39
52.1	33
52.12	51
52.14	36
52.16	33
52.18	28
52.2	25
52.22	35
52.24	32
52.26	33
52.28	37
52.3	37
52.32	42
52.34	39
52.36	33
52.38	41
52.4	36
52.42	35
52.44	30
52.46	39
52.48	40
52.5	45
52.52	45
52.54	38
52.56	40
52.58	37
52.6	33
52.62	42
52.64	43
52.66	41
52.68	28
52.7	34
52.72	35
52.74	33
52.76	33
52.78	28
52.8	34
52.82	42
52.84	43
52.86	42
52.88	32
52.9	38
52.92	41
52.94	31
52.96	35
52.98	41
53	31
53.02	41
53.04	52
53.06	42
53.08	41
53.1	32
53.12	40
53.14	41
53.16	31
53.18	43
53.2	45
53.22	48
53.24	48
53.26	44
53.28	40
53.3	42
53.32	68
53.34	44
53.36	32
53.38	40
53.4	40
53.42	36
53.44	60
53.46	40
53.48	39
53.5	39
53.52	49
53.54	53
53.56	48
53.58	35
53.6	30
53.62	36
53.64	44
53.66	46
53.68	34
53.7	48
53.72	39
53.74	39
53.76	38
53.78	46
53.8	51
53.82	41
53.84	37
53.86	25
53.88	39
53.9	40
53.92	46
53.94	31
53.96	37
53.98	46
54	41
54.02	33
54.04	29
54.06	44
54.08	36
54.1	46
54.12	53
54.14	40
54.16	41
54.18	51
54.2	47
54.22	37
54.24	43
54.26	50
54.28	41
54.3	43
54.32	35
54.34	44
54.36	35
54.38	31
54.4	48
54.42	41
54.44	44
54.46	45
54.48	36
54.5	26
54.52	37
54.54	49
54.56	49
54.58	51
54.6	40
54.62	36
54.64	36
54.66	32
54.68	41
54.7	31
54.72	30
54.74	32
54.76	35
54.78	36
54.8	39
54.82	29
54.84	28
54.86	26
54.88	38
54.9	31
54.92	36
54.94	49
54.96	51
54.98	45
55	40
55.02	35
55.04	43
55.06	45
55.08	38
55.1	21
55.12	24
55.14	33
55.16	30
55.18	38
55.2	34
55.22	42
55.24	35
55.26	34
55.28	29
55.3	39
55.32	35
55.34	34
55.36	51
55.38	47
55.4	37
55.42	44
55.44	49
55.46	51
55.48	35
55.5	35
55.52	43
55.54	38
55.56	53
55.58	57
55.6	30
55.62	36
55.64	36
55.66	37
55.68	36
55.7	58
55.72	36
55.74	46
55.76	39
55.78	44
55.8	40
55.82	32
55.84	32
55.86	35
55.88	36
55.9	30
55.92	45
55.94	48
55.96	48
55.98	40
56	37
56.02	40
56.04	41
56.06	46
56.08	51
56.1	53
56.12	38
56.14	32
56.16	42
56.18	40
56.2	38
56.22	37
56.24	46
56.26	35
56.28	37
56.3	37
56.32	39
56.34	39
56.36	45
56.38	49
56.4	43
56.42	33
56.44	26
56.46	26
56.48	41
56.5	40
56.52	36
56.54	33
56.56	28
56.58	34
56.6	36
56.62	48
56.64	43
56.66	37
56.68	37
56.7	38
56.72	32
56.74	44
56.76	34
56.78	36
56.8	45
56.82	35
56.84	40
56.86	41
56.88	28
56.9	34
56.92	42
56.94	46
56.96	42
56.98	45
57	45
57.02	28
57.04	32
57.06	38
57.08	38
57.1	27
57.12	43
57.14	36
57.16	40
57.18	39
57.2	36
57.22	33
57.24	31
57.26	33
57.28	33
57.3	37
57.32	38
57.34	28
57.36	35
57.38	24
57.4	55
57.42	42
57.44	35
57.46	46
57.48	45
57.5	39
57.52	29
57.54	35
57.56	32
57.58	30
57.6	39
57.62	27
57.64	31
57.66	34
57.68	39
57.7	53
57.72	37
57.74	36
57.76	39
57.78	29
57.8	33
57.82	36
57.84	49
57.86	32
57.88	53
57.9	45
57.92	45
57.94	43
57.96	36
57.98	24
58	35
58.02	30
58.04	33
58.06	36
58.08	30
58.1	35
58.12	30
58.14	29
58.16	33
58.18	35
58.2	43
58.22	47
58.24	38
58.26	24
58.28	28
58.3	35
58.32	44
58.34	37
58.36	31
58.38	27
58.4	35
58.42	37
58.44	29
58.46	29
58.48	32
58.5	34
58.52	26
58.54	37
58.56	35
58.58	41
58.6	31
58.62	42
58.64	40
58.66	29
58.68	40
58.7	31
58.72	32
58.74	42
58.76	32
58.78	43
58.8	46
58.82	35
58.84	29
58.86	33
58.88	38
58.9	39
58.92	39
58.94	49
58.96	45
58.98	33
59	32
59.02	34
59.04	34
59.06	54
59.08	43
59.1	33
59.12	41
59.14	38
59.16	30
59.18	24
59.2	26
59.22	30
59.24	49
59.26	63
59.28	45
59.3	29
59.32	33
59.34	23
59.36	31
59.38	39
59.4	39
59.42	30
59.44	30
59.46	30
59.48	44
59.5	33
59.52	30
59.54	28
59.56	30
59.58	24
59.6	44
59.62	46
59.64	34
59.66	45
59.68	26
59.7	29
59.72	38
59.74	26
59.76	35
59.78	43
59.8	33
59.82	35
59.84	40
59.86	39
59.88	34
59.9	31
59.92	28
59.94	29
59.96	42
59.98	44
60	32
60.02	17
60.04	31
60.06	35
60.08	30
60.1	20
60.12	26
60.14	41
60.16	32
60.18	40
60.2	30
60.22	49
60.24	49
60.26	33
60.28	34
60.3	33
60.32	27
60.34	28
60.36	48
60.38	41
60.4	27
60.42	30
60.44	36
60.46	35
60.48	29
60.5	33
60.52	39
60.54	37
60.56	28
60.58	38
60.6	31
60.62	21
60.64	30
60.66	33
60.68	42
60.7	34
60.72	28
60.74	34
60.76	37
60.78	24
60.8	41
60.82	33
60.84	44
60.86	38
60.88	33
60.9	30
60.92	27
60.94	34
60.96	38
60.98	37
61	43
61.02	48
61.04	38
61.06	39
61.08	42
61.1	29
61.12	35
61.14	38
61.16	46
61.18	38
61.2	38
61.22	27
61.24	36
61.26	32
61.28	32
61.3	43
61.32	37
61.34	35
61.36	21
61.38	26
61.4	28
61.42	38
61.44	35
61.46	30
61.48	34
61.5	38
61.52	32
61.54	26
61.56	30
61.58	43
61.6	38
61.62	40
61.64	35
61.66	34
61.68	25
61.7	29
61.72	27
61.74	34
61.76	45
61.78	35
61.8	33
61.82	37
61.84	30
61.86	30
61.88	33
61.9	36
61.92	37
61.94	40
61.96	36
61.98	39
62	38
62.02	32
62.04	30
62.06	33
62.08	33
62.1	37
62.12	28
62.14	32
62.16	44
62.18	24
62.2	27
62.22	33
62.24	26
62.26	41
62.28	42
62.3	39
62.32	35
62.34	36
62.36	43
62.38	35
62.4	55
62.42	38
62.44	39
62.46	23
62.48	37
62.5	33
62.52	27
62.54	37
62.56	39
62.58	40
62.6	35
62.62	22
62.64	36
62.66	38
62.68	25
62.7	33
62.72	40
62.74	38
62.76	42
62.78	39
62.8	41
62.82	48
62.84	33
62.86	37
62.88	41
62.9	36
62.92	26
62.94	32
62.96	43
62.98	51
63	36
63.02	28
63.04	30
63.06	32
63.08	31
63.1	32
63.12	34
63.14	46
63.16	40
63.18	44
63.2	32
63.22	34
63.24	30
63.26	25
63.28	37
63.3	28
63.32	23
63.34	36
63.36	49
63.38	45
63.4	30
63.42	38
63.44	42
63.46	44
63.48	27
63.5	23
63.52	46
63.54	36
63.56	39
63.58	32
63.6	34
63.62	25
63.64	21
63.66	33
63.68	26
63.7	31
63.72	35
63.74	28
63.76	32
63.78	43
63.8	37
63.82	36
63.84	36
63.86	40
63.88	34
63.9	36
63.92	30
63.94	39
63.96	40
63.98	38
64	36
64.02	33
64.04	38
64.06	36
64.08	42
64.1	37
64.12	29
64.14	36
64.16	38
64.18	26
64.2	33
64.22	29
64.24	37
64.26	47
64.28	47
64.3	38
64.32	41
64.34	38
64.36	29
64.38	30
64.4	30
64.42	31
64.44	26
64.46	38
64.48	47
64.5	39
64.52	26
64.54	31
64.56	45
64.58	36
64.6	23
64.62	30
64.64	36
64.66	31
64.68	27
64.7	33
64.72	35
64.74	37
64.76	26
64.78	35
64.8	40
64.82	35
64.84	40
64.86	35
64.88	31
64.9	35
64.92	33
64.94	30
64.96	31
64.98	27
65	28
65.02	25
65.04	23
65.06	38
65.08	33
65.1	48
65.12	38
65.14	34
65.16	45
65.18	41
65.2	39
65.22	34
65.24	34
65.26	39
65.28	23
65.3	20
65.32	35
65.34	25
65.36	36
65.38	41
65.4	48
65.42	40
65.44	40
65.46	33
65.48	31
65.5	36
65.52	36
65.54	34
65.56	29
65.58	32
65.6	22
65.62	17
65.64	33
65.66	33
65.68	29
65.7	34
65.72	38
65.74	40
65.76	35
65.78	31
65.8	28
65.82	31
65.84	32
65.86	27
65.88	34
65.9	23
65.92	28
65.94	25
65.96	20
65.98	39
66	34
66.02	36
66.04	35
66.06	23
66.08	37
66.1	38
66.12	29
66.14	30
66.16	22
66.18	33
66.2	30
66.22	30
66.24	32
66.26	26
66.28	19
66.3	19
66.32	24
66.34	45
66.36	35
66.38	36
66.4	40
66.42	36
66.44	27
66.46	29
66.48	48
66.5	35
66.52	44
66.54	39
66.56	43
66.58	29
66.6	27
66.62	29
66.64	21
66.66	24
66.68	29
66.7	24
66.72	23
66.74	33
66.76	31
66.78	37
66.8	35
66.82	32
66.84	32
66.86	39
66.88	42
66.9	48
66.92	22
66.94	33
66.96	28
66.98	42
67	45
67.02	24
67.04	27
67.06	36
67.08	32
67.1	30
67.12	29
67.14	31
67.16	29
67.18	35
67.2	33
67.22	42
67.24	30
67.26	28
67.28	28
67.3	35
67.32	27
67.34	26
67.36	26
67.38	20
67.4	25
67.42	26
67.44	27
67.46	28
67.48	36
67.5	41
67.52	39
67.54	43
67.56	26
67.58	21
67.6	32
67.62	37
67.64	37
67.66	40
67.68	43
67.7	29
67.72	43
67.74	36
67.76	33
67.78	31
67.8	32
67.82	22
67.84	30
67.86	30
67.88	34
67.9	28
67.92	32
67.94	29
67.96	36
67.98	26
68	24
68.02	33
68.04	53
68.06	33
68.08	21
68.1	34
68.12	36
68.14	29
68.16	32
68.18	26
68.2	35
68.22	29
68.24	29
68.26	30
68.28	24
68.3	31
68.32	36
68.34	38
68.36	36
68.38	22
68.4	29
68.42	49
68.44	33
68.46	37
68.48	37
68.5	46
68.52	31
68.54	21
68.56	28
68.58	28
68.6	34
68.62	35
68.64	27
68.66	37
68.68	36
68.7	30
68.72	29
68.74	37
68.76	23
68.78	40
68.8	27
68.82	34
68.84	32
68.86	26
68.88	25
68.9	31
68.92	35
68.94	30
68.96	26
68.98	36
69	31
69.02	26
69.04	35
69.06	32
69.08	28
69.1	26
69.12	28
69.14	39
69.16	31
69.18	32
69.2	26
69.22	28
69.24	22
69.26	34
69.28	26
69.3	23
69.32	35
69.34	36
69.36	40
69.38	34
69.4	18
69.42	33
69.44	34
69.46	36
69.48	42
69.5	29
69.52	27
69.54	34
69.56	40
69.58	42
69.6	36
69.62	43
69.64	32
69.66	41
69.68	47
69.7	32
69.72	25
69.74	30
69.76	37
69.78	30
69.8	34
69.82	26
69.84	34
69.86	35
69.88	33
69.9	25
69.92	39
69.94	41
69.96	33
69.98	20
70	26
70.02	24
70.04	27
70.06	31
70.08	27
70.1	23
70.12	36
70.14	38
70.16	26
70.18	31
70.2	25
70.22	29
70.24	27
70.26	21
70.28	41
70.3	53
70.32	34
70.34	19
70.36	24
70.38	35
70.4	37
70.42	31
70.44	26
70.46	27
70.48	27
70.5	31
70.52	47
70.54	36
70.56	18
70.58	35
70.6	37
70.62	39
70.64	25
70.66	32
70.68	28
70.7	21
70.72	24
70.74	40
70.76	27
70.78	29
70.8	37
70.82	25
70.84	31
70.86	30
70.88	28
70.9	23
70.92	26
70.94	32
70.96	43
70.98	40
71	34
71.02	32
71.04	30
71.06	28
71.08	32
71.1	34
71.12	22
71.14	39
71.16	44
71.18	28
71.2	28
71.22	25
71.24	25
71.26	26
71.28	36
71.3	33
71.32	43
71.34	32
71.36	38
71.38	28
71.4	30
71.42	31
71.44	32
71.46	24
71.48	20
71.5	31
71.52	38
71.54	33
71.56	44
71.58	28
71.6	25
71.62	23
71.64	26
71.66	21
71.68	32
71.7	47
71.72	39
71.74	42
71.76	36
71.78	28
71.8	30
71.82	25
71.84	44
71.86	31
71.88	27
71.9	29
71.92	26
71.94	28
71.96	33
71.98	24
72	38
72.02	35
72.04	39
72.06	26
72.08	26
72.1	23
72.12	29
72.14	29
72.16	26
72.18	29
72.2	31
72.22	33
72.24	23
72.26	28
72.28	31
72.3	20
72.32	21
72.34	27
72.36	38
72.38	36
72.4	27
72.42	34
72.44	40
72.46	24
72.48	27
72.5	30
72.52	28
72.54	22
72.56	20
72.58	13
72.6	21
72.62	32
72.64	37
72.66	27
72.68	28
72.7	27
72.72	29
72.74	36
72.76	28
72.78	29
72.8	34
72.82	25
72.84	31
72.86	25
72.88	40
72.9	38
72.92	30
72.94	30
72.96	31
72.98	33
73	26
73.02	30
73.04	26
73.06	26
73.08	40
73.1	35
73.12	25
73.14	21
73.16	27
73.18	29
73.2	23
73.22	44
73.24	47
73.26	27
73.28	30
73.3	33
73.32	27
73.34	34
73.36	33
73.38	21
73.4	24
73.42	27
73.44	17
73.46	32
73.48	34
73.5	26
73.52	25
73.54	29
73.56	25
73.58	27
73.6	28
73.62	27
73.64	26
73.66	25
73.68	25
73.7	24
73.72	41
73.74	38
73.76	29
73.78	28
73.8	28
73.82	28
73.84	27
73.86	26
73.88	41
73.9	29
73.92	32
73.94	36
73.96	42
73.98	35
74	34
74.02	26
74.04	21
74.06	29
74.08	33
74.1	32
74.12	32
74.14	39
74.16	32
74.18	25
74.2	31
74.22	29
74.24	36
74.26	25
74.28	27
74.3	21
74.32	36
74.34	27
74.36	34
74.38	34
74.4	32
74.42	28
74.44	35
74.46	38
74.48	29
74.5	31
74.52	23
74.54	29
74.56	27
74.58	31
74.6	39
74.62	25
74.64	40
74.66	36
74.68	30
74.7	35
74.72	37
74.74	37
74.76	46
74.78	34
74.8	27
74.82	27
74.84	24
74.86	39
74.88	22
74.9	19
74.92	29
74.94	37
74.96	30
74.98	41
