Counter Settings:
Falling Edge
Disc Threshold [V]	-0.301514
Dwell time [s]	2.000000E-8
Number of channels	3750
Number of Scans	50000

D2
v 0
J 5
28.9V 3.30A
Au 788C
Knnew  C
Kn  e-2mbar (base 1.5e-2)
x=35mm y=35.5mm z=512mm
D2/RGA 7.5e-10 torr (base 8e-11)
500: 9.9e-9 mbar
100: 1.4e-9 mbar
FFR heater 4.0A 1.53V
extra heater 3.0A 0.5V
Extractor: -30V
Lens: -1200V
MCP: -2100V
Laser Position	201.955161

Laser Power [mJ]	0.743798
Time [µs]	Counts
0	79424
0.02	20727
0.04	303
0.06	152
0.08	176
0.1	82
0.12	38
0.14	22
0.16	23
0.18	23
0.2	43
0.22	50
0.24	60
0.26	93
0.28	104
0.3	125
0.32	90
0.34	119
0.36	151
0.38	131
0.4	158
0.42	142
0.44	136
0.46	121
0.48	140
0.5	91
0.52	94
0.54	82
0.56	60
0.58	66
0.6	69
0.62	87
0.64	111
0.66	115
0.68	103
0.7	114
0.72	131
0.74	140
0.76	170
0.78	214
0.8	238
0.82	261
0.84	290
0.86	294
0.88	345
0.9	378
0.92	449
0.94	481
0.96	579
0.98	637
1	774
1.02	884
1.04	1064
1.06	1206
1.08	1217
1.1	1033
1.12	841
1.14	597
1.16	461
1.18	358
1.2	313
1.22	295
1.24	290
1.26	283
1.28	276
1.3	254
1.32	222
1.34	240
1.36	228
1.38	216
1.4	206
1.42	214
1.44	205
1.46	204
1.48	178
1.5	145
1.52	134
1.54	99
1.56	76
1.58	62
1.6	79
1.62	68
1.64	54
1.66	71
1.68	86
1.7	51
1.72	43
1.74	48
1.76	44
1.78	50
1.8	49
1.82	41
1.84	38
1.86	43
1.88	67
1.9	53
1.92	42
1.94	48
1.96	47
1.98	44
2	44
2.02	43
2.04	49
2.06	52
2.08	46
2.1	42
2.12	53
2.14	55
2.16	60
2.18	52
2.2	44
2.22	53
2.24	49
2.26	52
2.28	36
2.3	41
2.32	30
2.34	51
2.36	54
2.38	45
2.4	38
2.42	42
2.44	55
2.46	50
2.48	48
2.5	37
2.52	47
2.54	38
2.56	41
2.58	41
2.6	40
2.62	35
2.64	45
2.66	38
2.68	36
2.7	26
2.72	31
2.74	35
2.76	35
2.78	27
2.8	37
2.82	29
2.84	29
2.86	20
2.88	34
2.9	17
2.92	21
2.94	35
2.96	27
2.98	28
3	18
3.02	27
3.04	31
3.06	28
3.08	26
3.1	17
3.12	25
3.14	23
3.16	16
3.18	27
3.2	30
3.22	26
3.24	26
3.26	22
3.28	23
3.3	16
3.32	24
3.34	17
3.36	25
3.38	23
3.4	31
3.42	36
3.44	28
3.46	28
3.48	20
3.5	23
3.52	14
3.54	26
3.56	23
3.58	31
3.6	29
3.62	25
3.64	20
3.66	26
3.68	34
3.7	40
3.72	27
3.74	32
3.76	25
3.78	32
3.8	33
3.82	27
3.84	27
3.86	30
3.88	34
3.9	25
3.92	35
3.94	35
3.96	37
3.98	32
4	25
4.02	31
4.04	41
4.06	38
4.08	45
4.1	26
4.12	42
4.14	53
4.16	37
4.18	27
4.2	37
4.22	30
4.24	35
4.26	38
4.28	32
4.3	38
4.32	37
4.34	34
4.36	32
4.38	32
4.4	45
4.42	49
4.44	36
4.46	40
4.48	37
4.5	33
4.52	35
4.54	44
4.56	33
4.58	32
4.6	54
4.62	39
4.64	31
4.66	32
4.68	40
4.7	38
4.72	28
4.74	29
4.76	28
4.78	34
4.8	31
4.82	37
4.84	40
4.86	43
4.88	39
4.9	34
4.92	45
4.94	32
4.96	26
4.98	36
5	51
5.02	53
5.04	49
5.06	50
5.08	47
5.1	47
5.12	48
5.14	31
5.16	35
5.18	30
5.2	39
5.22	26
5.24	32
5.26	47
5.28	65
5.3	65
5.32	74
5.34	47
5.36	50
5.38	63
5.4	65
5.42	42
5.44	46
5.46	57
5.48	49
5.5	54
5.52	71
5.54	74
5.56	54
5.58	56
5.6	49
5.62	54
5.64	67
5.66	61
5.68	55
5.7	58
5.72	59
5.74	54
5.76	74
5.78	57
5.8	54
5.82	49
5.84	35
5.86	49
5.88	51
5.9	38
5.92	41
5.94	50
5.96	61
5.98	46
6	41
6.02	48
6.04	38
6.06	47
6.08	52
6.1	57
6.12	60
6.14	30
6.16	38
6.18	48
6.2	46
6.22	49
6.24	51
6.26	48
6.28	48
6.3	53
6.32	73
6.34	70
6.36	76
6.38	72
6.4	68
6.42	60
6.44	53
6.46	53
6.48	62
6.5	58
6.52	55
6.54	74
6.56	64
6.58	66
6.6	76
6.62	68
6.64	71
6.66	60
6.68	58
6.7	56
6.72	57
6.74	58
6.76	74
6.78	69
6.8	58
6.82	55
6.84	78
6.86	85
6.88	80
6.9	58
6.92	76
6.94	73
6.96	55
6.98	68
7	63
7.02	62
7.04	72
7.06	77
7.08	63
7.1	65
7.12	69
7.14	65
7.16	62
7.18	53
7.2	69
7.22	65
7.24	53
7.26	64
7.28	74
7.3	75
7.32	71
7.34	72
7.36	67
7.38	74
7.4	72
7.42	66
7.44	64
7.46	42
7.48	67
7.5	62
7.52	66
7.54	69
7.56	70
7.58	55
7.6	63
7.62	66
7.64	67
7.66	81
7.68	64
7.7	87
7.72	76
7.74	57
7.76	60
7.78	74
7.8	68
7.82	59
7.84	56
7.86	51
7.88	72
7.9	88
7.92	70
7.94	58
7.96	58
7.98	48
8	54
8.02	49
8.04	53
8.06	67
8.08	77
8.1	62
8.12	65
8.14	63
8.16	53
8.18	45
8.2	52
8.22	66
8.24	75
8.26	69
8.28	56
8.3	63
8.32	66
8.34	61
8.36	60
8.38	71
8.4	61
8.42	55
8.44	49
8.46	47
8.48	52
8.5	56
8.52	65
8.54	61
8.56	60
8.58	60
8.6	65
8.62	62
8.64	46
8.66	58
8.68	56
8.7	46
8.72	38
8.74	40
8.76	38
8.78	42
8.8	48
8.82	55
8.84	66
8.86	54
8.88	51
8.9	42
8.92	40
8.94	40
8.96	41
8.98	51
9	43
9.02	53
9.04	63
9.06	57
9.08	44
9.1	52
9.12	47
9.14	37
9.16	43
9.18	49
9.2	38
9.22	31
9.24	50
9.26	38
9.28	41
9.3	31
9.32	35
9.34	44
9.36	50
9.38	51
9.4	53
9.42	47
9.44	46
9.46	46
9.48	45
9.5	46
9.52	45
9.54	47
9.56	39
9.58	31
9.6	33
9.62	49
9.64	46
9.66	48
9.68	44
9.7	45
9.72	38
9.74	36
9.76	33
9.78	34
9.8	47
9.82	46
9.84	37
9.86	53
9.88	61
9.9	40
9.92	45
9.94	44
9.96	38
9.98	40
10	54
10.02	46
10.04	48
10.06	31
10.08	31
10.1	39
10.12	44
10.14	31
10.16	31
10.18	38
10.2	44
10.22	41
10.24	34
10.26	41
10.28	45
10.3	39
10.32	40
10.34	40
10.36	29
10.38	33
10.4	28
10.42	19
10.44	22
10.46	34
10.48	44
10.5	55
10.52	43
10.54	26
10.56	33
10.58	27
10.6	34
10.62	34
10.64	44
10.66	48
10.68	38
10.7	34
10.72	34
10.74	28
10.76	26
10.78	23
10.8	34
10.82	21
10.84	26
10.86	25
10.88	23
10.9	26
10.92	51
10.94	35
10.96	26
10.98	29
11	21
11.02	39
11.04	37
11.06	27
11.08	25
11.1	28
11.12	31
11.14	32
11.16	49
11.18	25
11.2	41
11.22	45
11.24	29
11.26	32
11.28	37
11.3	21
11.32	23
11.34	33
11.36	34
11.38	24
11.4	27
11.42	29
11.44	37
11.46	41
11.48	36
11.5	30
11.52	34
11.54	29
11.56	23
11.58	20
11.6	30
11.62	38
11.64	27
11.66	20
11.68	38
11.7	48
11.72	50
11.74	42
11.76	30
11.78	19
11.8	18
11.82	33
11.84	37
11.86	22
11.88	29
11.9	44
11.92	37
11.94	21
11.96	28
11.98	26
12	32
12.02	31
12.04	34
12.06	38
12.08	43
12.1	25
12.12	48
12.14	40
12.16	33
12.18	23
12.2	25
12.22	32
12.24	47
12.26	33
12.28	30
12.3	37
12.32	30
12.34	34
12.36	42
12.38	44
12.4	30
12.42	23
12.44	23
12.46	30
12.48	26
12.5	23
12.52	29
12.54	29
12.56	36
12.58	37
12.6	47
12.62	29
12.64	30
12.66	18
12.68	30
12.7	23
12.72	33
12.74	22
12.76	18
12.78	25
12.8	23
12.82	19
12.84	28
12.86	34
12.88	29
12.9	28
12.92	34
12.94	33
12.96	36
12.98	46
13	49
13.02	25
13.04	28
13.06	43
13.08	37
13.1	27
13.12	29
13.14	47
13.16	42
13.18	42
13.2	32
13.22	30
13.24	29
13.26	30
13.28	31
13.3	23
13.32	33
13.34	29
13.36	29
13.38	31
13.4	32
13.42	26
13.44	36
13.46	28
13.48	28
13.5	35
13.52	36
13.54	35
13.56	26
13.58	27
13.6	19
13.62	26
13.64	25
13.66	26
13.68	31
13.7	34
13.72	28
13.74	34
13.76	33
13.78	39
13.8	43
13.82	31
13.84	36
13.86	31
13.88	29
13.9	33
13.92	39
13.94	36
13.96	45
13.98	41
14	40
14.02	42
14.04	29
14.06	28
14.08	22
14.1	30
14.12	36
14.14	40
14.16	31
14.18	36
14.2	31
14.22	27
14.24	36
14.26	26
14.28	35
14.3	35
14.32	40
14.34	33
14.36	40
14.38	35
14.4	21
14.42	26
14.44	24
14.46	39
14.48	31
14.5	30
14.52	40
14.54	34
14.56	34
14.58	35
14.6	34
14.62	34
14.64	30
14.66	46
14.68	36
14.7	36
14.72	36
14.74	32
14.76	40
14.78	34
14.8	33
14.82	39
14.84	20
14.86	38
14.88	41
14.9	32
14.92	45
14.94	40
14.96	51
14.98	39
15	33
15.02	28
15.04	24
15.06	15
15.08	28
15.1	39
15.12	46
15.14	46
15.16	35
15.18	38
15.2	44
15.22	32
15.24	34
15.26	28
15.28	34
15.3	26
15.32	35
15.34	39
15.36	35
15.38	33
15.4	35
15.42	36
15.44	32
15.46	37
15.48	33
15.5	25
15.52	35
15.54	37
15.56	33
15.58	25
15.6	30
15.62	33
15.64	37
15.66	22
15.68	20
15.7	31
15.72	32
15.74	44
15.76	35
15.78	35
15.8	27
15.82	24
15.84	29
15.86	24
15.88	26
15.9	33
15.92	33
15.94	37
15.96	41
15.98	32
16	41
16.02	41
16.04	31
16.06	30
16.08	34
16.1	30
16.12	58
16.14	15
16.16	20
16.18	18
16.2	40
16.22	24
16.24	28
16.26	33
16.28	34
16.3	39
16.32	34
16.34	32
16.36	35
16.38	31
16.4	37
16.42	41
16.44	31
16.46	27
16.48	22
16.5	32
16.52	26
16.54	28
16.56	39
16.58	24
16.6	36
16.62	32
16.64	31
16.66	47
16.68	32
16.7	28
16.72	31
16.74	33
16.76	39
16.78	33
16.8	26
16.82	32
16.84	41
16.86	25
16.88	24
16.9	35
16.92	35
16.94	30
16.96	29
16.98	30
17	39
17.02	38
17.04	24
17.06	26
17.08	35
17.1	33
17.12	33
17.14	40
17.16	35
17.18	28
17.2	31
17.22	22
17.24	30
17.26	41
17.28	27
17.3	27
17.32	23
17.34	35
17.36	26
17.38	19
17.4	28
17.42	36
17.44	28
17.46	27
17.48	30
17.5	33
17.52	31
17.54	38
17.56	35
17.58	32
17.6	30
17.62	36
17.64	30
17.66	35
17.68	33
17.7	31
17.72	25
17.74	19
17.76	28
17.78	23
17.8	18
17.82	28
17.84	32
17.86	30
17.88	38
17.9	28
17.92	30
17.94	36
17.96	27
17.98	24
18	24
18.02	40
18.04	37
18.06	37
18.08	27
18.1	36
18.12	25
18.14	30
18.16	31
18.18	24
18.2	25
18.22	28
18.24	32
18.26	23
18.28	36
18.3	37
18.32	35
18.34	21
18.36	30
18.38	24
18.4	26
18.42	30
18.44	33
18.46	24
18.48	23
18.5	24
18.52	29
18.54	18
18.56	20
18.58	19
18.6	33
18.62	34
18.64	48
18.66	34
18.68	26
18.7	38
18.72	37
18.74	36
18.76	46
18.78	35
18.8	33
18.82	31
18.84	30
18.86	30
18.88	36
18.9	31
18.92	34
18.94	36
18.96	30
18.98	35
19	34
19.02	19
19.04	28
19.06	27
19.08	39
19.1	40
19.12	31
19.14	32
19.16	33
19.18	34
19.2	29
19.22	35
19.24	47
19.26	47
19.28	34
19.3	24
19.32	31
19.34	45
19.36	40
19.38	32
19.4	34
19.42	25
19.44	30
19.46	40
19.48	38
19.5	42
19.52	38
19.54	30
19.56	42
19.58	49
19.6	31
19.62	34
19.64	24
19.66	26
19.68	35
19.7	36
19.72	40
19.74	29
19.76	29
19.78	34
19.8	30
19.82	34
19.84	45
19.86	31
19.88	32
19.9	37
19.92	27
19.94	29
19.96	29
19.98	44
20	43
20.02	41
20.04	49
20.06	31
20.08	41
20.1	38
20.12	39
20.14	30
20.16	43
20.18	30
20.2	25
20.22	29
20.24	38
20.26	36
20.28	44
20.3	37
20.32	39
20.34	37
20.36	42
20.38	29
20.4	30
20.42	40
20.44	33
20.46	43
20.48	39
20.5	38
20.52	39
20.54	42
20.56	38
20.58	36
20.6	40
20.62	54
20.64	46
20.66	32
20.68	28
20.7	33
20.72	35
20.74	32
20.76	26
20.78	39
20.8	49
20.82	42
20.84	39
20.86	45
20.88	35
20.9	41
20.92	41
20.94	49
20.96	43
20.98	37
21	48
21.02	47
21.04	40
21.06	34
21.08	43
21.1	32
21.12	46
21.14	44
21.16	25
21.18	27
21.2	41
21.22	33
21.24	32
21.26	43
21.28	32
21.3	39
21.32	36
21.34	39
21.36	31
21.38	45
21.4	35
21.42	39
21.44	41
21.46	42
21.48	43
21.5	25
21.52	37
21.54	32
21.56	39
21.58	42
21.6	33
21.62	28
21.64	44
21.66	49
21.68	51
21.7	45
21.72	43
21.74	40
21.76	43
21.78	30
21.8	43
21.82	30
21.84	39
21.86	28
21.88	39
21.9	37
21.92	35
21.94	40
21.96	38
21.98	30
22	38
22.02	42
22.04	29
22.06	32
22.08	32
22.1	30
22.12	36
22.14	26
22.16	25
22.18	36
22.2	25
22.22	37
22.24	28
22.26	29
22.28	43
22.3	39
22.32	45
22.34	43
22.36	45
22.38	29
22.4	28
22.42	36
22.44	39
22.46	33
22.48	29
22.5	38
22.52	31
22.54	39
22.56	28
22.58	36
22.6	42
22.62	31
22.64	29
22.66	29
22.68	45
22.7	30
22.72	30
22.74	32
22.76	29
22.78	46
22.8	38
22.82	39
22.84	39
22.86	44
22.88	29
22.9	51
22.92	44
22.94	35
22.96	51
22.98	45
23	38
23.02	34
23.04	40
23.06	33
23.08	42
23.1	39
23.12	38
23.14	37
23.16	38
23.18	44
23.2	36
23.22	32
23.24	29
23.26	37
23.28	39
23.3	36
23.32	48
23.34	43
23.36	35
23.38	34
23.4	47
23.42	35
23.44	31
23.46	40
23.48	48
23.5	46
23.52	35
23.54	39
23.56	33
23.58	44
23.6	39
23.62	31
23.64	30
23.66	29
23.68	44
23.7	42
23.72	32
23.74	29
23.76	21
23.78	34
23.8	30
23.82	37
23.84	48
23.86	43
23.88	52
23.9	50
23.92	32
23.94	34
23.96	50
23.98	36
24	40
24.02	57
24.04	56
24.06	49
24.08	30
24.1	41
24.12	33
24.14	35
24.16	32
24.18	40
24.2	39
24.22	25
24.24	29
24.26	36
24.28	33
24.3	33
24.32	44
24.34	35
24.36	44
24.38	33
24.4	23
24.42	41
24.44	51
24.46	36
24.48	39
24.5	32
24.52	40
24.54	41
24.56	50
24.58	39
24.6	45
24.62	33
24.64	40
24.66	49
24.68	22
24.7	30
24.72	49
24.74	33
24.76	37
24.78	33
24.8	27
24.82	30
24.84	45
24.86	42
24.88	32
24.9	36
24.92	48
24.94	50
24.96	49
24.98	38
25	42
25.02	37
25.04	46
25.06	46
25.08	42
25.1	46
25.12	52
25.14	42
25.16	37
25.18	31
25.2	30
25.22	28
25.24	46
25.26	41
25.28	49
25.3	48
25.32	37
25.34	45
25.36	43
25.38	37
25.4	35
25.42	37
25.44	44
25.46	47
25.48	31
25.5	36
25.52	44
25.54	40
25.56	45
25.58	43
25.6	47
25.62	46
25.64	41
25.66	41
25.68	45
25.7	33
25.72	56
25.74	35
25.76	51
25.78	40
25.8	42
25.82	32
25.84	33
25.86	36
25.88	39
25.9	34
25.92	41
25.94	38
25.96	25
25.98	38
26	41
26.02	32
26.04	40
26.06	53
26.08	44
26.1	36
26.12	29
26.14	40
26.16	45
26.18	42
26.2	42
26.22	51
26.24	43
26.26	41
26.28	33
26.3	43
26.32	40
26.34	36
26.36	49
26.38	46
26.4	48
26.42	49
26.44	43
26.46	37
26.48	48
26.5	45
26.52	46
26.54	52
26.56	39
26.58	33
26.6	53
26.62	56
26.64	33
26.66	31
26.68	43
26.7	54
26.72	51
26.74	36
26.76	41
26.78	49
26.8	47
26.82	40
26.84	35
26.86	56
26.88	63
26.9	49
26.92	39
26.94	41
26.96	46
26.98	47
27	45
27.02	39
27.04	45
27.06	40
27.08	43
27.1	38
27.12	42
27.14	39
27.16	39
27.18	47
27.2	28
27.22	34
27.24	23
27.26	25
27.28	37
27.3	44
27.32	49
27.34	45
27.36	55
27.38	41
27.4	47
27.42	48
27.44	33
27.46	40
27.48	34
27.5	43
27.52	44
27.54	38
27.56	44
27.58	40
27.6	47
27.62	38
27.64	44
27.66	41
27.68	49
27.7	55
27.72	52
27.74	51
27.76	36
27.78	46
27.8	45
27.82	52
27.84	39
27.86	30
27.88	42
27.9	44
27.92	47
27.94	42
27.96	37
27.98	41
28	44
28.02	39
28.04	52
28.06	41
28.08	49
28.1	57
28.12	40
28.14	36
28.16	40
28.18	45
28.2	32
28.22	30
28.24	33
28.26	43
28.28	46
28.3	36
28.32	41
28.34	40
28.36	36
28.38	34
28.4	48
28.42	46
28.44	43
28.46	42
28.48	47
28.5	52
28.52	38
28.54	35
28.56	33
28.58	44
28.6	46
28.62	28
28.64	43
28.66	45
28.68	49
28.7	47
28.72	70
28.74	50
28.76	43
28.78	44
28.8	45
28.82	34
28.84	41
28.86	52
28.88	45
28.9	48
28.92	39
28.94	37
28.96	37
28.98	43
29	29
29.02	34
29.04	48
29.06	47
29.08	43
29.1	54
29.12	60
29.14	53
29.16	44
29.18	51
29.2	44
29.22	48
29.24	37
29.26	37
29.28	37
29.3	41
29.32	41
29.34	35
29.36	32
29.38	48
29.4	54
29.42	48
29.44	47
29.46	26
29.48	29
29.5	57
29.52	37
29.54	35
29.56	40
29.58	54
29.6	37
29.62	48
29.64	36
29.66	43
29.68	38
29.7	45
29.72	46
29.74	33
29.76	43
29.78	53
29.8	49
29.82	37
29.84	39
29.86	44
29.88	48
29.9	45
29.92	49
29.94	48
29.96	59
29.98	57
30	54
30.02	50
30.04	50
30.06	46
30.08	47
30.1	40
30.12	41
30.14	42
30.16	42
30.18	39
30.2	47
30.22	43
30.24	40
30.26	52
30.28	42
30.3	55
30.32	42
30.34	38
30.36	29
30.38	35
30.4	45
30.42	31
30.44	38
30.46	34
30.48	42
30.5	45
30.52	47
30.54	35
30.56	45
30.58	43
30.6	33
30.62	39
30.64	51
30.66	51
30.68	49
30.7	42
30.72	41
30.74	37
30.76	43
30.78	32
30.8	35
30.82	38
30.84	47
30.86	44
30.88	50
30.9	50
30.92	49
30.94	43
30.96	46
30.98	43
31	41
31.02	46
31.04	53
31.06	35
31.08	51
31.1	47
31.12	37
31.14	37
31.16	48
31.18	52
31.2	64
31.22	56
31.24	54
31.26	46
31.28	49
31.3	41
31.32	41
31.34	49
31.36	41
31.38	42
31.4	41
31.42	39
31.44	41
31.46	50
31.48	46
31.5	35
31.52	36
31.54	35
31.56	52
31.58	59
31.6	35
31.62	41
31.64	46
31.66	48
31.68	43
31.7	49
31.72	49
31.74	39
31.76	42
31.78	35
31.8	33
31.82	49
31.84	53
31.86	61
31.88	44
31.9	32
31.92	45
31.94	40
31.96	48
31.98	42
32	47
32.02	66
32.04	39
32.06	33
32.08	46
32.1	36
32.12	27
32.14	43
32.16	60
32.18	38
32.2	40
32.22	29
32.24	35
32.26	37
32.28	64
32.3	49
32.32	42
32.34	42
32.36	28
32.38	38
32.4	35
32.42	53
32.44	42
32.46	52
32.48	46
32.5	51
32.52	40
32.54	37
32.56	39
32.58	40
32.6	53
32.62	47
32.64	42
32.66	41
32.68	43
32.7	40
32.72	34
32.74	32
32.76	33
32.78	47
32.8	40
32.82	40
32.84	43
32.86	53
32.88	40
32.9	34
32.92	41
32.94	54
32.96	48
32.98	45
33	48
33.02	59
33.04	62
33.06	44
33.08	29
33.1	48
33.12	32
33.14	35
33.16	58
33.18	55
33.2	55
33.22	44
33.24	46
33.26	46
33.28	38
33.3	60
33.32	52
33.34	49
33.36	49
33.38	50
33.4	47
33.42	39
33.44	47
33.46	37
33.48	40
33.5	36
33.52	39
33.54	44
33.56	31
33.58	30
33.6	51
33.62	44
33.64	45
33.66	36
33.68	31
33.7	38
33.72	35
33.74	45
33.76	34
33.78	45
33.8	53
33.82	44
33.84	41
33.86	41
33.88	47
33.9	45
33.92	32
33.94	29
33.96	43
33.98	46
34	42
34.02	48
34.04	57
34.06	45
34.08	38
34.1	30
34.12	35
34.14	49
34.16	48
34.18	61
34.2	48
34.22	55
34.24	41
34.26	37
34.28	37
34.3	38
34.32	56
34.34	52
34.36	46
34.38	44
34.4	52
34.42	34
34.44	58
34.46	51
34.48	58
34.5	63
34.52	48
34.54	43
34.56	45
34.58	38
34.6	43
34.62	30
34.64	45
34.66	37
34.68	39
34.7	48
34.72	46
34.74	45
34.76	56
34.78	41
34.8	54
34.82	49
34.84	39
34.86	41
34.88	46
34.9	54
34.92	42
34.94	39
34.96	41
34.98	32
35	46
35.02	62
35.04	53
35.06	49
35.08	50
35.1	49
35.12	54
35.14	46
35.16	53
35.18	46
35.2	31
35.22	40
35.24	34
35.26	41
35.28	56
35.3	61
35.32	47
35.34	38
35.36	40
35.38	40
35.4	44
35.42	49
35.44	51
35.46	51
35.48	57
35.5	43
35.52	63
35.54	41
35.56	43
35.58	45
35.6	37
35.62	39
35.64	54
35.66	44
35.68	44
35.7	41
35.72	40
35.74	43
35.76	43
35.78	57
35.8	37
35.82	33
35.84	49
35.86	60
35.88	51
35.9	46
35.92	40
35.94	40
35.96	51
35.98	50
36	55
36.02	50
36.04	54
36.06	45
36.08	33
36.1	52
36.12	45
36.14	43
36.16	49
36.18	55
36.2	43
36.22	31
36.24	34
36.26	42
36.28	40
36.3	41
36.32	44
36.34	30
36.36	35
36.38	32
36.4	57
36.42	46
36.44	38
36.46	47
36.48	38
36.5	45
36.52	47
36.54	45
36.56	37
36.58	47
36.6	56
36.62	50
36.64	47
36.66	54
36.68	60
36.7	46
36.72	48
36.74	47
36.76	46
36.78	46
36.8	51
36.82	54
36.84	43
36.86	55
36.88	53
36.9	49
36.92	34
36.94	37
36.96	57
36.98	57
37	43
37.02	47
37.04	45
37.06	41
37.08	55
37.1	45
37.12	29
37.14	51
37.16	74
37.18	53
37.2	48
37.22	41
37.24	34
37.26	49
37.28	46
37.3	43
37.32	47
37.34	39
37.36	29
37.38	44
37.4	54
37.42	43
37.44	39
37.46	40
37.48	57
37.5	50
37.52	43
37.54	51
37.56	53
37.58	35
37.6	35
37.62	53
37.64	56
37.66	36
37.68	37
37.7	42
37.72	56
37.74	47
37.76	55
37.78	50
37.8	41
37.82	54
37.84	59
37.86	55
37.88	52
37.9	39
37.92	45
37.94	54
37.96	53
37.98	35
38	44
38.02	40
38.04	45
38.06	48
38.08	48
38.1	35
38.12	40
38.14	46
38.16	50
38.18	35
38.2	44
38.22	51
38.24	49
38.26	50
38.28	44
38.3	47
38.32	38
38.34	36
38.36	30
38.38	47
38.4	59
38.42	53
38.44	60
38.46	58
38.48	52
38.5	44
38.52	40
38.54	31
38.56	52
38.58	37
38.6	49
38.62	43
38.64	42
38.66	48
38.68	40
38.7	57
38.72	40
38.74	39
38.76	62
38.78	44
38.8	45
38.82	46
38.84	46
38.86	39
38.88	36
38.9	34
38.92	37
38.94	39
38.96	39
38.98	36
39	52
39.02	51
39.04	47
39.06	59
39.08	48
39.1	40
39.12	49
39.14	53
39.16	41
39.18	37
39.2	48
39.22	53
39.24	42
39.26	51
39.28	47
39.3	47
39.32	42
39.34	44
39.36	54
39.38	57
39.4	52
39.42	42
39.44	44
39.46	47
39.48	36
39.5	34
39.52	45
39.54	47
39.56	48
39.58	40
39.6	42
39.62	40
39.64	38
39.66	34
39.68	47
39.7	51
39.72	44
39.74	38
39.76	45
39.78	37
39.8	38
39.82	48
39.84	39
39.86	43
39.88	41
39.9	53
39.92	40
39.94	43
39.96	48
39.98	52
40	55
40.02	51
40.04	50
40.06	49
40.08	51
40.1	57
40.12	56
40.14	39
40.16	45
40.18	45
40.2	50
40.22	32
40.24	39
40.26	37
40.28	53
40.3	38
40.32	44
40.34	47
40.36	51
40.38	49
40.4	44
40.42	43
40.44	50
40.46	54
40.48	59
40.5	36
40.52	32
40.54	46
40.56	57
40.58	54
40.6	38
40.62	59
40.64	54
40.66	46
40.68	31
40.7	34
40.72	60
40.74	60
40.76	42
40.78	44
40.8	37
40.82	40
40.84	34
40.86	32
40.88	35
40.9	47
40.92	39
40.94	46
40.96	40
40.98	35
41	43
41.02	46
41.04	45
41.06	42
41.08	46
41.1	37
41.12	44
41.14	48
41.16	43
41.18	43
41.2	41
41.22	38
41.24	47
41.26	45
41.28	46
41.3	49
41.32	53
41.34	50
41.36	56
41.38	53
41.4	37
41.42	48
41.44	41
41.46	35
41.48	45
41.5	48
41.52	52
41.54	33
41.56	39
41.58	45
41.6	41
41.62	57
41.64	39
41.66	42
41.68	39
41.7	36
41.72	54
41.74	44
41.76	46
41.78	51
41.8	53
41.82	43
41.84	40
41.86	53
41.88	49
41.9	40
41.92	41
41.94	47
41.96	45
41.98	48
42	49
42.02	37
42.04	53
42.06	41
42.08	54
42.1	59
42.12	50
42.14	47
42.16	41
42.18	37
42.2	46
42.22	38
42.24	45
42.26	42
42.28	56
42.3	52
42.32	41
42.34	36
42.36	45
42.38	39
42.4	39
42.42	49
42.44	48
42.46	52
42.48	38
42.5	50
42.52	53
42.54	52
42.56	39
42.58	38
42.6	47
42.62	45
42.64	40
42.66	62
42.68	62
42.7	48
42.72	48
42.74	42
42.76	45
42.78	59
42.8	49
42.82	49
42.84	38
42.86	35
42.88	32
42.9	39
42.92	43
42.94	48
42.96	45
42.98	45
43	49
43.02	47
43.04	50
43.06	48
43.08	48
43.1	42
43.12	55
43.14	45
43.16	37
43.18	27
43.2	49
43.22	54
43.24	48
43.26	34
43.28	40
43.3	44
43.32	38
43.34	28
43.36	37
43.38	45
43.4	60
43.42	57
43.44	75
43.46	50
43.48	36
43.5	37
43.52	54
43.54	40
43.56	58
43.58	38
43.6	32
43.62	45
43.64	39
43.66	36
43.68	27
43.7	40
43.72	54
43.74	53
43.76	45
43.78	28
43.8	28
43.82	35
43.84	54
43.86	38
43.88	38
43.9	35
43.92	42
43.94	36
43.96	47
43.98	34
44	38
44.02	50
44.04	47
44.06	39
44.08	42
44.1	44
44.12	50
44.14	41
44.16	29
44.18	38
44.2	50
44.22	55
44.24	42
44.26	45
44.28	57
44.3	44
44.32	44
44.34	45
44.36	42
44.38	45
44.4	51
44.42	41
44.44	33
44.46	45
44.48	50
44.5	44
44.52	42
44.54	42
44.56	44
44.58	43
44.6	43
44.62	49
44.64	39
44.66	48
44.68	40
44.7	48
44.72	48
44.74	46
44.76	44
44.78	47
44.8	28
44.82	34
44.84	44
44.86	45
44.88	46
44.9	41
44.92	49
44.94	39
44.96	46
44.98	40
45	28
45.02	35
45.04	42
45.06	40
45.08	48
45.1	35
45.12	31
45.14	47
45.16	46
45.18	46
45.2	39
45.22	34
45.24	43
45.26	58
45.28	57
45.3	37
45.32	44
45.34	58
45.36	45
45.38	44
45.4	51
45.42	43
45.44	51
45.46	48
45.48	44
45.5	33
45.52	47
45.54	55
45.56	42
45.58	40
45.6	31
45.62	34
45.64	45
45.66	40
45.68	37
45.7	45
45.72	41
45.74	42
45.76	36
45.78	37
45.8	39
45.82	44
45.84	41
45.86	47
45.88	46
45.9	38
45.92	40
45.94	49
45.96	53
45.98	38
46	39
46.02	47
46.04	42
46.06	44
46.08	45
46.1	43
46.12	24
46.14	39
46.16	49
46.18	48
46.2	48
46.22	51
46.24	54
46.26	40
46.28	45
46.3	56
46.32	33
46.34	29
46.36	46
46.38	50
46.4	56
46.42	52
46.44	44
46.46	44
46.48	40
46.5	37
46.52	48
46.54	39
46.56	40
46.58	59
46.6	40
46.62	38
46.64	55
46.66	39
46.68	31
46.7	42
46.72	35
46.74	46
46.76	37
46.78	50
46.8	38
46.82	45
46.84	45
46.86	51
46.88	60
46.9	36
46.92	44
46.94	34
46.96	46
46.98	53
47	41
47.02	44
47.04	46
47.06	48
47.08	53
47.1	45
47.12	44
47.14	42
47.16	42
47.18	41
47.2	54
47.22	44
47.24	56
47.26	47
47.28	45
47.3	44
47.32	40
47.34	39
47.36	35
47.38	53
47.4	56
47.42	53
47.44	49
47.46	39
47.48	52
47.5	44
47.52	47
47.54	39
47.56	45
47.58	51
47.6	44
47.62	25
47.64	39
47.66	33
47.68	43
47.7	49
47.72	51
47.74	39
47.76	42
47.78	43
47.8	45
47.82	42
47.84	43
47.86	40
47.88	34
47.9	39
47.92	30
47.94	38
47.96	37
47.98	34
48	35
48.02	46
48.04	49
48.06	34
48.08	40
48.1	54
48.12	44
48.14	41
48.16	36
48.18	62
48.2	38
48.22	47
48.24	42
48.26	39
48.28	43
48.3	57
48.32	50
48.34	39
48.36	42
48.38	45
48.4	42
48.42	38
48.44	42
48.46	47
48.48	42
48.5	26
48.52	30
48.54	48
48.56	42
48.58	44
48.6	34
48.62	40
48.64	32
48.66	33
48.68	36
48.7	30
48.72	33
48.74	38
48.76	39
48.78	29
48.8	46
48.82	55
48.84	52
48.86	44
48.88	40
48.9	35
48.92	46
48.94	38
48.96	44
48.98	51
49	55
49.02	29
49.04	39
49.06	41
49.08	36
49.1	38
49.12	49
49.14	32
49.16	28
49.18	46
49.2	35
49.22	42
49.24	45
49.26	48
49.28	41
49.3	47
49.32	50
49.34	53
49.36	52
49.38	55
49.4	44
49.42	42
49.44	32
49.46	31
49.48	44
49.5	36
49.52	34
49.54	35
49.56	40
49.58	38
49.6	43
49.62	52
49.64	48
49.66	51
49.68	45
49.7	37
49.72	49
49.74	63
49.76	51
49.78	46
49.8	46
49.82	44
49.84	27
49.86	40
49.88	33
49.9	32
49.92	33
49.94	30
49.96	37
49.98	36
50	47
50.02	30
50.04	35
50.06	42
50.08	32
50.1	37
50.12	45
50.14	30
50.16	32
50.18	27
50.2	31
50.22	40
50.24	31
50.26	39
50.28	59
50.3	59
50.32	45
50.34	38
50.36	45
50.38	40
50.4	40
50.42	50
50.44	39
50.46	44
50.48	31
50.5	42
50.52	37
50.54	30
50.56	27
50.58	34
50.6	39
50.62	43
50.64	30
50.66	36
50.68	57
50.7	51
50.72	41
50.74	33
50.76	40
50.78	43
50.8	45
50.82	49
50.84	48
50.86	32
50.88	24
50.9	25
50.92	33
50.94	50
50.96	42
50.98	33
51	38
51.02	42
51.04	46
51.06	37
51.08	35
51.1	37
51.12	48
51.14	31
51.16	38
51.18	46
51.2	42
51.22	33
51.24	35
51.26	39
51.28	31
51.3	35
51.32	37
51.34	37
51.36	33
51.38	36
51.4	41
51.42	32
51.44	39
51.46	47
51.48	31
51.5	44
51.52	39
51.54	49
51.56	43
51.58	46
51.6	48
51.62	44
51.64	44
51.66	43
51.68	36
51.7	22
51.72	33
51.74	44
51.76	36
51.78	49
51.8	42
51.82	42
51.84	38
51.86	37
51.88	48
51.9	45
51.92	38
51.94	41
51.96	49
51.98	48
52	32
52.02	37
52.04	39
52.06	41
52.08	41
52.1	38
52.12	44
52.14	36
52.16	35
52.18	36
52.2	63
52.22	50
52.24	57
52.26	42
52.28	27
52.3	36
52.32	39
52.34	33
52.36	35
52.38	39
52.4	34
52.42	30
52.44	32
52.46	40
52.48	36
52.5	35
52.52	29
52.54	31
52.56	37
52.58	41
52.6	44
52.62	50
52.64	48
52.66	29
52.68	43
52.7	44
52.72	33
52.74	37
52.76	28
52.78	43
52.8	42
52.82	52
52.84	49
52.86	26
52.88	32
52.9	35
52.92	34
52.94	37
52.96	46
52.98	35
53	43
53.02	39
53.04	35
53.06	32
53.08	34
53.1	24
53.12	39
53.14	32
53.16	42
53.18	36
53.2	41
53.22	45
53.24	40
53.26	30
53.28	43
53.3	56
53.32	43
53.34	43
53.36	35
53.38	28
53.4	41
53.42	35
53.44	30
53.46	41
53.48	55
53.5	35
53.52	55
53.54	43
53.56	34
53.58	27
53.6	30
53.62	35
53.64	32
53.66	32
53.68	27
53.7	43
53.72	38
53.74	48
53.76	32
53.78	27
53.8	38
53.82	33
53.84	45
53.86	38
53.88	39
53.9	39
53.92	37
53.94	31
53.96	38
53.98	40
54	44
54.02	46
54.04	33
54.06	39
54.08	43
54.1	46
54.12	46
54.14	40
54.16	43
54.18	31
54.2	47
54.22	49
54.24	46
54.26	55
54.28	44
54.3	26
54.32	32
54.34	44
54.36	44
54.38	46
54.4	39
54.42	35
54.44	29
54.46	41
54.48	38
54.5	31
54.52	31
54.54	26
54.56	27
54.58	51
54.6	41
54.62	33
54.64	34
54.66	35
54.68	33
54.7	29
54.72	34
54.74	34
54.76	29
54.78	44
54.8	43
54.82	34
54.84	41
54.86	52
54.88	42
54.9	46
54.92	35
54.94	27
54.96	28
54.98	33
55	26
55.02	26
55.04	46
55.06	45
55.08	43
55.1	41
55.12	44
55.14	29
55.16	35
55.18	30
55.2	42
55.22	44
55.24	39
55.26	36
55.28	43
55.3	45
55.32	40
55.34	39
55.36	37
55.38	28
55.4	39
55.42	41
55.44	35
55.46	25
55.48	30
55.5	28
55.52	39
55.54	38
55.56	23
55.58	35
55.6	45
55.62	36
55.64	41
55.66	31
55.68	37
55.7	29
55.72	25
55.74	39
55.76	36
55.78	43
55.8	28
55.82	27
55.84	36
55.86	32
55.88	32
55.9	43
55.92	41
55.94	42
55.96	43
55.98	44
56	33
56.02	30
56.04	33
56.06	30
56.08	32
56.1	27
56.12	38
56.14	40
56.16	30
56.18	31
56.2	40
56.22	31
56.24	31
56.26	41
56.28	31
56.3	26
56.32	50
56.34	33
56.36	36
56.38	34
56.4	40
56.42	28
56.44	30
56.46	38
56.48	38
56.5	38
56.52	47
56.54	33
56.56	32
56.58	33
56.6	31
56.62	30
56.64	31
56.66	36
56.68	33
56.7	38
56.72	41
56.74	38
56.76	43
56.78	35
56.8	25
56.82	32
56.84	50
56.86	37
56.88	32
56.9	37
56.92	39
56.94	31
56.96	43
56.98	35
57	38
57.02	30
57.04	39
57.06	42
57.08	42
57.1	28
57.12	31
57.14	47
57.16	49
57.18	33
57.2	36
57.22	29
57.24	32
57.26	41
57.28	27
57.3	29
57.32	21
57.34	20
57.36	27
57.38	30
57.4	40
57.42	47
57.44	47
57.46	39
57.48	39
57.5	39
57.52	40
57.54	33
57.56	24
57.58	27
57.6	30
57.62	26
57.64	31
57.66	36
57.68	38
57.7	25
57.72	38
57.74	44
57.76	37
57.78	40
57.8	51
57.82	42
57.84	57
57.86	37
57.88	36
57.9	36
57.92	45
57.94	37
57.96	26
57.98	41
58	36
58.02	35
58.04	36
58.06	38
58.08	33
58.1	43
58.12	42
58.14	31
58.16	38
58.18	35
58.2	38
58.22	34
58.24	40
58.26	35
58.28	34
58.3	42
58.32	38
58.34	29
58.36	37
58.38	35
58.4	34
58.42	23
58.44	29
58.46	32
58.48	36
58.5	38
58.52	39
58.54	26
58.56	19
58.58	36
58.6	30
58.62	34
58.64	33
58.66	40
58.68	46
58.7	38
58.72	35
58.74	28
58.76	30
58.78	40
58.8	41
58.82	51
58.84	38
58.86	31
58.88	28
58.9	36
58.92	36
58.94	39
58.96	28
58.98	19
59	33
59.02	38
59.04	24
59.06	36
59.08	42
59.1	27
59.12	30
59.14	45
59.16	42
59.18	36
59.2	39
59.22	29
59.24	21
59.26	35
59.28	36
59.3	29
59.32	30
59.34	35
59.36	59
59.38	45
59.4	38
59.42	41
59.44	31
59.46	33
59.48	32
59.5	38
59.52	20
59.54	33
59.56	29
59.58	32
59.6	40
59.62	34
59.64	34
59.66	32
59.68	33
59.7	36
59.72	47
59.74	33
59.76	38
59.78	38
59.8	25
59.82	35
59.84	34
59.86	44
59.88	23
59.9	43
59.92	38
59.94	35
59.96	39
59.98	34
60	26
60.02	22
60.04	28
60.06	29
60.08	33
60.1	49
60.12	62
60.14	56
60.16	47
60.18	39
60.2	35
60.22	40
60.24	46
60.26	36
60.28	35
60.3	36
60.32	40
60.34	37
60.36	34
60.38	34
60.4	35
60.42	35
60.44	21
60.46	27
60.48	30
60.5	53
60.52	46
60.54	29
60.56	33
60.58	35
60.6	22
60.62	23
60.64	44
60.66	48
60.68	25
60.7	29
60.72	30
60.74	39
60.76	38
60.78	36
60.8	38
60.82	28
60.84	26
60.86	29
60.88	32
60.9	36
60.92	39
60.94	33
60.96	41
60.98	39
61	39
61.02	29
61.04	34
61.06	40
61.08	40
61.1	41
61.12	44
61.14	36
61.16	28
61.18	41
61.2	44
61.22	42
61.24	43
61.26	38
61.28	36
61.3	38
61.32	40
61.34	39
61.36	18
61.38	31
61.4	26
61.42	22
61.44	27
61.46	32
61.48	34
61.5	16
61.52	31
61.54	33
61.56	37
61.58	32
61.6	28
61.62	39
61.64	39
61.66	35
61.68	44
61.7	39
61.72	23
61.74	36
61.76	37
61.78	42
61.8	37
61.82	34
61.84	26
61.86	34
61.88	27
61.9	21
61.92	38
61.94	47
61.96	33
61.98	30
62	28
62.02	26
62.04	46
62.06	30
62.08	29
62.1	36
62.12	30
62.14	35
62.16	33
62.18	40
62.2	40
62.22	35
62.24	30
62.26	34
62.28	39
62.3	31
62.32	39
62.34	37
62.36	40
62.38	34
62.4	35
62.42	31
62.44	31
62.46	30
62.48	30
62.5	32
62.52	32
62.54	30
62.56	33
62.58	37
62.6	29
62.62	28
62.64	28
62.66	23
62.68	31
62.7	18
62.72	36
62.74	37
62.76	40
62.78	34
62.8	33
62.82	20
62.84	35
62.86	33
62.88	27
62.9	26
62.92	28
62.94	37
62.96	51
62.98	49
63	37
63.02	32
63.04	25
63.06	30
63.08	29
63.1	26
63.12	37
63.14	37
63.16	34
63.18	34
63.2	28
63.22	35
63.24	32
63.26	45
63.28	31
63.3	40
63.32	38
63.34	26
63.36	27
63.38	29
63.4	34
63.42	37
63.44	33
63.46	30
63.48	17
63.5	22
63.52	33
63.54	41
63.56	28
63.58	22
63.6	39
63.62	36
63.64	32
63.66	30
63.68	37
63.7	32
63.72	32
63.74	26
63.76	26
63.78	39
63.8	44
63.82	41
63.84	34
63.86	33
63.88	33
63.9	41
63.92	38
63.94	32
63.96	40
63.98	38
64	37
64.02	31
64.04	25
64.06	34
64.08	42
64.1	46
64.12	33
64.14	33
64.16	32
64.18	41
64.2	37
64.22	27
64.24	29
64.26	32
64.28	30
64.3	34
64.32	26
64.34	25
64.36	25
64.38	24
64.4	27
64.42	33
64.44	30
64.46	32
64.48	27
64.5	23
64.52	23
64.54	30
64.56	40
64.58	33
64.6	37
64.62	37
64.64	29
64.66	30
64.68	21
64.7	44
64.72	36
64.74	26
64.76	37
64.78	29
64.8	34
64.82	33
64.84	43
64.86	38
64.88	34
64.9	34
64.92	22
64.94	37
64.96	40
64.98	34
65	37
65.02	33
65.04	26
65.06	21
65.08	27
65.1	31
65.12	42
65.14	36
65.16	29
65.18	28
65.2	18
65.22	22
65.24	26
65.26	26
65.28	23
65.3	25
65.32	33
65.34	29
65.36	28
65.38	30
65.4	34
65.42	33
65.44	28
65.46	27
65.48	24
65.5	29
65.52	37
65.54	42
65.56	33
65.58	31
65.6	37
65.62	25
65.64	26
65.66	26
65.68	23
65.7	24
65.72	28
65.74	24
65.76	33
65.78	32
65.8	25
65.82	29
65.84	39
65.86	39
65.88	40
65.9	36
65.92	31
65.94	25
65.96	32
65.98	34
66	24
66.02	26
66.04	22
66.06	30
66.08	42
66.1	33
66.12	46
66.14	31
66.16	33
66.18	31
66.2	19
66.22	32
66.24	36
66.26	29
66.28	34
66.3	38
66.32	20
66.34	18
66.36	26
66.38	24
66.4	20
66.42	27
66.44	31
66.46	27
66.48	30
66.5	30
66.52	35
66.54	35
66.56	34
66.58	30
66.6	37
66.62	26
66.64	43
66.66	34
66.68	35
66.7	29
66.72	42
66.74	41
66.76	31
66.78	30
66.8	30
66.82	28
66.84	27
66.86	32
66.88	29
66.9	23
66.92	37
66.94	26
66.96	40
66.98	34
67	27
67.02	30
67.04	39
67.06	25
67.08	35
67.1	41
67.12	40
67.14	37
67.16	22
67.18	24
67.2	34
67.22	34
67.24	35
67.26	40
67.28	35
67.3	24
67.32	32
67.34	35
67.36	35
67.38	26
67.4	30
67.42	37
67.44	36
67.46	35
67.48	34
67.5	22
67.52	30
67.54	26
67.56	25
67.58	26
67.6	25
67.62	29
67.64	29
67.66	31
67.68	37
67.7	37
67.72	49
67.74	37
67.76	23
67.78	34
67.8	32
67.82	31
67.84	27
67.86	36
67.88	23
67.9	29
67.92	36
67.94	33
67.96	39
67.98	32
68	38
68.02	42
68.04	32
68.06	26
68.08	28
68.1	30
68.12	26
68.14	33
68.16	31
68.18	35
68.2	34
68.22	36
68.24	30
68.26	30
68.28	28
68.3	37
68.32	25
68.34	34
68.36	40
68.38	34
68.4	33
68.42	41
68.44	29
68.46	30
68.48	34
68.5	28
68.52	34
68.54	20
68.56	28
68.58	17
68.6	32
68.62	40
68.64	44
68.66	32
68.68	25
68.7	31
68.72	33
68.74	37
68.76	43
68.78	41
68.8	29
68.82	19
68.84	17
68.86	25
68.88	25
68.9	24
68.92	22
68.94	26
68.96	20
68.98	17
69	30
69.02	32
69.04	28
69.06	42
69.08	37
69.1	32
69.12	18
69.14	23
69.16	31
69.18	22
69.2	33
69.22	34
69.24	17
69.26	20
69.28	19
69.3	22
69.32	23
69.34	27
69.36	33
69.38	40
69.4	36
69.42	38
69.44	34
69.46	31
69.48	31
69.5	23
69.52	33
69.54	30
69.56	37
69.58	36
69.6	25
69.62	28
69.64	29
69.66	35
69.68	27
69.7	29
69.72	34
69.74	25
69.76	32
69.78	46
69.8	23
69.82	20
69.84	31
69.86	34
69.88	30
69.9	39
69.92	30
69.94	20
69.96	23
69.98	37
70	34
70.02	30
70.04	26
70.06	34
70.08	29
70.1	34
70.12	30
70.14	23
70.16	41
70.18	39
70.2	25
70.22	25
70.24	32
70.26	18
70.28	28
70.3	30
70.32	32
70.34	39
70.36	29
70.38	31
70.4	39
70.42	22
70.44	30
70.46	37
70.48	29
70.5	26
70.52	31
70.54	16
70.56	24
70.58	27
70.6	24
70.62	23
70.64	24
70.66	46
70.68	31
70.7	32
70.72	29
70.74	38
70.76	18
70.78	25
70.8	22
70.82	17
70.84	28
70.86	35
70.88	30
70.9	23
70.92	21
70.94	22
70.96	42
70.98	27
71	35
71.02	28
71.04	32
71.06	18
71.08	26
71.1	27
71.12	26
71.14	24
71.16	27
71.18	36
71.2	44
71.22	24
71.24	31
71.26	30
71.28	36
71.3	29
71.32	28
71.34	30
71.36	33
71.38	19
71.4	29
71.42	26
71.44	31
71.46	32
71.48	24
71.5	21
71.52	34
71.54	31
71.56	27
71.58	25
71.6	32
71.62	33
71.64	26
71.66	33
71.68	24
71.7	36
71.72	32
71.74	23
71.76	28
71.78	32
71.8	27
71.82	24
71.84	23
71.86	30
71.88	25
71.9	22
71.92	26
71.94	31
71.96	32
71.98	39
72	29
72.02	36
72.04	28
72.06	23
72.08	40
72.1	32
72.12	25
72.14	25
72.16	41
72.18	25
72.2	30
72.22	33
72.24	27
72.26	30
72.28	27
72.3	22
72.32	39
72.34	34
72.36	20
72.38	19
72.4	25
72.42	27
72.44	25
72.46	19
72.48	35
72.5	34
72.52	25
72.54	25
72.56	19
72.58	21
72.6	26
72.62	30
72.64	29
72.66	32
72.68	27
72.7	22
72.72	27
72.74	28
72.76	25
72.78	23
72.8	29
72.82	32
72.84	23
72.86	26
72.88	32
72.9	30
72.92	28
72.94	21
72.96	14
72.98	24
73	32
73.02	35
73.04	29
73.06	21
73.08	26
73.1	32
73.12	35
73.14	36
73.16	36
73.18	33
73.2	38
73.22	32
73.24	28
73.26	42
73.28	29
73.3	29
73.32	24
73.34	31
73.36	37
73.38	29
73.4	29
73.42	28
73.44	41
73.46	31
73.48	25
73.5	36
73.52	24
73.54	30
73.56	29
73.58	29
73.6	31
73.62	29
73.64	16
73.66	30
73.68	31
73.7	36
73.72	19
73.74	35
73.76	39
73.78	30
73.8	36
73.82	29
73.84	26
73.86	33
73.88	36
73.9	30
73.92	26
73.94	31
73.96	33
73.98	33
74	17
74.02	28
74.04	39
74.06	22
74.08	29
74.1	32
74.12	35
74.14	31
74.16	22
74.18	23
74.2	24
74.22	31
74.24	30
74.26	20
74.28	22
74.3	31
74.32	35
74.34	37
74.36	18
74.38	26
74.4	25
74.42	23
74.44	31
74.46	32
74.48	33
74.5	29
74.52	31
74.54	28
74.56	27
74.58	22
74.6	34
74.62	40
74.64	20
74.66	27
74.68	33
74.7	21
74.72	25
74.74	29
74.76	23
74.78	21
74.8	24
74.82	23
74.84	28
74.86	15
74.88	21
74.9	26
74.92	27
74.94	34
74.96	32
74.98	30
