Counter Settings:
Falling Edge
Disc Threshold [V]	-0.301514
Dwell time [s]	2.000000E-8
Number of channels	3750
Number of Scans	50000

D2
v 0
J 6
29.2V 3.27A
Au 788C
Knnew  ?C
Kn  e-2mbar (base 1.5e-2)
x=35mm y=35.5mm z=512mm
D2/RGA 8.5e-11 torr (base 1.8e-11)
500: 9.5e-9 mbar
100: 1.8e-9 mbar
FFR heater 4.0A 1.27V
extra heater 3.0A 0.6V
Extractor: -30V
Lens: -1200V
MCP: -2100V
Laser Position	202.284238

Laser Power [mJ]	0.799150
Time [µs]	Counts
0	81295
0.02	19391
0.04	345
0.06	180
0.08	236
0.1	91
0.12	26
0.14	25
0.16	27
0.18	31
0.2	44
0.22	47
0.24	69
0.26	93
0.28	127
0.3	104
0.32	94
0.34	123
0.36	120
0.38	142
0.4	178
0.42	128
0.44	134
0.46	127
0.48	104
0.5	93
0.52	116
0.54	92
0.56	68
0.58	83
0.6	101
0.62	123
0.64	119
0.66	139
0.68	144
0.7	133
0.72	148
0.74	199
0.76	215
0.78	266
0.8	275
0.82	268
0.84	322
0.86	371
0.88	370
0.9	379
0.92	469
0.94	539
0.96	708
0.98	761
1	853
1.02	1008
1.04	1235
1.06	1259
1.08	1190
1.1	1097
1.12	949
1.14	655
1.16	510
1.18	370
1.2	327
1.22	335
1.24	318
1.26	306
1.28	324
1.3	301
1.32	268
1.34	228
1.36	249
1.38	245
1.4	246
1.42	242
1.44	209
1.46	220
1.48	175
1.5	137
1.52	124
1.54	113
1.56	112
1.58	110
1.6	93
1.62	67
1.64	66
1.66	73
1.68	75
1.7	64
1.72	52
1.74	47
1.76	61
1.78	62
1.8	55
1.82	49
1.84	57
1.86	50
1.88	56
1.9	56
1.92	41
1.94	55
1.96	33
1.98	45
2	45
2.02	45
2.04	48
2.06	54
2.08	76
2.1	78
2.12	73
2.14	57
2.16	60
2.18	60
2.2	57
2.22	42
2.24	54
2.26	54
2.28	44
2.3	57
2.32	54
2.34	67
2.36	48
2.38	57
2.4	50
2.42	38
2.44	44
2.46	44
2.48	35
2.5	31
2.52	31
2.54	45
2.56	50
2.58	41
2.6	50
2.62	51
2.64	34
2.66	39
2.68	29
2.7	28
2.72	49
2.74	33
2.76	44
2.78	29
2.8	20
2.82	25
2.84	30
2.86	37
2.88	26
2.9	28
2.92	29
2.94	31
2.96	26
2.98	34
3	29
3.02	28
3.04	24
3.06	24
3.08	30
3.1	33
3.12	31
3.14	30
3.16	40
3.18	25
3.2	35
3.22	32
3.24	27
3.26	26
3.28	32
3.3	26
3.32	20
3.34	30
3.36	28
3.38	27
3.4	29
3.42	26
3.44	29
3.46	31
3.48	28
3.5	36
3.52	28
3.54	20
3.56	24
3.58	21
3.6	15
3.62	39
3.64	44
3.66	40
3.68	36
3.7	24
3.72	49
3.74	37
3.76	21
3.78	16
3.8	27
3.82	20
3.84	26
3.86	29
3.88	32
3.9	26
3.92	41
3.94	31
3.96	28
3.98	28
4	22
4.02	21
4.04	37
4.06	38
4.08	35
4.1	41
4.12	40
4.14	27
4.16	30
4.18	32
4.2	37
4.22	45
4.24	35
4.26	38
4.28	34
4.3	37
4.32	44
4.34	33
4.36	37
4.38	30
4.4	37
4.42	36
4.44	36
4.46	32
4.48	31
4.5	36
4.52	40
4.54	39
4.56	30
4.58	35
4.6	49
4.62	51
4.64	40
4.66	35
4.68	45
4.7	43
4.72	33
4.74	39
4.76	34
4.78	37
4.8	30
4.82	40
4.84	37
4.86	36
4.88	39
4.9	38
4.92	37
4.94	36
4.96	49
4.98	42
5	55
5.02	40
5.04	52
5.06	40
5.08	46
5.1	59
5.12	54
5.14	46
5.16	34
5.18	49
5.2	60
5.22	43
5.24	40
5.26	49
5.28	53
5.3	67
5.32	69
5.34	51
5.36	44
5.38	60
5.4	73
5.42	63
5.44	49
5.46	43
5.48	52
5.5	67
5.52	78
5.54	48
5.56	46
5.58	63
5.6	60
5.62	46
5.64	52
5.66	49
5.68	42
5.7	34
5.72	57
5.74	67
5.76	68
5.78	58
5.8	70
5.82	61
5.84	64
5.86	53
5.88	63
5.9	44
5.92	54
5.94	64
5.96	49
5.98	70
6	62
6.02	55
6.04	67
6.06	63
6.08	56
6.1	51
6.12	48
6.14	52
6.16	64
6.18	63
6.2	57
6.22	44
6.24	54
6.26	58
6.28	67
6.3	73
6.32	62
6.34	63
6.36	72
6.38	71
6.4	59
6.42	54
6.44	64
6.46	49
6.48	65
6.5	72
6.52	72
6.54	57
6.56	57
6.58	50
6.6	48
6.62	70
6.64	85
6.66	73
6.68	69
6.7	60
6.72	74
6.74	85
6.76	81
6.78	87
6.8	75
6.82	64
6.84	71
6.86	76
6.88	79
6.9	91
6.92	90
6.94	79
6.96	71
6.98	63
7	65
7.02	64
7.04	62
7.06	62
7.08	57
7.1	66
7.12	67
7.14	59
7.16	55
7.18	63
7.2	75
7.22	82
7.24	82
7.26	98
7.28	88
7.3	82
7.32	69
7.34	78
7.36	80
7.38	83
7.4	85
7.42	84
7.44	87
7.46	75
7.48	84
7.5	77
7.52	94
7.54	89
7.56	89
7.58	65
7.6	54
7.62	57
7.64	79
7.66	95
7.68	81
7.7	88
7.72	110
7.74	94
7.76	68
7.78	64
7.8	95
7.82	87
7.84	70
7.86	75
7.88	67
7.9	58
7.92	80
7.94	67
7.96	71
7.98	74
8	75
8.02	77
8.04	72
8.06	68
8.08	78
8.1	94
8.12	82
8.14	83
8.16	80
8.18	78
8.2	78
8.22	83
8.24	93
8.26	73
8.28	80
8.3	74
8.32	77
8.34	62
8.36	78
8.38	69
8.4	74
8.42	53
8.44	68
8.46	65
8.48	64
8.5	53
8.52	48
8.54	55
8.56	54
8.58	53
8.6	65
8.62	49
8.64	48
8.66	48
8.68	47
8.7	66
8.72	56
8.74	45
8.76	62
8.78	70
8.8	69
8.82	54
8.84	51
8.86	42
8.88	54
8.9	73
8.92	48
8.94	50
8.96	51
8.98	56
9	74
9.02	67
9.04	51
9.06	36
9.08	55
9.1	47
9.12	45
9.14	45
9.16	58
9.18	51
9.2	54
9.22	58
9.24	49
9.26	50
9.28	48
9.3	60
9.32	38
9.34	52
9.36	53
9.38	44
9.4	37
9.42	58
9.44	76
9.46	46
9.48	53
9.5	50
9.52	33
9.54	38
9.56	52
9.58	45
9.6	32
9.62	44
9.64	42
9.66	47
9.68	53
9.7	47
9.72	31
9.74	52
9.76	46
9.78	41
9.8	38
9.82	48
9.84	33
9.86	39
9.88	48
9.9	53
9.92	52
9.94	35
9.96	27
9.98	36
10	49
10.02	59
10.04	50
10.06	44
10.08	43
10.1	33
10.12	55
10.14	71
10.16	38
10.18	30
10.2	44
10.22	47
10.24	42
10.26	34
10.28	40
10.3	44
10.32	32
10.34	27
10.36	38
10.38	41
10.4	39
10.42	38
10.44	38
10.46	33
10.48	37
10.5	23
10.52	33
10.54	40
10.56	36
10.58	32
10.6	33
10.62	38
10.64	42
10.66	38
10.68	50
10.7	43
10.72	53
10.74	45
10.76	32
10.78	23
10.8	28
10.82	24
10.84	35
10.86	29
10.88	32
10.9	30
10.92	32
10.94	33
10.96	42
10.98	32
11	43
11.02	44
11.04	37
11.06	30
11.08	33
11.1	35
11.12	40
11.14	52
11.16	49
11.18	42
11.2	43
11.22	41
11.24	40
11.26	29
11.28	43
11.3	38
11.32	40
11.34	46
11.36	35
11.38	35
11.4	38
11.42	24
11.44	22
11.46	43
11.48	37
11.5	37
11.52	43
11.54	33
11.56	26
11.58	32
11.6	40
11.62	26
11.64	16
11.66	30
11.68	42
11.7	40
11.72	49
11.74	31
11.76	31
11.78	35
11.8	50
11.82	33
11.84	36
11.86	28
11.88	28
11.9	40
11.92	34
11.94	31
11.96	34
11.98	35
12	38
12.02	33
12.04	38
12.06	47
12.08	32
12.1	26
12.12	25
12.14	19
12.16	22
12.18	32
12.2	46
12.22	37
12.24	30
12.26	32
12.28	36
12.3	49
12.32	27
12.34	42
12.36	36
12.38	28
12.4	42
12.42	37
12.44	35
12.46	27
12.48	39
12.5	36
12.52	32
12.54	30
12.56	21
12.58	21
12.6	24
12.62	38
12.64	34
12.66	30
12.68	41
12.7	46
12.72	27
12.74	33
12.76	29
12.78	25
12.8	22
12.82	31
12.84	28
12.86	23
12.88	34
12.9	30
12.92	19
12.94	34
12.96	37
12.98	39
13	41
13.02	27
13.04	33
13.06	29
13.08	41
13.1	35
13.12	28
13.14	27
13.16	27
13.18	26
13.2	24
13.22	25
13.24	34
13.26	36
13.28	32
13.3	32
13.32	32
13.34	25
13.36	31
13.38	32
13.4	43
13.42	38
13.44	36
13.46	28
13.48	38
13.5	25
13.52	35
13.54	28
13.56	31
13.58	33
13.6	38
13.62	42
13.64	39
13.66	39
13.68	30
13.7	29
13.72	32
13.74	29
13.76	30
13.78	32
13.8	35
13.82	39
13.84	44
13.86	43
13.88	32
13.9	20
13.92	29
13.94	35
13.96	30
13.98	43
14	41
14.02	36
14.04	37
14.06	23
14.08	46
14.1	38
14.12	37
14.14	46
14.16	19
14.18	15
14.2	19
14.22	29
14.24	53
14.26	43
14.28	30
14.3	41
14.32	26
14.34	31
14.36	24
14.38	27
14.4	37
14.42	35
14.44	31
14.46	37
14.48	30
14.5	30
14.52	19
14.54	18
14.56	34
14.58	47
14.6	50
14.62	44
14.64	37
14.66	34
14.68	39
14.7	36
14.72	30
14.74	23
14.76	25
14.78	38
14.8	33
14.82	40
14.84	37
14.86	37
14.88	40
14.9	34
14.92	30
14.94	20
14.96	31
14.98	29
15	31
15.02	31
15.04	26
15.06	33
15.08	24
15.1	26
15.12	27
15.14	35
15.16	39
15.18	34
15.2	28
15.22	34
15.24	29
15.26	31
15.28	42
15.3	41
15.32	32
15.34	34
15.36	31
15.38	39
15.4	31
15.42	18
15.44	28
15.46	26
15.48	29
15.5	35
15.52	36
15.54	35
15.56	40
15.58	31
15.6	47
15.62	24
15.64	33
15.66	33
15.68	37
15.7	31
15.72	33
15.74	32
15.76	24
15.78	24
15.8	28
15.82	30
15.84	41
15.86	29
15.88	22
15.9	28
15.92	32
15.94	32
15.96	32
15.98	41
16	29
16.02	29
16.04	30
16.06	33
16.08	30
16.1	25
16.12	30
16.14	42
16.16	39
16.18	44
16.2	35
16.22	21
16.24	41
16.26	37
16.28	24
16.3	29
16.32	28
16.34	32
16.36	30
16.38	23
16.4	32
16.42	35
16.44	43
16.46	25
16.48	22
16.5	15
16.52	24
16.54	26
16.56	22
16.58	23
16.6	28
16.62	40
16.64	30
16.66	23
16.68	33
16.7	26
16.72	28
16.74	32
16.76	30
16.78	34
16.8	28
16.82	18
16.84	23
16.86	26
16.88	30
16.9	28
16.92	34
16.94	29
16.96	38
16.98	31
17	29
17.02	32
17.04	26
17.06	23
17.08	28
17.1	28
17.12	35
17.14	37
17.16	23
17.18	27
17.2	27
17.22	23
17.24	30
17.26	29
17.28	46
17.3	36
17.32	34
17.34	49
17.36	27
17.38	24
17.4	25
17.42	34
17.44	37
17.46	34
17.48	34
17.5	29
17.52	37
17.54	36
17.56	34
17.58	25
17.6	43
17.62	33
17.64	44
17.66	33
17.68	29
17.7	28
17.72	22
17.74	26
17.76	42
17.78	36
17.8	21
17.82	18
17.84	26
17.86	26
17.88	30
17.9	29
17.92	48
17.94	33
17.96	20
17.98	30
18	35
18.02	30
18.04	33
18.06	29
18.08	37
18.1	31
18.12	24
18.14	29
18.16	38
18.18	33
18.2	29
18.22	33
18.24	38
18.26	36
18.28	35
18.3	35
18.32	38
18.34	40
18.36	33
18.38	32
18.4	37
18.42	41
18.44	37
18.46	34
18.48	37
18.5	25
18.52	28
18.54	37
18.56	35
18.58	40
18.6	40
18.62	23
18.64	21
18.66	33
18.68	37
18.7	30
18.72	36
18.74	34
18.76	32
18.78	37
18.8	28
18.82	35
18.84	34
18.86	29
18.88	22
18.9	25
18.92	24
18.94	34
18.96	34
18.98	38
19	33
19.02	33
19.04	39
19.06	41
19.08	30
19.1	25
19.12	23
19.14	29
19.16	38
19.18	26
19.2	21
19.22	36
19.24	30
19.26	27
19.28	35
19.3	24
19.32	32
19.34	41
19.36	41
19.38	35
19.4	31
19.42	35
19.44	32
19.46	30
19.48	34
19.5	30
19.52	37
19.54	28
19.56	45
19.58	37
19.6	28
19.62	35
19.64	39
19.66	41
19.68	29
19.7	41
19.72	40
19.74	47
19.76	42
19.78	25
19.8	34
19.82	47
19.84	41
19.86	46
19.88	38
19.9	31
19.92	37
19.94	29
19.96	36
19.98	31
20	34
20.02	33
20.04	34
20.06	24
20.08	38
20.1	41
20.12	37
20.14	40
20.16	30
20.18	22
20.2	42
20.22	32
20.24	31
20.26	24
20.28	33
20.3	40
20.32	43
20.34	27
20.36	33
20.38	35
20.4	41
20.42	45
20.44	48
20.46	54
20.48	56
20.5	43
20.52	34
20.54	33
20.56	39
20.58	41
20.6	53
20.62	52
20.64	28
20.66	45
20.68	50
20.7	37
20.72	38
20.74	34
20.76	29
20.78	40
20.8	38
20.82	53
20.84	47
20.86	29
20.88	31
20.9	27
20.92	19
20.94	27
20.96	44
20.98	43
21	38
21.02	37
21.04	43
21.06	55
21.08	45
21.1	29
21.12	44
21.14	36
21.16	35
21.18	31
21.2	48
21.22	37
21.24	44
21.26	36
21.28	40
21.3	35
21.32	35
21.34	33
21.36	42
21.38	36
21.4	28
21.42	29
21.44	27
21.46	35
21.48	40
21.5	41
21.52	32
21.54	30
21.56	30
21.58	27
21.6	40
21.62	31
21.64	33
21.66	48
21.68	32
21.7	31
21.72	33
21.74	39
21.76	38
21.78	36
21.8	31
21.82	35
21.84	39
21.86	47
21.88	45
21.9	29
21.92	41
21.94	30
21.96	28
21.98	28
22	40
22.02	26
22.04	28
22.06	38
22.08	34
22.1	23
22.12	32
22.14	35
22.16	35
22.18	34
22.2	42
22.22	39
22.24	39
22.26	34
22.28	41
22.3	41
22.32	44
22.34	44
22.36	28
22.38	27
22.4	43
22.42	29
22.44	32
22.46	33
22.48	26
22.5	27
22.52	39
22.54	33
22.56	42
22.58	40
22.6	28
22.62	35
22.64	50
22.66	49
22.68	35
22.7	32
22.72	22
22.74	32
22.76	29
22.78	33
22.8	35
22.82	34
22.84	46
22.86	40
22.88	39
22.9	30
22.92	19
22.94	30
22.96	39
22.98	48
23	36
23.02	35
23.04	41
23.06	30
23.08	45
23.1	37
23.12	36
23.14	36
23.16	35
23.18	33
23.2	38
23.22	35
23.24	38
23.26	38
23.28	31
23.3	43
23.32	33
23.34	27
23.36	34
23.38	39
23.4	46
23.42	29
23.44	32
23.46	34
23.48	41
23.5	54
23.52	46
23.54	39
23.56	33
23.58	35
23.6	34
23.62	31
23.64	38
23.66	31
23.68	37
23.7	45
23.72	31
23.74	43
23.76	35
23.78	26
23.8	28
23.82	20
23.84	33
23.86	34
23.88	45
23.9	37
23.92	34
23.94	37
23.96	38
23.98	32
24	35
24.02	43
24.04	44
24.06	48
24.08	34
24.1	38
24.12	34
24.14	52
24.16	47
24.18	32
24.2	45
24.22	42
24.24	35
24.26	36
24.28	48
24.3	51
24.32	41
24.34	41
24.36	35
24.38	29
24.4	49
24.42	40
24.44	41
24.46	44
24.48	39
24.5	49
24.52	46
24.54	36
24.56	38
24.58	49
24.6	41
24.62	49
24.64	41
24.66	40
24.68	57
24.7	43
24.72	43
24.74	41
24.76	43
24.78	38
24.8	32
24.82	27
24.84	47
24.86	31
24.88	29
24.9	34
24.92	33
24.94	41
24.96	43
24.98	40
25	34
25.02	54
25.04	48
25.06	42
25.08	26
25.1	33
25.12	43
25.14	49
25.16	39
25.18	43
25.2	43
25.22	39
25.24	45
25.26	35
25.28	36
25.3	33
25.32	44
25.34	51
25.36	42
25.38	35
25.4	34
25.42	35
25.44	40
25.46	27
25.48	28
25.5	37
25.52	35
25.54	32
25.56	28
25.58	39
25.6	37
25.62	35
25.64	36
25.66	25
25.68	45
25.7	48
25.72	41
25.74	32
25.76	30
25.78	31
25.8	34
25.82	44
25.84	59
25.86	44
25.88	42
25.9	33
25.92	34
25.94	37
25.96	29
25.98	33
26	56
26.02	39
26.04	48
26.06	42
26.08	37
26.1	31
26.12	42
26.14	57
26.16	60
26.18	55
26.2	37
26.22	41
26.24	34
26.26	47
26.28	55
26.3	41
26.32	35
26.34	38
26.36	35
26.38	32
26.4	42
26.42	43
26.44	51
26.46	38
26.48	37
26.5	33
26.52	38
26.54	38
26.56	44
26.58	24
26.6	33
26.62	44
26.64	58
26.66	48
26.68	46
26.7	40
26.72	52
26.74	43
26.76	44
26.78	32
26.8	31
26.82	50
26.84	47
26.86	43
26.88	41
26.9	39
26.92	49
26.94	45
26.96	46
26.98	38
27	38
27.02	45
27.04	57
27.06	38
27.08	33
27.1	45
27.12	58
27.14	52
27.16	38
27.18	44
27.2	34
27.22	34
27.24	45
27.26	53
27.28	45
27.3	43
27.32	44
27.34	40
27.36	46
27.38	50
27.4	54
27.42	62
27.44	42
27.46	40
27.48	38
27.5	49
27.52	57
27.54	51
27.56	43
27.58	38
27.6	60
27.62	33
27.64	37
27.66	37
27.68	45
27.7	37
27.72	37
27.74	38
27.76	33
27.78	28
27.8	41
27.82	49
27.84	49
27.86	46
27.88	55
27.9	55
27.92	35
27.94	42
27.96	44
27.98	42
28	38
28.02	36
28.04	42
28.06	38
28.08	43
28.1	32
28.12	45
28.14	46
28.16	42
28.18	35
28.2	32
28.22	27
28.24	48
28.26	48
28.28	48
28.3	51
28.32	44
28.34	41
28.36	43
28.38	41
28.4	28
28.42	32
28.44	39
28.46	42
28.48	53
28.5	38
28.52	63
28.54	35
28.56	45
28.58	46
28.6	48
28.62	38
28.64	46
28.66	43
28.68	51
28.7	27
28.72	27
28.74	61
28.76	46
28.78	37
28.8	40
28.82	36
28.84	45
28.86	44
28.88	32
28.9	38
28.92	51
28.94	45
28.96	36
28.98	38
29	31
29.02	35
29.04	47
29.06	40
29.08	46
29.1	49
29.12	51
29.14	39
29.16	29
29.18	35
29.2	46
29.22	47
29.24	50
29.26	51
29.28	59
29.3	52
29.32	39
29.34	36
29.36	39
29.38	45
29.4	43
29.42	41
29.44	45
29.46	37
29.48	55
29.5	55
29.52	43
29.54	49
29.56	36
29.58	42
29.6	58
29.62	45
29.64	43
29.66	47
29.68	41
29.7	29
29.72	39
29.74	46
29.76	42
29.78	44
29.8	47
29.82	38
29.84	46
29.86	42
29.88	39
29.9	51
29.92	45
29.94	35
29.96	46
29.98	36
30	30
30.02	41
30.04	43
30.06	53
30.08	56
30.1	37
30.12	34
30.14	45
30.16	42
30.18	39
30.2	41
30.22	38
30.24	34
30.26	36
30.28	35
30.3	45
30.32	50
30.34	40
30.36	37
30.38	44
30.4	50
30.42	47
30.44	38
30.46	26
30.48	40
30.5	49
30.52	44
30.54	47
30.56	62
30.58	48
30.6	48
30.62	59
30.64	40
30.66	31
30.68	43
30.7	59
30.72	44
30.74	51
30.76	39
30.78	42
30.8	37
30.82	48
30.84	49
30.86	45
30.88	47
30.9	47
30.92	43
30.94	36
30.96	47
30.98	41
31	49
31.02	40
31.04	47
31.06	53
31.08	45
31.1	37
31.12	50
31.14	48
31.16	38
31.18	40
31.2	44
31.22	35
31.24	39
31.26	31
31.28	58
31.3	39
31.32	42
31.34	35
31.36	40
31.38	52
31.4	49
31.42	43
31.44	34
31.46	35
31.48	58
31.5	43
31.52	44
31.54	52
31.56	61
31.58	53
31.6	47
31.62	48
31.64	47
31.66	47
31.68	50
31.7	38
31.72	36
31.74	40
31.76	38
31.78	42
31.8	61
31.82	60
31.84	46
31.86	46
31.88	46
31.9	54
31.92	42
31.94	42
31.96	34
31.98	52
32	43
32.02	45
32.04	34
32.06	46
32.08	47
32.1	38
32.12	48
32.14	39
32.16	39
32.18	39
32.2	39
32.22	48
32.24	46
32.26	50
32.28	40
32.3	30
32.32	41
32.34	44
32.36	61
32.38	47
32.4	44
32.42	42
32.44	37
32.46	35
32.48	45
32.5	32
32.52	40
32.54	35
32.56	32
32.58	42
32.6	41
32.62	40
32.64	52
32.66	50
32.68	40
32.7	41
32.72	42
32.74	41
32.76	50
32.78	44
32.8	43
32.82	40
32.84	47
32.86	54
32.88	30
32.9	31
32.92	41
32.94	27
32.96	42
32.98	40
33	39
33.02	39
33.04	46
33.06	34
33.08	31
33.1	30
33.12	45
33.14	36
33.16	29
33.18	31
33.2	39
33.22	26
33.24	56
33.26	38
33.28	32
33.3	33
33.32	25
33.34	42
33.36	51
33.38	41
33.4	40
33.42	33
33.44	27
33.46	36
33.48	40
33.5	32
33.52	39
33.54	39
33.56	36
33.58	50
33.6	51
33.62	44
33.64	55
33.66	42
33.68	37
33.7	42
33.72	45
33.74	40
33.76	37
33.78	56
33.8	42
33.82	44
33.84	54
33.86	39
33.88	46
33.9	55
33.92	53
33.94	44
33.96	44
33.98	57
34	38
34.02	36
34.04	33
34.06	45
34.08	45
34.1	38
34.12	39
34.14	32
34.16	43
34.18	48
34.2	33
34.22	37
34.24	39
34.26	44
34.28	46
34.3	41
34.32	55
34.34	48
34.36	51
34.38	45
34.4	45
34.42	57
34.44	52
34.46	52
34.48	51
34.5	57
34.52	48
34.54	42
34.56	39
34.58	35
34.6	36
34.62	45
34.64	47
34.66	47
34.68	46
34.7	36
34.72	39
34.74	37
34.76	49
34.78	38
34.8	39
34.82	37
34.84	34
34.86	41
34.88	46
34.9	47
34.92	43
34.94	35
34.96	40
34.98	40
35	32
35.02	28
35.04	30
35.06	42
35.08	39
35.1	30
35.12	36
35.14	36
35.16	46
35.18	39
35.2	40
35.22	34
35.24	40
35.26	46
35.28	49
35.3	44
35.32	45
35.34	35
35.36	37
35.38	49
35.4	45
35.42	42
35.44	33
35.46	41
35.48	47
35.5	38
35.52	35
35.54	39
35.56	55
35.58	52
35.6	48
35.62	43
35.64	39
35.66	34
35.68	39
35.7	47
35.72	42
35.74	44
35.76	44
35.78	29
35.8	28
35.82	45
35.84	55
35.86	45
35.88	51
35.9	45
35.92	44
35.94	43
35.96	46
35.98	43
36	56
36.02	34
36.04	54
36.06	51
36.08	39
36.1	53
36.12	42
36.14	38
36.16	41
36.18	39
36.2	50
36.22	47
36.24	39
36.26	53
36.28	46
36.3	36
36.32	42
36.34	30
36.36	35
36.38	43
36.4	49
36.42	39
36.44	31
36.46	28
36.48	50
36.5	49
36.52	39
36.54	38
36.56	37
36.58	41
36.6	37
36.62	35
36.64	33
36.66	33
36.68	43
36.7	39
36.72	48
36.74	36
36.76	53
36.78	41
36.8	39
36.82	45
36.84	41
36.86	40
36.88	48
36.9	41
36.92	44
36.94	32
36.96	32
36.98	34
37	30
37.02	47
37.04	49
37.06	42
37.08	56
37.1	47
37.12	46
37.14	40
37.16	48
37.18	40
37.2	46
37.22	42
37.24	33
37.26	39
37.28	42
37.3	43
37.32	38
37.34	33
37.36	37
37.38	44
37.4	56
37.42	53
37.44	35
37.46	48
37.48	48
37.5	56
37.52	67
37.54	46
37.56	47
37.58	41
37.6	40
37.62	42
37.64	56
37.66	37
37.68	49
37.7	46
37.72	53
37.74	43
37.76	56
37.78	54
37.8	40
37.82	41
37.84	53
37.86	45
37.88	55
37.9	49
37.92	44
37.94	54
37.96	64
37.98	51
38	31
38.02	44
38.04	29
38.06	31
38.08	51
38.1	45
38.12	58
38.14	42
38.16	47
38.18	47
38.2	35
38.22	41
38.24	44
38.26	45
38.28	51
38.3	38
38.32	41
38.34	49
38.36	53
38.38	45
38.4	45
38.42	45
38.44	49
38.46	39
38.48	44
38.5	40
38.52	32
38.54	43
38.56	47
38.58	34
38.6	35
38.62	47
38.64	45
38.66	41
38.68	45
38.7	34
38.72	38
38.74	41
38.76	39
38.78	44
38.8	46
38.82	36
38.84	55
38.86	39
38.88	39
38.9	35
38.92	42
38.94	54
38.96	51
38.98	52
39	52
39.02	38
39.04	41
39.06	33
39.08	47
39.1	49
39.12	43
39.14	49
39.16	67
39.18	34
39.2	33
39.22	37
39.24	42
39.26	37
39.28	37
39.3	37
39.32	34
39.34	42
39.36	41
39.38	29
39.4	43
39.42	50
39.44	49
39.46	36
39.48	45
39.5	31
39.52	38
39.54	56
39.56	45
39.58	48
39.6	39
39.62	45
39.64	37
39.66	41
39.68	46
39.7	38
39.72	44
39.74	45
39.76	43
39.78	42
39.8	49
39.82	45
39.84	40
39.86	40
39.88	47
39.9	45
39.92	38
39.94	41
39.96	34
39.98	44
40	35
40.02	40
40.04	48
40.06	56
40.08	55
40.1	57
40.12	37
40.14	40
40.16	39
40.18	31
40.2	37
40.22	50
40.24	45
40.26	36
40.28	43
40.3	36
40.32	52
40.34	57
40.36	58
40.38	51
40.4	47
40.42	23
40.44	46
40.46	39
40.48	56
40.5	60
40.52	40
40.54	45
40.56	41
40.58	40
40.6	48
40.62	40
40.64	45
40.66	40
40.68	36
40.7	46
40.72	39
40.74	39
40.76	36
40.78	54
40.8	64
40.82	53
40.84	40
40.86	40
40.88	36
40.9	46
40.92	39
40.94	43
40.96	38
40.98	44
41	41
41.02	45
41.04	37
41.06	48
41.08	34
41.1	34
41.12	41
41.14	49
41.16	45
41.18	41
41.2	49
41.22	49
41.24	52
41.26	38
41.28	36
41.3	47
41.32	35
41.34	33
41.36	41
41.38	47
41.4	39
41.42	31
41.44	29
41.46	38
41.48	41
41.5	35
41.52	51
41.54	45
41.56	30
41.58	37
41.6	41
41.62	42
41.64	48
41.66	37
41.68	37
41.7	43
41.72	51
41.74	60
41.76	49
41.78	31
41.8	28
41.82	44
41.84	45
41.86	39
41.88	30
41.9	38
41.92	29
41.94	38
41.96	53
41.98	46
42	44
42.02	55
42.04	50
42.06	57
42.08	50
42.1	46
42.12	44
42.14	40
42.16	38
42.18	40
42.2	42
42.22	50
42.24	48
42.26	42
42.28	43
42.3	38
42.32	44
42.34	45
42.36	43
42.38	39
42.4	33
42.42	43
42.44	39
42.46	41
42.48	55
42.5	48
42.52	35
42.54	52
42.56	34
42.58	42
42.6	45
42.62	43
42.64	44
42.66	39
42.68	42
42.7	38
42.72	29
42.74	48
42.76	49
42.78	46
42.8	52
42.82	52
42.84	54
42.86	43
42.88	41
42.9	40
42.92	53
42.94	45
42.96	35
42.98	33
43	44
43.02	39
43.04	39
43.06	38
43.08	43
43.1	38
43.12	36
43.14	46
43.16	51
43.18	43
43.2	42
43.22	38
43.24	47
43.26	46
43.28	27
43.3	34
43.32	42
43.34	34
43.36	57
43.38	50
43.4	45
43.42	39
43.44	36
43.46	44
43.48	44
43.5	35
43.52	34
43.54	30
43.56	34
43.58	33
43.6	27
43.62	40
43.64	45
43.66	41
43.68	40
43.7	40
43.72	41
43.74	41
43.76	39
43.78	41
43.8	51
43.82	41
43.84	39
43.86	41
43.88	22
43.9	41
43.92	40
43.94	48
43.96	48
43.98	43
44	42
44.02	42
44.04	41
44.06	37
44.08	37
44.1	45
44.12	40
44.14	31
44.16	39
44.18	48
44.2	42
44.22	45
44.24	52
44.26	42
44.28	33
44.3	47
44.32	42
44.34	47
44.36	59
44.38	44
44.4	44
44.42	44
44.44	45
44.46	53
44.48	42
44.5	34
44.52	36
44.54	31
44.56	37
44.58	39
44.6	42
44.62	47
44.64	44
44.66	50
44.68	42
44.7	33
44.72	39
44.74	45
44.76	37
44.78	36
44.8	49
44.82	37
44.84	35
44.86	38
44.88	47
44.9	48
44.92	49
44.94	35
44.96	44
44.98	29
45	29
45.02	45
45.04	45
45.06	36
45.08	36
45.1	27
45.12	47
45.14	44
45.16	35
45.18	31
45.2	34
45.22	40
45.24	40
45.26	44
45.28	42
45.3	30
45.32	44
45.34	44
45.36	31
45.38	35
45.4	39
45.42	31
45.44	38
45.46	34
45.48	26
45.5	29
45.52	40
45.54	31
45.56	39
45.58	36
45.6	46
45.62	35
45.64	46
45.66	30
45.68	40
45.7	41
45.72	48
45.74	34
45.76	29
45.78	32
45.8	38
45.82	33
45.84	41
45.86	38
45.88	39
45.9	34
45.92	32
45.94	36
45.96	36
45.98	30
46	36
46.02	36
46.04	18
46.06	33
46.08	35
46.1	31
46.12	53
46.14	53
46.16	41
46.18	45
46.2	43
46.22	53
46.24	39
46.26	41
46.28	32
46.3	33
46.32	34
46.34	30
46.36	35
46.38	33
46.4	29
46.42	41
46.44	29
46.46	31
46.48	31
46.5	46
46.52	41
46.54	40
46.56	42
46.58	46
46.6	50
46.62	33
46.64	43
46.66	45
46.68	42
46.7	51
46.72	48
46.74	35
46.76	29
46.78	26
46.8	39
46.82	38
46.84	51
46.86	51
46.88	57
46.9	33
46.92	34
46.94	33
46.96	39
46.98	29
47	39
47.02	43
47.04	40
47.06	32
47.08	40
47.1	29
47.12	37
47.14	33
47.16	37
47.18	40
47.2	51
47.22	39
47.24	50
47.26	50
47.28	30
47.3	27
47.32	38
47.34	29
47.36	32
47.38	39
47.4	43
47.42	50
47.44	43
47.46	47
47.48	52
47.5	37
47.52	33
47.54	37
47.56	44
47.58	30
47.6	38
47.62	47
47.64	36
47.66	32
47.68	38
47.7	36
47.72	46
47.74	46
47.76	32
47.78	33
47.8	41
47.82	49
47.84	51
47.86	40
47.88	32
47.9	40
47.92	41
47.94	52
47.96	39
47.98	44
48	35
48.02	30
48.04	34
48.06	39
48.08	44
48.1	58
48.12	34
48.14	41
48.16	40
48.18	54
48.2	34
48.22	36
48.24	35
48.26	36
48.28	41
48.3	37
48.32	32
48.34	47
48.36	40
48.38	39
48.4	47
48.42	33
48.44	42
48.46	44
48.48	36
48.5	38
48.52	45
48.54	46
48.56	43
48.58	49
48.6	41
48.62	33
48.64	27
48.66	43
48.68	50
48.7	38
48.72	38
48.74	42
48.76	47
48.78	36
48.8	38
48.82	42
48.84	38
48.86	33
48.88	30
48.9	32
48.92	38
48.94	40
48.96	50
48.98	59
49	28
49.02	39
49.04	30
49.06	29
49.08	36
49.1	33
49.12	54
49.14	38
49.16	45
49.18	36
49.2	37
49.22	30
49.24	40
49.26	33
49.28	26
49.3	30
49.32	37
49.34	37
49.36	35
49.38	48
49.4	49
49.42	39
49.44	47
49.46	38
49.48	44
49.5	32
49.52	32
49.54	37
49.56	29
49.58	32
49.6	40
49.62	37
49.64	37
49.66	38
49.68	40
49.7	36
49.72	37
49.74	37
49.76	37
49.78	42
49.8	36
49.82	40
49.84	41
49.86	32
49.88	19
49.9	25
49.92	34
49.94	36
49.96	33
49.98	54
50	51
50.02	45
50.04	38
50.06	29
50.08	28
50.1	29
50.12	24
50.14	22
50.16	32
50.18	30
50.2	31
50.22	47
50.24	54
50.26	52
50.28	35
50.3	42
50.32	50
50.34	42
50.36	42
50.38	33
50.4	37
50.42	36
50.44	38
50.46	43
50.48	44
50.5	49
50.52	46
50.54	31
50.56	26
50.58	29
50.6	38
50.62	49
50.64	41
50.66	35
50.68	40
50.7	37
50.72	34
50.74	40
50.76	41
50.78	20
50.8	25
50.82	39
50.84	36
50.86	39
50.88	36
50.9	49
50.92	59
50.94	58
50.96	38
50.98	42
51	37
51.02	47
51.04	51
51.06	34
51.08	37
51.1	35
51.12	28
51.14	36
51.16	46
51.18	36
51.2	30
51.22	53
51.24	35
51.26	34
51.28	39
51.3	31
51.32	39
51.34	28
51.36	20
51.38	21
51.4	39
51.42	39
51.44	38
51.46	46
51.48	38
51.5	36
51.52	37
51.54	38
51.56	31
51.58	41
51.6	37
51.62	31
51.64	33
51.66	35
51.68	34
51.7	35
51.72	35
51.74	44
51.76	45
51.78	33
51.8	53
51.82	41
51.84	39
51.86	36
51.88	39
51.9	36
51.92	40
51.94	44
51.96	40
51.98	42
52	35
52.02	42
52.04	34
52.06	41
52.08	36
52.1	38
52.12	42
52.14	44
52.16	35
52.18	41
52.2	29
52.22	45
52.24	44
52.26	41
52.28	30
52.3	28
52.32	39
52.34	35
52.36	40
52.38	33
52.4	32
52.42	43
52.44	37
52.46	32
52.48	35
52.5	35
52.52	33
52.54	23
52.56	28
52.58	34
52.6	37
52.62	29
52.64	27
52.66	47
52.68	49
52.7	41
52.72	35
52.74	51
52.76	52
52.78	30
52.8	24
52.82	39
52.84	46
52.86	40
52.88	33
52.9	31
52.92	41
52.94	33
52.96	25
52.98	26
53	35
53.02	37
53.04	38
53.06	35
53.08	35
53.1	43
53.12	44
53.14	32
53.16	43
53.18	30
53.2	42
53.22	42
53.24	38
53.26	36
53.28	46
53.3	36
53.32	37
53.34	28
53.36	25
53.38	26
53.4	32
53.42	33
53.44	33
53.46	51
53.48	39
53.5	24
53.52	40
53.54	48
53.56	44
53.58	39
53.6	48
53.62	41
53.64	44
53.66	43
53.68	44
53.7	41
53.72	34
53.74	31
53.76	19
53.78	32
53.8	34
53.82	28
53.84	33
53.86	37
53.88	35
53.9	28
53.92	29
53.94	29
53.96	53
53.98	27
54	41
54.02	41
54.04	35
54.06	33
54.08	32
54.1	37
54.12	45
54.14	41
54.16	38
54.18	36
54.2	28
54.22	34
54.24	25
54.26	28
54.28	48
54.3	40
54.32	40
54.34	35
54.36	37
54.38	40
54.4	40
54.42	42
54.44	42
54.46	36
54.48	43
54.5	30
54.52	30
54.54	29
54.56	40
54.58	29
54.6	37
54.62	43
54.64	33
54.66	28
54.68	39
54.7	35
54.72	41
54.74	35
54.76	31
54.78	34
54.8	21
54.82	42
54.84	34
54.86	36
54.88	34
54.9	25
54.92	30
54.94	37
54.96	45
54.98	47
55	41
55.02	43
55.04	43
55.06	49
55.08	41
55.1	35
55.12	35
55.14	34
55.16	38
55.18	26
55.2	32
55.22	21
55.24	29
55.26	27
55.28	43
55.3	44
55.32	31
55.34	31
55.36	49
55.38	39
55.4	35
55.42	35
55.44	52
55.46	43
55.48	38
55.5	49
55.52	44
55.54	41
55.56	33
55.58	36
55.6	30
55.62	39
55.64	38
55.66	27
55.68	37
55.7	35
55.72	41
55.74	36
55.76	27
55.78	30
55.8	28
55.82	27
55.84	24
55.86	31
55.88	38
55.9	33
55.92	29
55.94	31
55.96	34
55.98	37
56	31
56.02	31
56.04	33
56.06	44
56.08	41
56.1	42
56.12	37
56.14	34
56.16	43
56.18	39
56.2	30
56.22	30
56.24	29
56.26	25
56.28	33
56.3	37
56.32	29
56.34	41
56.36	28
56.38	22
56.4	27
56.42	44
56.44	38
56.46	47
56.48	43
56.5	39
56.52	32
56.54	30
56.56	36
56.58	37
56.6	48
56.62	27
56.64	32
56.66	29
56.68	33
56.7	33
56.72	23
56.74	22
56.76	19
56.78	26
56.8	36
56.82	40
56.84	48
56.86	55
56.88	45
56.9	23
56.92	33
56.94	39
56.96	27
56.98	33
57	32
57.02	35
57.04	27
57.06	29
57.08	47
57.1	36
57.12	34
57.14	33
57.16	25
57.18	22
57.2	36
57.22	37
57.24	36
57.26	29
57.28	28
57.3	27
57.32	34
57.34	35
57.36	37
57.38	29
57.4	40
57.42	45
57.44	37
57.46	43
57.48	49
57.5	43
57.52	28
57.54	38
57.56	26
57.58	32
57.6	49
57.62	40
57.64	35
57.66	30
57.68	44
57.7	46
57.72	33
57.74	31
57.76	33
57.78	21
57.8	29
57.82	29
57.84	31
57.86	33
57.88	39
57.9	39
57.92	35
57.94	40
57.96	32
57.98	33
58	30
58.02	37
58.04	42
58.06	31
58.08	36
58.1	41
58.12	38
58.14	35
58.16	27
58.18	29
58.2	27
58.22	35
58.24	30
58.26	36
58.28	39
58.3	29
58.32	20
58.34	27
58.36	32
58.38	27
58.4	36
58.42	28
58.44	35
58.46	37
58.48	24
58.5	23
58.52	30
58.54	27
58.56	37
58.58	38
58.6	29
58.62	34
58.64	27
58.66	23
58.68	19
58.7	27
58.72	38
58.74	45
58.76	35
58.78	36
58.8	24
58.82	34
58.84	30
58.86	35
58.88	30
58.9	38
58.92	38
58.94	32
58.96	22
58.98	26
59	31
59.02	28
59.04	39
59.06	31
59.08	35
59.1	34
59.12	41
59.14	31
59.16	33
59.18	42
59.2	39
59.22	32
59.24	35
59.26	27
59.28	30
59.3	27
59.32	30
59.34	32
59.36	33
59.38	33
59.4	28
59.42	50
59.44	47
59.46	31
59.48	31
59.5	25
59.52	30
59.54	38
59.56	27
59.58	36
59.6	34
59.62	35
59.64	38
59.66	25
59.68	39
59.7	37
59.72	52
59.74	39
59.76	31
59.78	32
59.8	24
59.82	27
59.84	33
59.86	35
59.88	31
59.9	33
59.92	27
59.94	19
59.96	38
59.98	40
60	35
60.02	37
60.04	28
60.06	29
60.08	41
60.1	28
60.12	36
60.14	32
60.16	36
60.18	32
60.2	27
60.22	36
60.24	39
60.26	21
60.28	33
60.3	32
60.32	28
60.34	38
60.36	31
60.38	24
60.4	37
60.42	36
60.44	33
60.46	38
60.48	36
60.5	32
60.52	35
60.54	39
60.56	26
60.58	32
60.6	35
60.62	24
60.64	30
60.66	28
60.68	30
60.7	27
60.72	30
60.74	34
60.76	44
60.78	32
60.8	40
60.82	35
60.84	20
60.86	28
60.88	38
60.9	35
60.92	34
60.94	24
60.96	31
60.98	26
61	35
61.02	19
61.04	35
61.06	43
61.08	32
61.1	38
61.12	28
61.14	30
61.16	36
61.18	40
61.2	38
61.22	33
61.24	27
61.26	39
61.28	32
61.3	33
61.32	43
61.34	23
61.36	28
61.38	36
61.4	37
61.42	34
61.44	32
61.46	23
61.48	27
61.5	34
61.52	31
61.54	25
61.56	22
61.58	28
61.6	27
61.62	35
61.64	38
61.66	30
61.68	31
61.7	48
61.72	34
61.74	28
61.76	25
61.78	38
61.8	36
61.82	42
61.84	29
61.86	24
61.88	28
61.9	21
61.92	23
61.94	28
61.96	33
61.98	30
62	31
62.02	28
62.04	33
62.06	36
62.08	37
62.1	26
62.12	36
62.14	43
62.16	41
62.18	36
62.2	29
62.22	32
62.24	33
62.26	26
62.28	34
62.3	27
62.32	21
62.34	26
62.36	39
62.38	43
62.4	37
62.42	43
62.44	39
62.46	28
62.48	29
62.5	37
62.52	32
62.54	38
62.56	34
62.58	29
62.6	26
62.62	19
62.64	26
62.66	36
62.68	34
62.7	35
62.72	31
62.74	33
62.76	39
62.78	32
62.8	41
62.82	36
62.84	41
62.86	24
62.88	24
62.9	31
62.92	39
62.94	23
62.96	39
62.98	37
63	25
63.02	29
63.04	27
63.06	23
63.08	37
63.1	37
63.12	40
63.14	32
63.16	32
63.18	24
63.2	26
63.22	28
63.24	25
63.26	29
63.28	37
63.3	35
63.32	42
63.34	34
63.36	33
63.38	39
63.4	34
63.42	27
63.44	32
63.46	29
63.48	32
63.5	41
63.52	33
63.54	35
63.56	39
63.58	31
63.6	29
63.62	27
63.64	33
63.66	29
63.68	36
63.7	34
63.72	32
63.74	27
63.76	28
63.78	42
63.8	38
63.82	24
63.84	38
63.86	25
63.88	31
63.9	23
63.92	27
63.94	23
63.96	29
63.98	28
64	24
64.02	19
64.04	19
64.06	32
64.08	36
64.1	44
64.12	41
64.14	36
64.16	31
64.18	27
64.2	39
64.22	25
64.24	31
64.26	39
64.28	26
64.3	23
64.32	28
64.34	25
64.36	32
64.38	33
64.4	19
64.42	28
64.44	37
64.46	38
64.48	36
64.5	37
64.52	25
64.54	20
64.56	36
64.58	27
64.6	28
64.62	24
64.64	34
64.66	27
64.68	26
64.7	22
64.72	29
64.74	42
64.76	36
64.78	38
64.8	38
64.82	28
64.84	28
64.86	24
64.88	20
64.9	29
64.92	25
64.94	26
64.96	33
64.98	42
65	24
65.02	17
65.04	31
65.06	23
65.08	31
65.1	29
65.12	33
65.14	30
65.16	24
65.18	27
65.2	18
65.22	24
65.24	29
65.26	29
65.28	13
65.3	25
65.32	34
65.34	33
65.36	31
65.38	32
65.4	30
65.42	34
65.44	37
65.46	25
65.48	31
65.5	25
65.52	35
65.54	40
65.56	26
65.58	24
65.6	45
65.62	33
65.64	29
65.66	32
65.68	38
65.7	31
65.72	32
65.74	30
65.76	29
65.78	33
65.8	34
65.82	32
65.84	24
65.86	33
65.88	25
65.9	31
65.92	28
65.94	34
65.96	38
65.98	31
66	26
66.02	36
66.04	35
66.06	31
66.08	28
66.1	30
66.12	21
66.14	29
66.16	34
66.18	35
66.2	32
66.22	31
66.24	29
66.26	25
66.28	37
66.3	25
66.32	28
66.34	23
66.36	28
66.38	29
66.4	31
66.42	32
66.44	46
66.46	34
66.48	10
66.5	19
66.52	27
66.54	27
66.56	35
66.58	30
66.6	35
66.62	26
66.64	26
66.66	32
66.68	33
66.7	23
66.72	30
66.74	25
66.76	23
66.78	20
66.8	24
66.82	26
66.84	17
66.86	22
66.88	24
66.9	35
66.92	30
66.94	29
66.96	17
66.98	26
67	24
67.02	34
67.04	30
67.06	24
67.08	26
67.1	25
67.12	27
67.14	23
67.16	39
67.18	39
67.2	34
67.22	33
67.24	26
67.26	34
67.28	31
67.3	30
67.32	32
67.34	35
67.36	31
67.38	27
67.4	20
67.42	27
67.44	25
67.46	24
67.48	29
67.5	23
67.52	29
67.54	37
67.56	33
67.58	21
67.6	33
67.62	18
67.64	28
67.66	24
67.68	33
67.7	53
67.72	38
67.74	28
67.76	23
67.78	20
67.8	26
67.82	37
67.84	28
67.86	31
67.88	28
67.9	34
67.92	42
67.94	29
67.96	22
67.98	39
68	41
68.02	21
68.04	33
68.06	30
68.08	34
68.1	32
68.12	31
68.14	23
68.16	32
68.18	24
68.2	22
68.22	20
68.24	33
68.26	39
68.28	37
68.3	23
68.32	26
68.34	30
68.36	27
68.38	34
68.4	34
68.42	26
68.44	35
68.46	31
68.48	37
68.5	27
68.52	25
68.54	16
68.56	20
68.58	33
68.6	30
68.62	23
68.64	27
68.66	29
68.68	33
68.7	21
68.72	22
68.74	27
68.76	26
68.78	31
68.8	33
68.82	25
68.84	19
68.86	33
68.88	35
68.9	25
68.92	25
68.94	31
68.96	30
68.98	24
69	31
69.02	35
69.04	30
69.06	24
69.08	29
69.1	31
69.12	26
69.14	25
69.16	30
69.18	29
69.2	22
69.22	28
69.24	30
69.26	32
69.28	35
69.3	26
69.32	28
69.34	28
69.36	32
69.38	28
69.4	19
69.42	30
69.44	32
69.46	22
69.48	34
69.5	39
69.52	28
69.54	35
69.56	26
69.58	24
69.6	26
69.62	27
69.64	29
69.66	33
69.68	28
69.7	28
69.72	31
69.74	31
69.76	30
69.78	27
69.8	22
69.82	31
69.84	29
69.86	30
69.88	32
69.9	32
69.92	20
69.94	27
69.96	22
69.98	21
70	27
70.02	22
70.04	33
70.06	30
70.08	31
70.1	27
70.12	26
70.14	25
70.16	31
70.18	21
70.2	22
70.22	32
70.24	35
70.26	21
70.28	22
70.3	34
70.32	19
70.34	28
70.36	21
70.38	44
70.4	35
70.42	24
70.44	28
70.46	30
70.48	42
70.5	33
70.52	32
70.54	27
70.56	24
70.58	16
70.6	28
70.62	37
70.64	34
70.66	43
70.68	47
70.7	35
70.72	28
70.74	24
70.76	19
70.78	14
70.8	26
70.82	29
70.84	24
70.86	32
70.88	34
70.9	31
70.92	18
70.94	28
70.96	34
70.98	38
71	34
71.02	33
71.04	30
71.06	38
71.08	33
71.1	32
71.12	22
71.14	26
71.16	26
71.18	31
71.2	28
71.22	18
71.24	18
71.26	16
71.28	30
71.3	29
71.32	32
71.34	31
71.36	19
71.38	28
71.4	32
71.42	23
71.44	23
71.46	23
71.48	29
71.5	35
71.52	34
71.54	21
71.56	28
71.58	19
71.6	26
71.62	29
71.64	30
71.66	21
71.68	25
71.7	33
71.72	38
71.74	26
71.76	24
71.78	16
71.8	19
71.82	16
71.84	25
71.86	31
71.88	25
71.9	27
71.92	35
71.94	22
71.96	19
71.98	27
72	28
72.02	22
72.04	26
72.06	21
72.08	22
72.1	25
72.12	22
72.14	24
72.16	31
72.18	32
72.2	30
72.22	19
72.24	29
72.26	32
72.28	24
72.3	24
72.32	18
72.34	23
72.36	29
72.38	36
72.4	29
72.42	24
72.44	24
72.46	23
72.48	30
72.5	33
72.52	24
72.54	28
72.56	22
72.58	35
72.6	32
72.62	36
72.64	26
72.66	42
72.68	38
72.7	29
72.72	26
72.74	31
72.76	28
72.78	28
72.8	41
72.82	40
72.84	31
72.86	27
72.88	16
72.9	34
72.92	30
72.94	29
72.96	30
72.98	25
73	31
73.02	32
73.04	23
73.06	20
73.08	24
73.1	21
73.12	34
73.14	32
73.16	23
73.18	25
73.2	29
73.22	23
73.24	24
73.26	33
73.28	40
73.3	32
73.32	26
73.34	16
73.36	27
73.38	23
73.4	22
73.42	29
73.44	28
73.46	24
73.48	20
73.5	27
73.52	24
73.54	31
73.56	33
73.58	33
73.6	35
73.62	35
73.64	20
73.66	32
73.68	43
73.7	26
73.72	21
73.74	25
73.76	26
73.78	28
73.8	35
73.82	27
73.84	25
73.86	24
73.88	30
73.9	31
73.92	31
73.94	28
73.96	19
73.98	24
74	30
74.02	24
74.04	30
74.06	25
74.08	31
74.1	34
74.12	29
74.14	30
74.16	39
74.18	21
74.2	18
74.22	15
74.24	18
74.26	29
74.28	27
74.3	12
74.32	13
74.34	22
74.36	27
74.38	23
74.4	26
74.42	20
74.44	18
74.46	28
74.48	23
74.5	27
74.52	19
74.54	22
74.56	24
74.58	27
74.6	27
74.62	35
74.64	33
74.66	24
74.68	35
74.7	29
74.72	34
74.74	24
74.76	30
74.78	23
74.8	25
74.82	27
74.84	15
74.86	26
74.88	26
74.9	26
74.92	26
74.94	19
74.96	23
74.98	22
