Counter Settings:
Falling Edge
Disc Threshold [V]	-0.301514
Dwell time [s]	2.000000E-8
Number of channels	3750
Number of Scans	50000

D2
v 0
J 7
29.1V 3.27A
Au 788C
Knnew  ?C
Kn  e-2mbar (base 1.5e-2)
x=35mm y=35.5mm z=512mm
D2/RGA 9.0e-11 torr (base 1.8e-11)
500: 9.6e-9 mbar
100: 1.6e-9 mbar
FFR heater 4.0A 1.28V
extra heater 3.0A 0.6V
Extractor: -30V
Lens: -1200V
MCP: -2100V
Laser Position	202.645546

Laser Power [mJ]	0.768203
Time [µs]	Counts
0	81303
0.02	22285
0.04	380
0.06	171
0.08	163
0.1	90
0.12	41
0.14	18
0.16	32
0.18	40
0.2	35
0.22	59
0.24	84
0.26	96
0.28	110
0.3	104
0.32	117
0.34	108
0.36	123
0.38	148
0.4	176
0.42	168
0.44	159
0.46	142
0.48	114
0.5	110
0.52	110
0.54	97
0.56	73
0.58	84
0.6	94
0.62	109
0.64	120
0.66	124
0.68	123
0.7	137
0.72	136
0.74	167
0.76	195
0.78	271
0.8	284
0.82	246
0.84	285
0.86	334
0.88	398
0.9	459
0.92	487
0.94	528
0.96	632
0.98	763
1	888
1.02	1013
1.04	1141
1.06	1205
1.08	1222
1.1	1054
1.12	820
1.14	651
1.16	498
1.18	372
1.2	329
1.22	276
1.24	264
1.26	260
1.28	234
1.3	239
1.32	258
1.34	263
1.36	230
1.38	231
1.4	218
1.42	207
1.44	211
1.46	193
1.48	151
1.5	134
1.52	127
1.54	128
1.56	97
1.58	91
1.6	72
1.62	70
1.64	43
1.66	46
1.68	64
1.7	59
1.72	45
1.74	41
1.76	42
1.78	52
1.8	64
1.82	78
1.84	73
1.86	47
1.88	62
1.9	63
1.92	55
1.94	40
1.96	41
1.98	68
2	57
2.02	67
2.04	63
2.06	54
2.08	62
2.1	69
2.12	69
2.14	70
2.16	58
2.18	62
2.2	60
2.22	65
2.24	53
2.26	43
2.28	53
2.3	39
2.32	39
2.34	42
2.36	44
2.38	26
2.4	35
2.42	34
2.44	42
2.46	42
2.48	32
2.5	30
2.52	36
2.54	31
2.56	21
2.58	21
2.6	32
2.62	14
2.64	27
2.66	29
2.68	37
2.7	28
2.72	27
2.74	21
2.76	25
2.78	25
2.8	16
2.82	21
2.84	25
2.86	23
2.88	30
2.9	23
2.92	19
2.94	16
2.96	18
2.98	23
3	36
3.02	43
3.04	38
3.06	23
3.08	20
3.1	16
3.12	19
3.14	25
3.16	25
3.18	26
3.2	18
3.22	25
3.24	20
3.26	23
3.28	13
3.3	18
3.32	30
3.34	17
3.36	24
3.38	23
3.4	19
3.42	17
3.44	34
3.46	37
3.48	35
3.5	40
3.52	41
3.54	34
3.56	33
3.58	43
3.6	30
3.62	34
3.64	32
3.66	24
3.68	26
3.7	22
3.72	28
3.74	44
3.76	24
3.78	27
3.8	32
3.82	32
3.84	31
3.86	34
3.88	41
3.9	28
3.92	29
3.94	28
3.96	35
3.98	36
4	40
4.02	30
4.04	27
4.06	31
4.08	43
4.1	48
4.12	27
4.14	33
4.16	35
4.18	38
4.2	32
4.22	28
4.24	36
4.26	48
4.28	35
4.3	38
4.32	48
4.34	35
4.36	32
4.38	38
4.4	53
4.42	36
4.44	32
4.46	28
4.48	39
4.5	31
4.52	30
4.54	40
4.56	45
4.58	36
4.6	27
4.62	33
4.64	37
4.66	44
4.68	37
4.7	39
4.72	37
4.74	31
4.76	45
4.78	38
4.8	33
4.82	29
4.84	26
4.86	35
4.88	42
4.9	38
4.92	38
4.94	44
4.96	35
4.98	34
5	39
5.02	49
5.04	46
5.06	33
5.08	51
5.1	61
5.12	50
5.14	40
5.16	50
5.18	54
5.2	44
5.22	55
5.24	53
5.26	43
5.28	41
5.3	53
5.32	64
5.34	58
5.36	52
5.38	62
5.4	75
5.42	48
5.44	56
5.46	52
5.48	68
5.5	66
5.52	48
5.54	69
5.56	63
5.58	53
5.6	60
5.62	58
5.64	50
5.66	58
5.68	72
5.7	62
5.72	63
5.74	82
5.76	51
5.78	47
5.8	63
5.82	54
5.84	55
5.86	60
5.88	69
5.9	63
5.92	47
5.94	39
5.96	49
5.98	55
6	55
6.02	61
6.04	53
6.06	63
6.08	56
6.1	54
6.12	60
6.14	46
6.16	52
6.18	54
6.2	53
6.22	58
6.24	59
6.26	66
6.28	77
6.3	85
6.32	80
6.34	72
6.36	65
6.38	55
6.4	67
6.42	77
6.44	54
6.46	58
6.48	55
6.5	66
6.52	73
6.54	74
6.56	86
6.58	65
6.6	62
6.62	63
6.64	57
6.66	52
6.68	45
6.7	47
6.72	55
6.74	81
6.76	81
6.78	90
6.8	83
6.82	75
6.84	71
6.86	79
6.88	78
6.9	89
6.92	77
6.94	74
6.96	63
6.98	40
7	54
7.02	73
7.04	71
7.06	69
7.08	76
7.1	71
7.12	78
7.14	69
7.16	60
7.18	70
7.2	70
7.22	75
7.24	83
7.26	83
7.28	57
7.3	61
7.32	62
7.34	69
7.36	57
7.38	74
7.4	74
7.42	87
7.44	70
7.46	64
7.48	72
7.5	73
7.52	70
7.54	66
7.56	62
7.58	73
7.6	71
7.62	65
7.64	72
7.66	77
7.68	67
7.7	68
7.72	74
7.74	78
7.76	84
7.78	74
7.8	73
7.82	82
7.84	75
7.86	74
7.88	90
7.9	63
7.92	59
7.94	63
7.96	42
7.98	51
8	67
8.02	70
8.04	61
8.06	73
8.08	81
8.1	75
8.12	77
8.14	86
8.16	71
8.18	70
8.2	82
8.22	78
8.24	70
8.26	77
8.28	68
8.3	69
8.32	62
8.34	54
8.36	67
8.38	76
8.4	76
8.42	77
8.44	82
8.46	81
8.48	86
8.5	76
8.52	61
8.54	64
8.56	68
8.58	75
8.6	83
8.62	97
8.64	126
8.66	85
8.68	89
8.7	82
8.72	90
8.74	107
8.76	103
8.78	113
8.8	88
8.82	90
8.84	89
8.86	92
8.88	121
8.9	115
8.92	82
8.94	92
8.96	86
8.98	82
9	92
9.02	78
9.04	82
9.06	80
9.08	100
9.1	91
9.12	95
9.14	95
9.16	79
9.18	71
9.2	76
9.22	88
9.24	107
9.26	103
9.28	80
9.3	83
9.32	78
9.34	83
9.36	79
9.38	68
9.4	77
9.42	80
9.44	73
9.46	51
9.48	64
9.5	62
9.52	61
9.54	60
9.56	75
9.58	66
9.6	75
9.62	63
9.64	60
9.66	54
9.68	86
9.7	60
9.72	71
9.74	60
9.76	65
9.78	66
9.8	62
9.82	57
9.84	54
9.86	60
9.88	47
9.9	57
9.92	80
9.94	57
9.96	40
9.98	50
10	54
10.02	60
10.04	49
10.06	38
10.08	44
10.1	47
10.12	57
10.14	55
10.16	47
10.18	44
10.2	56
10.22	43
10.24	39
10.26	27
10.28	37
10.3	51
10.32	41
10.34	50
10.36	48
10.38	38
10.4	40
10.42	35
10.44	44
10.46	40
10.48	45
10.5	44
10.52	49
10.54	45
10.56	35
10.58	35
10.6	36
10.62	27
10.64	32
10.66	42
10.68	36
10.7	41
10.72	29
10.74	42
10.76	36
10.78	37
10.8	31
10.82	20
10.84	32
10.86	39
10.88	22
10.9	36
10.92	35
10.94	33
10.96	26
10.98	23
11	40
11.02	46
11.04	44
11.06	39
11.08	44
11.1	38
11.12	35
11.14	29
11.16	36
11.18	47
11.2	37
11.22	27
11.24	36
11.26	35
11.28	37
11.3	38
11.32	26
11.34	28
11.36	45
11.38	31
11.4	24
11.42	28
11.44	43
11.46	30
11.48	28
11.5	30
11.52	23
11.54	32
11.56	29
11.58	37
11.6	29
11.62	39
11.64	35
11.66	37
11.68	50
11.7	31
11.72	30
11.74	20
11.76	45
11.78	40
11.8	31
11.82	26
11.84	28
11.86	45
11.88	33
11.9	22
11.92	20
11.94	22
11.96	34
11.98	24
12	23
12.02	34
12.04	33
12.06	24
12.08	33
12.1	40
12.12	31
12.14	24
12.16	30
12.18	25
12.2	29
12.22	39
12.24	32
12.26	34
12.28	34
12.3	29
12.32	18
12.34	31
12.36	36
12.38	27
12.4	47
12.42	27
12.44	40
12.46	58
12.48	44
12.5	33
12.52	19
12.54	25
12.56	35
12.58	35
12.6	16
12.62	33
12.64	40
12.66	41
12.68	31
12.7	32
12.72	42
12.74	26
12.76	27
12.78	25
12.8	25
12.82	37
12.84	39
12.86	26
12.88	32
12.9	28
12.92	27
12.94	41
12.96	36
12.98	40
13	31
13.02	26
13.04	35
13.06	28
13.08	35
13.1	29
13.12	23
13.14	28
13.16	29
13.18	26
13.2	36
13.22	38
13.24	40
13.26	28
13.28	22
13.3	21
13.32	22
13.34	27
13.36	27
13.38	30
13.4	35
13.42	35
13.44	35
13.46	28
13.48	21
13.5	30
13.52	20
13.54	27
13.56	34
13.58	22
13.6	26
13.62	27
13.64	32
13.66	26
13.68	34
13.7	28
13.72	35
13.74	24
13.76	30
13.78	22
13.8	29
13.82	32
13.84	35
13.86	34
13.88	33
13.9	29
13.92	27
13.94	32
13.96	21
13.98	31
14	34
14.02	18
14.04	28
14.06	40
14.08	30
14.1	30
14.12	43
14.14	44
14.16	42
14.18	28
14.2	28
14.22	31
14.24	39
14.26	23
14.28	37
14.3	25
14.32	35
14.34	37
14.36	27
14.38	33
14.4	37
14.42	43
14.44	32
14.46	41
14.48	31
14.5	27
14.52	25
14.54	26
14.56	29
14.58	29
14.6	21
14.62	23
14.64	29
14.66	32
14.68	47
14.7	37
14.72	39
14.74	26
14.76	37
14.78	32
14.8	42
14.82	42
14.84	40
14.86	41
14.88	42
14.9	30
14.92	33
14.94	29
14.96	31
14.98	34
15	33
15.02	36
15.04	30
15.06	36
15.08	30
15.1	36
15.12	32
15.14	33
15.16	25
15.18	27
15.2	32
15.22	23
15.24	32
15.26	46
15.28	36
15.3	31
15.32	31
15.34	27
15.36	28
15.38	33
15.4	48
15.42	41
15.44	39
15.46	48
15.48	45
15.5	36
15.52	27
15.54	32
15.56	38
15.58	50
15.6	33
15.62	39
15.64	46
15.66	34
15.68	29
15.7	32
15.72	29
15.74	21
15.76	35
15.78	40
15.8	24
15.82	26
15.84	33
15.86	38
15.88	30
15.9	30
15.92	42
15.94	39
15.96	41
15.98	28
16	18
16.02	24
16.04	29
16.06	34
16.08	29
16.1	26
16.12	30
16.14	23
16.16	29
16.18	38
16.2	30
16.22	35
16.24	39
16.26	45
16.28	42
16.3	36
16.32	27
16.34	28
16.36	23
16.38	25
16.4	24
16.42	26
16.44	29
16.46	26
16.48	35
16.5	17
16.52	31
16.54	32
16.56	31
16.58	41
16.6	44
16.62	28
16.64	28
16.66	40
16.68	44
16.7	34
16.72	25
16.74	22
16.76	25
16.78	26
16.8	26
16.82	30
16.84	29
16.86	25
16.88	29
16.9	30
16.92	38
16.94	27
16.96	29
16.98	36
17	36
17.02	30
17.04	36
17.06	41
17.08	38
17.1	24
17.12	24
17.14	23
17.16	29
17.18	28
17.2	32
17.22	34
17.24	36
17.26	32
17.28	20
17.3	19
17.32	25
17.34	35
17.36	31
17.38	38
17.4	29
17.42	32
17.44	35
17.46	26
17.48	21
17.5	23
17.52	27
17.54	30
17.56	28
17.58	34
17.6	24
17.62	30
17.64	30
17.66	31
17.68	33
17.7	44
17.72	36
17.74	36
17.76	24
17.78	24
17.8	26
17.82	28
17.84	32
17.86	36
17.88	28
17.9	39
17.92	34
17.94	29
17.96	29
17.98	30
18	31
18.02	28
18.04	34
18.06	19
18.08	20
18.1	26
18.12	29
18.14	25
18.16	24
18.18	25
18.2	40
18.22	31
18.24	27
18.26	15
18.28	24
18.3	27
18.32	36
18.34	25
18.36	30
18.38	23
18.4	27
18.42	23
18.44	26
18.46	31
18.48	32
18.5	26
18.52	38
18.54	45
18.56	37
18.58	32
18.6	33
18.62	35
18.64	27
18.66	36
18.68	36
18.7	29
18.72	30
18.74	35
18.76	26
18.78	33
18.8	42
18.82	27
18.84	34
18.86	28
18.88	27
18.9	30
18.92	33
18.94	43
18.96	38
18.98	44
19	34
19.02	22
19.04	27
19.06	27
19.08	21
19.1	23
19.12	45
19.14	31
19.16	20
19.18	23
19.2	25
19.22	30
19.24	34
19.26	41
19.28	37
19.3	30
19.32	32
19.34	37
19.36	35
19.38	22
19.4	23
19.42	39
19.44	37
19.46	23
19.48	31
19.5	27
19.52	23
19.54	23
19.56	29
19.58	34
19.6	40
19.62	24
19.64	29
19.66	36
19.68	36
19.7	35
19.72	38
19.74	34
19.76	26
19.78	31
19.8	40
19.82	33
19.84	29
19.86	39
19.88	47
19.9	50
19.92	35
19.94	52
19.96	39
19.98	36
20	31
20.02	36
20.04	35
20.06	34
20.08	42
20.1	38
20.12	28
20.14	17
20.16	21
20.18	23
20.2	34
20.22	41
20.24	33
20.26	26
20.28	38
20.3	42
20.32	46
20.34	37
20.36	27
20.38	28
20.4	36
20.42	35
20.44	43
20.46	36
20.48	35
20.5	28
20.52	30
20.54	36
20.56	41
20.58	37
20.6	41
20.62	35
20.64	36
20.66	34
20.68	34
20.7	43
20.72	41
20.74	31
20.76	51
20.78	43
20.8	56
20.82	44
20.84	65
20.86	43
20.88	37
20.9	43
20.92	33
20.94	35
20.96	33
20.98	34
21	43
21.02	21
21.04	29
21.06	40
21.08	37
21.1	27
21.12	30
21.14	39
21.16	45
21.18	50
21.2	25
21.22	32
21.24	31
21.26	33
21.28	27
21.3	32
21.32	36
21.34	30
21.36	33
21.38	28
21.4	22
21.42	29
21.44	28
21.46	39
21.48	36
21.5	47
21.52	35
21.54	20
21.56	31
21.58	37
21.6	39
21.62	32
21.64	26
21.66	35
21.68	28
21.7	35
21.72	39
21.74	26
21.76	32
21.78	46
21.8	39
21.82	20
21.84	25
21.86	33
21.88	31
21.9	45
21.92	39
21.94	30
21.96	37
21.98	46
22	50
22.02	34
22.04	39
22.06	31
22.08	41
22.1	29
22.12	27
22.14	30
22.16	46
22.18	35
22.2	28
22.22	33
22.24	39
22.26	35
22.28	43
22.3	33
22.32	35
22.34	35
22.36	47
22.38	31
22.4	27
22.42	26
22.44	32
22.46	31
22.48	30
22.5	34
22.52	43
22.54	27
22.56	24
22.58	24
22.6	34
22.62	49
22.64	44
22.66	38
22.68	37
22.7	32
22.72	28
22.74	43
22.76	30
22.78	38
22.8	34
22.82	42
22.84	37
22.86	31
22.88	42
22.9	41
22.92	39
22.94	31
22.96	36
22.98	35
23	40
23.02	35
23.04	33
23.06	32
23.08	36
23.1	42
23.12	40
23.14	22
23.16	26
23.18	32
23.2	41
23.22	35
23.24	40
23.26	27
23.28	29
23.3	23
23.32	27
23.34	36
23.36	29
23.38	31
23.4	31
23.42	28
23.44	36
23.46	26
23.48	32
23.5	32
23.52	43
23.54	37
23.56	44
23.58	46
23.6	33
23.62	48
23.64	39
23.66	23
23.68	41
23.7	38
23.72	36
23.74	29
23.76	38
23.78	40
23.8	32
23.82	30
23.84	25
23.86	33
23.88	43
23.9	38
23.92	24
23.94	48
23.96	44
23.98	33
24	41
24.02	34
24.04	45
24.06	42
24.08	38
24.1	43
24.12	39
24.14	32
24.16	38
24.18	43
24.2	35
24.22	35
24.24	31
24.26	31
24.28	29
24.3	35
24.32	38
24.34	39
24.36	33
24.38	38
24.4	41
24.42	32
24.44	29
24.46	39
24.48	31
24.5	35
24.52	35
24.54	39
24.56	35
24.58	32
24.6	24
24.62	23
24.64	25
24.66	40
24.68	35
24.7	27
24.72	35
24.74	25
24.76	36
24.78	38
24.8	31
24.82	39
24.84	27
24.86	29
24.88	34
24.9	35
24.92	29
24.94	32
24.96	36
24.98	42
25	36
25.02	41
25.04	27
25.06	41
25.08	45
25.1	39
25.12	28
25.14	30
25.16	37
25.18	38
25.2	41
25.22	36
25.24	40
25.26	45
25.28	46
25.3	48
25.32	38
25.34	42
25.36	27
25.38	30
25.4	51
25.42	38
25.44	38
25.46	31
25.48	39
25.5	27
25.52	40
25.54	29
25.56	24
25.58	46
25.6	35
25.62	32
25.64	34
25.66	26
25.68	22
25.7	21
25.72	41
25.74	32
25.76	27
25.78	38
25.8	34
25.82	29
25.84	44
25.86	39
25.88	35
25.9	34
25.92	39
25.94	36
25.96	33
25.98	34
26	37
26.02	31
26.04	37
26.06	34
26.08	35
26.1	27
26.12	36
26.14	28
26.16	19
26.18	44
26.2	33
26.22	30
26.24	39
26.26	50
26.28	35
26.3	21
26.32	27
26.34	30
26.36	41
26.38	57
26.4	42
26.42	41
26.44	46
26.46	52
26.48	42
26.5	36
26.52	49
26.54	54
26.56	42
26.58	44
26.6	33
26.62	26
26.64	32
26.66	25
26.68	33
26.7	35
26.72	36
26.74	47
26.76	35
26.78	31
26.8	47
26.82	41
26.84	47
26.86	35
26.88	30
26.9	26
26.92	26
26.94	34
26.96	42
26.98	43
27	38
27.02	41
27.04	38
27.06	44
27.08	32
27.1	32
27.12	39
27.14	40
27.16	32
27.18	49
27.2	43
27.22	31
27.24	37
27.26	47
27.28	57
27.3	49
27.32	51
27.34	45
27.36	34
27.38	38
27.4	41
27.42	34
27.44	35
27.46	37
27.48	38
27.5	36
27.52	41
27.54	36
27.56	33
27.58	33
27.6	38
27.62	41
27.64	38
27.66	37
27.68	43
27.7	36
27.72	31
27.74	27
27.76	37
27.78	36
27.8	50
27.82	46
27.84	47
27.86	30
27.88	41
27.9	32
27.92	56
27.94	45
27.96	38
27.98	40
28	30
28.02	47
28.04	42
28.06	41
28.08	37
28.1	37
28.12	30
28.14	36
28.16	44
28.18	35
28.2	20
28.22	33
28.24	33
28.26	37
28.28	36
28.3	47
28.32	46
28.34	41
28.36	34
28.38	38
28.4	43
28.42	42
28.44	31
28.46	37
28.48	35
28.5	42
28.52	37
28.54	47
28.56	48
28.58	44
28.6	30
28.62	33
28.64	37
28.66	32
28.68	52
28.7	38
28.72	40
28.74	38
28.76	32
28.78	32
28.8	36
28.82	37
28.84	39
28.86	32
28.88	24
28.9	36
28.92	52
28.94	32
28.96	27
28.98	37
29	38
29.02	28
29.04	29
29.06	29
29.08	38
29.1	41
29.12	45
29.14	42
29.16	29
29.18	30
29.2	22
29.22	37
29.24	47
29.26	38
29.28	40
29.3	28
29.32	55
29.34	37
29.36	33
29.38	40
29.4	38
29.42	29
29.44	40
29.46	42
29.48	35
29.5	46
29.52	46
29.54	47
29.56	39
29.58	32
29.6	39
29.62	41
29.64	32
29.66	24
29.68	31
29.7	35
29.72	37
29.74	54
29.76	40
29.78	36
29.8	37
29.82	47
29.84	51
29.86	35
29.88	35
29.9	33
29.92	29
29.94	35
29.96	35
29.98	27
30	47
30.02	58
30.04	42
30.06	47
30.08	38
30.1	36
30.12	66
30.14	47
30.16	34
30.18	27
30.2	31
30.22	36
30.24	28
30.26	36
30.28	57
30.3	46
30.32	43
30.34	40
30.36	34
30.38	43
30.4	51
30.42	37
30.44	42
30.46	37
30.48	40
30.5	41
30.52	41
30.54	43
30.56	41
30.58	35
30.6	35
30.62	41
30.64	57
30.66	45
30.68	40
30.7	34
30.72	27
30.74	21
30.76	36
30.78	44
30.8	33
30.82	36
30.84	45
30.86	37
30.88	27
30.9	33
30.92	31
30.94	25
30.96	36
30.98	31
31	34
31.02	52
31.04	47
31.06	46
31.08	41
31.1	45
31.12	41
31.14	40
31.16	42
31.18	40
31.2	38
31.22	44
31.24	38
31.26	43
31.28	59
31.3	50
31.32	51
31.34	39
31.36	42
31.38	31
31.4	38
31.42	28
31.44	45
31.46	34
31.48	29
31.5	28
31.52	33
31.54	38
31.56	35
31.58	40
31.6	38
31.62	34
31.64	35
31.66	35
31.68	41
31.7	43
31.72	35
31.74	38
31.76	35
31.78	35
31.8	42
31.82	29
31.84	36
31.86	34
31.88	34
31.9	41
31.92	42
31.94	30
31.96	31
31.98	41
32	32
32.02	33
32.04	35
32.06	44
32.08	47
32.1	38
32.12	35
32.14	33
32.16	28
32.18	33
32.2	26
32.22	37
32.24	40
32.26	39
32.28	38
32.3	36
32.32	51
32.34	48
32.36	52
32.38	41
32.4	35
32.42	50
32.44	49
32.46	48
32.48	43
32.5	41
32.52	36
32.54	36
32.56	36
32.58	38
32.6	31
32.62	38
32.64	28
32.66	40
32.68	40
32.7	23
32.72	27
32.74	43
32.76	49
32.78	30
32.8	44
32.82	35
32.84	31
32.86	36
32.88	43
32.9	29
32.92	35
32.94	41
32.96	27
32.98	29
33	34
33.02	36
33.04	48
33.06	37
33.08	31
33.1	34
33.12	38
33.14	39
33.16	39
33.18	34
33.2	29
33.22	46
33.24	46
33.26	36
33.28	46
33.3	47
33.32	39
33.34	47
33.36	48
33.38	41
33.4	41
33.42	45
33.44	44
33.46	38
33.48	31
33.5	47
33.52	39
33.54	42
33.56	36
33.58	34
33.6	23
33.62	22
33.64	30
33.66	36
33.68	27
33.7	34
33.72	31
33.74	38
33.76	33
33.78	47
33.8	43
33.82	38
33.84	35
33.86	36
33.88	40
33.9	38
33.92	35
33.94	47
33.96	34
33.98	33
34	56
34.02	25
34.04	28
34.06	25
34.08	38
34.1	24
34.12	38
34.14	31
34.16	34
34.18	34
34.2	39
34.22	34
34.24	40
34.26	40
34.28	49
34.3	46
34.32	30
34.34	40
34.36	30
34.38	32
34.4	31
34.42	36
34.44	41
34.46	42
34.48	30
34.5	33
34.52	36
34.54	36
34.56	44
34.58	36
34.6	53
34.62	52
34.64	39
34.66	37
34.68	38
34.7	39
34.72	38
34.74	31
34.76	35
34.78	34
34.8	27
34.82	31
34.84	38
34.86	52
34.88	40
34.9	42
34.92	34
34.94	30
34.96	41
34.98	68
35	36
35.02	37
35.04	33
35.06	39
35.08	47
35.1	40
35.12	36
35.14	28
35.16	20
35.18	28
35.2	36
35.22	39
35.24	41
35.26	35
35.28	41
35.3	36
35.32	37
35.34	32
35.36	38
35.38	43
35.4	43
35.42	41
35.44	34
35.46	41
35.48	50
35.5	57
35.52	61
35.54	38
35.56	29
35.58	38
35.6	48
35.62	44
35.64	31
35.66	36
35.68	35
35.7	37
35.72	42
35.74	41
35.76	35
35.78	40
35.8	32
35.82	34
35.84	38
35.86	42
35.88	37
35.9	30
35.92	29
35.94	36
35.96	35
35.98	29
36	50
36.02	51
36.04	40
36.06	45
36.08	47
36.1	39
36.12	35
36.14	37
36.16	30
36.18	43
36.2	45
36.22	43
36.24	37
36.26	36
36.28	38
36.3	38
36.32	48
36.34	37
36.36	54
36.38	40
36.4	31
36.42	46
36.44	41
36.46	37
36.48	28
36.5	37
36.52	46
36.54	29
36.56	37
36.58	38
36.6	42
36.62	45
36.64	38
36.66	38
36.68	39
36.7	37
36.72	40
36.74	31
36.76	33
36.78	29
36.8	41
36.82	43
36.84	55
36.86	41
36.88	28
36.9	23
36.92	27
36.94	41
36.96	35
36.98	43
37	41
37.02	44
37.04	39
37.06	40
37.08	32
37.1	42
37.12	47
37.14	45
37.16	59
37.18	47
37.2	57
37.22	56
37.24	42
37.26	44
37.28	45
37.3	38
37.32	50
37.34	51
37.36	39
37.38	36
37.4	34
37.42	28
37.44	35
37.46	27
37.48	46
37.5	48
37.52	30
37.54	42
37.56	29
37.58	44
37.6	52
37.62	35
37.64	35
37.66	31
37.68	30
37.7	41
37.72	39
37.74	38
37.76	37
37.78	30
37.8	39
37.82	41
37.84	36
37.86	29
37.88	37
37.9	36
37.92	46
37.94	49
37.96	38
37.98	33
38	37
38.02	34
38.04	42
38.06	43
38.08	46
38.1	43
38.12	25
38.14	30
38.16	19
38.18	31
38.2	36
38.22	42
38.24	44
38.26	34
38.28	31
38.3	43
38.32	39
38.34	37
38.36	29
38.38	39
38.4	35
38.42	41
38.44	39
38.46	29
38.48	36
38.5	37
38.52	25
38.54	22
38.56	34
38.58	26
38.6	33
38.62	39
38.64	36
38.66	44
38.68	36
38.7	44
38.72	43
38.74	42
38.76	51
38.78	45
38.8	41
38.82	36
38.84	27
38.86	29
38.88	51
38.9	43
38.92	44
38.94	41
38.96	43
38.98	45
39	33
39.02	36
39.04	40
39.06	36
39.08	35
39.1	41
39.12	40
39.14	33
39.16	34
39.18	27
39.2	37
39.22	41
39.24	38
39.26	36
39.28	35
39.3	36
39.32	48
39.34	37
39.36	36
39.38	36
39.4	29
39.42	41
39.44	45
39.46	63
39.48	43
39.5	36
39.52	43
39.54	42
39.56	37
39.58	27
39.6	43
39.62	53
39.64	50
39.66	39
39.68	43
39.7	40
39.72	34
39.74	34
39.76	45
39.78	39
39.8	37
39.82	39
39.84	33
39.86	40
39.88	42
39.9	46
39.92	36
39.94	43
39.96	46
39.98	46
40	37
40.02	38
40.04	35
40.06	38
40.08	37
40.1	37
40.12	32
40.14	35
40.16	32
40.18	36
40.2	26
40.22	39
40.24	44
40.26	39
40.28	40
40.3	29
40.32	34
40.34	27
40.36	44
40.38	39
40.4	35
40.42	45
40.44	35
40.46	32
40.48	41
40.5	36
40.52	43
40.54	40
40.56	47
40.58	36
40.6	42
40.62	38
40.64	49
40.66	32
40.68	28
40.7	38
40.72	39
40.74	37
40.76	44
40.78	49
40.8	37
40.82	28
40.84	32
40.86	40
40.88	43
40.9	33
40.92	41
40.94	47
40.96	28
40.98	20
41	34
41.02	31
41.04	32
41.06	34
41.08	39
41.1	41
41.12	49
41.14	36
41.16	39
41.18	37
41.2	30
41.22	31
41.24	44
41.26	39
41.28	40
41.3	29
41.32	40
41.34	37
41.36	47
41.38	40
41.4	33
41.42	38
41.44	42
41.46	32
41.48	30
41.5	40
41.52	34
41.54	28
41.56	27
41.58	40
41.6	39
41.62	46
41.64	37
41.66	47
41.68	37
41.7	31
41.72	34
41.74	39
41.76	33
41.78	43
41.8	23
41.82	29
41.84	29
41.86	58
41.88	46
41.9	37
41.92	24
41.94	30
41.96	33
41.98	48
42	40
42.02	35
42.04	44
42.06	47
42.08	44
42.1	40
42.12	40
42.14	41
42.16	36
42.18	45
42.2	42
42.22	39
42.24	41
42.26	26
42.28	41
42.3	40
42.32	27
42.34	41
42.36	46
42.38	36
42.4	33
42.42	26
42.44	29
42.46	34
42.48	41
42.5	44
42.52	44
42.54	24
42.56	39
42.58	49
42.6	45
42.62	40
42.64	40
42.66	37
42.68	31
42.7	48
42.72	47
42.74	45
42.76	48
42.78	43
42.8	35
42.82	38
42.84	43
42.86	44
42.88	29
42.9	27
42.92	30
42.94	37
42.96	44
42.98	41
43	30
43.02	33
43.04	45
43.06	40
43.08	45
43.1	37
43.12	37
43.14	44
43.16	31
43.18	45
43.2	49
43.22	42
43.24	49
43.26	42
43.28	35
43.3	45
43.32	47
43.34	44
43.36	29
43.38	22
43.4	42
43.42	40
43.44	35
43.46	39
43.48	27
43.5	31
43.52	38
43.54	39
43.56	39
43.58	49
43.6	54
43.62	28
43.64	40
43.66	46
43.68	43
43.7	47
43.72	51
43.74	38
43.76	42
43.78	36
43.8	35
43.82	41
43.84	43
43.86	34
43.88	49
43.9	41
43.92	33
43.94	36
43.96	39
43.98	43
44	55
44.02	49
44.04	33
44.06	34
44.08	33
44.1	32
44.12	34
44.14	34
44.16	28
44.18	36
44.2	43
44.22	47
44.24	31
44.26	36
44.28	41
44.3	46
44.32	43
44.34	41
44.36	55
44.38	48
44.4	46
44.42	27
44.44	30
44.46	45
44.48	49
44.5	36
44.52	38
44.54	28
44.56	26
44.58	43
44.6	32
44.62	38
44.64	33
44.66	39
44.68	29
44.7	30
44.72	34
44.74	39
44.76	34
44.78	38
44.8	46
44.82	36
44.84	43
44.86	37
44.88	35
44.9	30
44.92	33
44.94	42
44.96	44
44.98	38
45	38
45.02	41
45.04	48
45.06	43
45.08	34
45.1	43
45.12	33
45.14	37
45.16	36
45.18	44
45.2	32
45.22	43
45.24	37
45.26	33
45.28	29
45.3	24
45.32	40
45.34	34
45.36	26
45.38	40
45.4	31
45.42	33
45.44	33
45.46	25
45.48	30
45.5	38
45.52	28
45.54	32
45.56	34
45.58	39
45.6	30
45.62	36
45.64	42
45.66	54
45.68	59
45.7	45
45.72	24
45.74	35
45.76	35
45.78	32
45.8	44
45.82	60
45.84	38
45.86	35
45.88	26
45.9	39
45.92	32
45.94	30
45.96	38
45.98	32
46	39
46.02	44
46.04	39
46.06	31
46.08	39
46.1	47
46.12	39
46.14	47
46.16	41
46.18	27
46.2	52
46.22	29
46.24	39
46.26	37
46.28	35
46.3	38
46.32	32
46.34	26
46.36	40
46.38	31
46.4	42
46.42	55
46.44	44
46.46	33
46.48	48
46.5	38
46.52	38
46.54	39
46.56	40
46.58	31
46.6	30
46.62	31
46.64	26
46.66	34
46.68	31
46.7	36
46.72	41
46.74	43
46.76	38
46.78	26
46.8	34
46.82	30
46.84	35
46.86	32
46.88	30
46.9	30
46.92	35
46.94	39
46.96	46
46.98	41
47	41
47.02	35
47.04	30
47.06	38
47.08	35
47.1	32
47.12	33
47.14	33
47.16	43
47.18	42
47.2	29
47.22	38
47.24	34
47.26	43
47.28	38
47.3	29
47.32	39
47.34	40
47.36	39
47.38	36
47.4	44
47.42	38
47.44	38
47.46	49
47.48	41
47.5	33
47.52	30
47.54	49
47.56	42
47.58	46
47.6	45
47.62	45
47.64	42
47.66	31
47.68	40
47.7	40
47.72	30
47.74	51
47.76	47
47.78	30
47.8	33
47.82	34
47.84	43
47.86	28
47.88	36
47.9	42
47.92	33
47.94	38
47.96	41
47.98	40
48	29
48.02	38
48.04	42
48.06	28
48.08	28
48.1	45
48.12	36
48.14	43
48.16	37
48.18	30
48.2	24
48.22	26
48.24	47
48.26	42
48.28	31
48.3	31
48.32	40
48.34	32
48.36	26
48.38	36
48.4	28
48.42	23
48.44	34
48.46	31
48.48	41
48.5	41
48.52	30
48.54	30
48.56	39
48.58	37
48.6	32
48.62	28
48.64	42
48.66	36
48.68	29
48.7	31
48.72	30
48.74	34
48.76	45
48.78	29
48.8	33
48.82	40
48.84	26
48.86	34
48.88	34
48.9	23
48.92	24
48.94	28
48.96	27
48.98	27
49	30
49.02	33
49.04	38
49.06	26
49.08	31
49.1	33
49.12	25
49.14	40
49.16	36
49.18	31
49.2	21
49.22	43
49.24	44
49.26	40
49.28	42
49.3	34
49.32	37
49.34	37
49.36	33
49.38	32
49.4	39
49.42	35
49.44	37
49.46	27
49.48	41
49.5	40
49.52	24
49.54	30
49.56	38
49.58	32
49.6	27
49.62	38
49.64	39
49.66	41
49.68	41
49.7	25
49.72	27
49.74	28
49.76	29
49.78	35
49.8	34
49.82	35
49.84	27
49.86	41
49.88	45
49.9	34
49.92	48
49.94	41
49.96	35
49.98	34
50	39
50.02	38
50.04	41
50.06	26
50.08	32
50.1	43
50.12	31
50.14	35
50.16	34
50.18	31
50.2	31
50.22	35
50.24	38
50.26	37
50.28	30
50.3	33
50.32	45
50.34	33
50.36	30
50.38	33
50.4	52
50.42	44
50.44	24
50.46	31
50.48	33
50.5	30
50.52	37
50.54	30
50.56	24
50.58	40
50.6	49
50.62	36
50.64	34
50.66	39
50.68	36
50.7	30
50.72	32
50.74	26
50.76	37
50.78	31
50.8	31
50.82	29
50.84	26
50.86	34
50.88	57
50.9	31
50.92	28
50.94	31
50.96	28
50.98	30
51	33
51.02	34
51.04	33
51.06	37
51.08	32
51.1	39
51.12	39
51.14	28
51.16	37
51.18	28
51.2	24
51.22	38
51.24	29
51.26	31
51.28	29
51.3	36
51.32	41
51.34	34
51.36	49
51.38	49
51.4	51
51.42	47
51.44	27
51.46	27
51.48	27
51.5	22
51.52	26
51.54	40
51.56	38
51.58	39
51.6	54
51.62	38
51.64	44
51.66	31
51.68	36
51.7	36
51.72	49
51.74	52
51.76	41
51.78	26
51.8	32
51.82	22
51.84	29
51.86	32
51.88	28
51.9	25
51.92	26
51.94	27
51.96	31
51.98	37
52	31
52.02	27
52.04	37
52.06	25
52.08	29
52.1	17
52.12	20
52.14	29
52.16	29
52.18	20
52.2	30
52.22	29
52.24	52
52.26	40
52.28	35
52.3	29
52.32	30
52.34	23
52.36	27
52.38	29
52.4	30
52.42	34
52.44	31
52.46	35
52.48	32
52.5	35
52.52	39
52.54	37
52.56	30
52.58	21
52.6	34
52.62	28
52.64	21
52.66	39
52.68	43
52.7	37
52.72	30
52.74	22
52.76	26
52.78	33
52.8	37
52.82	30
52.84	43
52.86	25
52.88	38
52.9	40
52.92	40
52.94	37
52.96	40
52.98	15
53	35
53.02	38
53.04	35
53.06	37
53.08	26
53.1	28
53.12	34
53.14	30
53.16	27
53.18	35
53.2	21
53.22	30
53.24	30
53.26	30
53.28	33
53.3	35
53.32	35
53.34	41
53.36	34
53.38	21
53.4	31
53.42	36
53.44	42
53.46	39
53.48	31
53.5	29
53.52	29
53.54	37
53.56	37
53.58	33
53.6	38
53.62	35
53.64	44
53.66	32
53.68	51
53.7	32
53.72	32
53.74	28
53.76	28
53.78	34
53.8	33
53.82	27
53.84	32
53.86	22
53.88	38
53.9	32
53.92	36
53.94	29
53.96	50
53.98	30
54	28
54.02	37
54.04	28
54.06	36
54.08	33
54.1	24
54.12	26
54.14	40
54.16	44
54.18	49
54.2	37
54.22	29
54.24	33
54.26	33
54.28	30
54.3	26
54.32	28
54.34	25
54.36	28
54.38	25
54.4	21
54.42	26
54.44	32
54.46	28
54.48	28
54.5	36
54.52	37
54.54	25
54.56	33
54.58	27
54.6	26
54.62	31
54.64	27
54.66	38
54.68	36
54.7	49
54.72	26
54.74	36
54.76	24
54.78	28
54.8	27
54.82	43
54.84	41
54.86	39
54.88	49
54.9	35
54.92	39
54.94	33
54.96	32
54.98	43
55	38
55.02	42
55.04	36
55.06	41
55.08	29
55.1	21
55.12	24
55.14	31
55.16	24
55.18	32
55.2	36
55.22	34
55.24	24
55.26	21
55.28	25
55.3	34
55.32	31
55.34	27
55.36	28
55.38	34
55.4	27
55.42	32
55.44	28
55.46	36
55.48	39
55.5	39
55.52	31
55.54	30
55.56	36
55.58	36
55.6	34
55.62	47
55.64	34
55.66	31
55.68	39
55.7	35
55.72	35
55.74	43
55.76	34
55.78	34
55.8	26
55.82	25
55.84	28
55.86	29
55.88	45
55.9	54
55.92	31
55.94	22
55.96	35
55.98	34
56	30
56.02	26
56.04	29
56.06	31
56.08	26
56.1	28
56.12	36
56.14	37
56.16	37
56.18	31
56.2	21
56.22	22
56.24	30
56.26	35
56.28	31
56.3	27
56.32	29
56.34	36
56.36	36
56.38	42
56.4	24
56.42	29
56.44	36
56.46	34
56.48	26
56.5	39
56.52	24
56.54	24
56.56	28
56.58	30
56.6	39
56.62	34
56.64	33
56.66	29
56.68	29
56.7	44
56.72	38
56.74	22
56.76	35
56.78	36
56.8	25
56.82	26
56.84	31
56.86	31
56.88	32
56.9	26
56.92	18
56.94	23
56.96	34
56.98	37
57	40
57.02	34
57.04	18
57.06	12
57.08	24
57.1	28
57.12	27
57.14	27
57.16	28
57.18	40
57.2	37
57.22	31
57.24	27
57.26	19
57.28	16
57.3	31
57.32	39
57.34	28
57.36	26
57.38	36
57.4	46
57.42	42
57.44	29
57.46	31
57.48	24
57.5	17
57.52	17
57.54	18
57.56	24
57.58	29
57.6	28
57.62	31
57.64	25
57.66	26
57.68	24
57.7	22
57.72	29
57.74	35
57.76	35
57.78	26
57.8	20
57.82	21
57.84	39
57.86	39
57.88	34
57.9	26
57.92	27
57.94	30
57.96	28
57.98	24
58	25
58.02	37
58.04	25
58.06	26
58.08	30
58.1	27
58.12	31
58.14	31
58.16	39
58.18	45
58.2	34
58.22	35
58.24	37
58.26	32
58.28	28
58.3	29
58.32	38
58.34	38
58.36	39
58.38	45
58.4	40
58.42	20
58.44	29
58.46	37
58.48	27
58.5	34
58.52	34
58.54	31
58.56	30
58.58	23
58.6	25
58.62	22
58.64	30
58.66	21
58.68	32
58.7	37
58.72	34
58.74	32
58.76	22
58.78	24
58.8	20
58.82	22
58.84	26
58.86	20
58.88	30
58.9	32
58.92	50
58.94	39
58.96	24
58.98	31
59	33
59.02	23
59.04	37
59.06	28
59.08	20
59.1	26
59.12	33
59.14	28
59.16	35
59.18	22
59.2	29
59.22	32
59.24	35
59.26	27
59.28	24
59.3	32
59.32	23
59.34	40
59.36	34
59.38	44
59.4	22
59.42	34
59.44	32
59.46	24
59.48	27
59.5	33
59.52	32
59.54	24
59.56	20
59.58	29
59.6	24
59.62	21
59.64	35
59.66	24
59.68	28
59.7	37
59.72	36
59.74	22
59.76	23
59.78	25
59.8	28
59.82	27
59.84	40
59.86	43
59.88	46
59.9	36
59.92	33
59.94	22
59.96	23
59.98	39
60	24
60.02	24
60.04	26
60.06	26
60.08	43
60.1	36
60.12	33
60.14	29
60.16	31
60.18	23
60.2	32
60.22	28
60.24	34
60.26	24
60.28	31
60.3	27
60.32	32
60.34	32
60.36	31
60.38	25
60.4	23
60.42	31
60.44	39
60.46	24
60.48	14
60.5	22
60.52	24
60.54	26
60.56	43
60.58	33
60.6	26
60.62	25
60.64	28
60.66	26
60.68	31
60.7	45
60.72	28
60.74	25
60.76	24
60.78	27
60.8	23
60.82	21
60.84	33
60.86	39
60.88	24
60.9	25
60.92	22
60.94	24
60.96	22
60.98	33
61	26
61.02	30
61.04	26
61.06	29
61.08	27
61.1	29
61.12	43
61.14	33
61.16	29
61.18	33
61.2	31
61.22	22
61.24	19
61.26	24
61.28	36
61.3	30
61.32	26
61.34	31
61.36	33
61.38	31
61.4	28
61.42	36
61.44	37
61.46	28
61.48	29
61.5	30
61.52	27
61.54	27
61.56	33
61.58	33
61.6	27
61.62	34
61.64	31
61.66	16
61.68	24
61.7	21
61.72	25
61.74	22
61.76	28
61.78	31
61.8	36
61.82	27
61.84	34
61.86	32
61.88	25
61.9	28
61.92	30
61.94	32
61.96	32
61.98	27
62	25
62.02	28
62.04	36
62.06	29
62.08	25
62.1	28
62.12	34
62.14	32
62.16	22
62.18	24
62.2	23
62.22	27
62.24	29
62.26	28
62.28	31
62.3	29
62.32	23
62.34	36
62.36	25
62.38	17
62.4	18
62.42	31
62.44	23
62.46	20
62.48	25
62.5	31
62.52	34
62.54	33
62.56	27
62.58	39
62.6	40
62.62	33
62.64	24
62.66	31
62.68	32
62.7	27
62.72	23
62.74	40
62.76	33
62.78	27
62.8	29
62.82	34
62.84	38
62.86	31
62.88	25
62.9	29
62.92	23
62.94	28
62.96	35
62.98	31
63	29
63.02	25
63.04	26
63.06	34
63.08	27
63.1	24
63.12	24
63.14	24
63.16	27
63.18	36
63.2	36
63.22	18
63.24	18
63.26	42
63.28	29
63.3	27
63.32	36
63.34	26
63.36	21
63.38	30
63.4	24
63.42	28
63.44	29
63.46	37
63.48	39
63.5	28
63.52	28
63.54	22
63.56	36
63.58	34
63.6	28
63.62	37
63.64	29
63.66	25
63.68	32
63.7	39
63.72	26
63.74	27
63.76	23
63.78	22
63.8	28
63.82	39
63.84	34
63.86	28
63.88	35
63.9	26
63.92	20
63.94	20
63.96	19
63.98	23
64	32
64.02	30
64.04	18
64.06	32
64.08	31
64.1	26
64.12	16
64.14	19
64.16	22
64.18	34
64.2	23
64.22	30
64.24	24
64.26	29
64.28	32
64.3	26
64.32	22
64.34	34
64.36	31
64.38	36
64.4	21
64.42	24
64.44	28
64.46	32
64.48	35
64.5	29
64.52	16
64.54	21
64.56	24
64.58	30
64.6	40
64.62	32
64.64	31
64.66	30
64.68	37
64.7	38
64.72	28
64.74	30
64.76	32
64.78	40
64.8	23
64.82	29
64.84	34
64.86	26
64.88	30
64.9	26
64.92	31
64.94	29
64.96	32
64.98	23
65	27
65.02	24
65.04	22
65.06	28
65.08	32
65.1	42
65.12	33
65.14	25
65.16	23
65.18	19
65.2	28
65.22	28
65.24	28
65.26	21
65.28	29
65.3	41
65.32	29
65.34	20
65.36	31
65.38	22
65.4	35
65.42	33
65.44	29
65.46	26
65.48	45
65.5	23
65.52	32
65.54	31
65.56	28
65.58	27
65.6	22
65.62	20
65.64	22
65.66	18
65.68	19
65.7	30
65.72	31
65.74	27
65.76	29
65.78	23
65.8	31
65.82	32
65.84	23
65.86	33
65.88	22
65.9	27
65.92	33
65.94	32
65.96	21
65.98	21
66	21
66.02	20
66.04	20
66.06	27
66.08	20
66.1	23
66.12	21
66.14	26
66.16	31
66.18	24
66.2	23
66.22	25
66.24	31
66.26	34
66.28	33
66.3	38
66.32	32
66.34	28
66.36	24
66.38	34
66.4	34
66.42	30
66.44	41
66.46	33
66.48	33
66.5	16
66.52	24
66.54	25
66.56	21
66.58	23
66.6	30
66.62	24
66.64	26
66.66	30
66.68	26
66.7	25
66.72	25
66.74	24
66.76	29
66.78	30
66.8	30
66.82	24
66.84	25
66.86	30
66.88	32
66.9	29
66.92	32
66.94	29
66.96	32
66.98	16
67	26
67.02	24
67.04	18
67.06	16
67.08	27
67.1	29
67.12	29
67.14	21
67.16	30
67.18	21
67.2	24
67.22	33
67.24	28
67.26	26
67.28	28
67.3	17
67.32	31
67.34	41
67.36	19
67.38	21
67.4	40
67.42	32
67.44	25
67.46	33
67.48	37
67.5	30
67.52	28
67.54	21
67.56	33
67.58	29
67.6	36
67.62	27
67.64	32
67.66	26
67.68	31
67.7	35
67.72	26
67.74	23
67.76	17
67.78	19
67.8	22
67.82	23
67.84	25
67.86	19
67.88	20
67.9	19
67.92	33
67.94	25
67.96	29
67.98	23
68	24
68.02	20
68.04	32
68.06	22
68.08	26
68.1	27
68.12	16
68.14	17
68.16	17
68.18	23
68.2	14
68.22	20
68.24	27
68.26	21
68.28	22
68.3	36
68.32	24
68.34	29
68.36	31
68.38	25
68.4	18
68.42	20
68.44	35
68.46	31
68.48	11
68.5	24
68.52	28
68.54	29
68.56	24
68.58	23
68.6	16
68.62	21
68.64	25
68.66	35
68.68	31
68.7	30
68.72	17
68.74	15
68.76	21
68.78	22
68.8	30
68.82	32
68.84	23
68.86	16
68.88	30
68.9	31
68.92	42
68.94	29
68.96	22
68.98	27
69	31
69.02	38
69.04	29
69.06	30
69.08	21
69.1	28
69.12	31
69.14	25
69.16	19
69.18	28
69.2	17
69.22	15
69.24	21
69.26	14
69.28	24
69.3	24
69.32	15
69.34	15
69.36	28
69.38	24
69.4	31
69.42	22
69.44	33
69.46	33
69.48	27
69.5	26
69.52	21
69.54	19
69.56	24
69.58	32
69.6	23
69.62	19
69.64	24
69.66	26
69.68	29
69.7	13
69.72	16
69.74	20
69.76	23
69.78	21
69.8	19
69.82	22
69.84	23
69.86	20
69.88	20
69.9	23
69.92	20
69.94	18
69.96	16
69.98	23
70	33
70.02	35
70.04	28
70.06	38
70.08	36
70.1	23
70.12	20
70.14	25
70.16	24
70.18	36
70.2	19
70.22	16
70.24	31
70.26	20
70.28	17
70.3	20
70.32	27
70.34	27
70.36	26
70.38	16
70.4	27
70.42	23
70.44	24
70.46	28
70.48	26
70.5	27
70.52	22
70.54	20
70.56	29
70.58	28
70.6	19
70.62	28
70.64	22
70.66	25
70.68	33
70.7	13
70.72	12
70.74	11
70.76	17
70.78	25
70.8	25
70.82	23
70.84	28
70.86	27
70.88	25
70.9	23
70.92	17
70.94	16
70.96	27
70.98	30
71	31
71.02	26
71.04	31
71.06	24
71.08	23
71.1	33
71.12	27
71.14	30
71.16	29
71.18	33
71.2	25
71.22	22
71.24	38
71.26	32
71.28	23
71.3	20
71.32	24
71.34	16
71.36	29
71.38	25
71.4	26
71.42	25
71.44	15
71.46	27
71.48	42
71.5	31
71.52	24
71.54	26
71.56	22
71.58	16
71.6	14
71.62	23
71.64	26
71.66	18
71.68	26
71.7	36
71.72	31
71.74	20
71.76	16
71.78	12
71.8	16
71.82	22
71.84	41
71.86	35
71.88	26
71.9	26
71.92	19
71.94	22
71.96	25
71.98	25
72	25
72.02	24
72.04	26
72.06	27
72.08	28
72.1	16
72.12	27
72.14	21
72.16	17
72.18	22
72.2	27
72.22	26
72.24	30
72.26	32
72.28	33
72.3	23
72.32	30
72.34	32
72.36	27
72.38	22
72.4	31
72.42	22
72.44	22
72.46	23
72.48	34
72.5	24
72.52	26
72.54	25
72.56	22
72.58	18
72.6	17
72.62	26
72.64	28
72.66	27
72.68	39
72.7	24
72.72	29
72.74	33
72.76	25
72.78	24
72.8	17
72.82	17
72.84	19
72.86	16
72.88	21
72.9	22
72.92	18
72.94	23
72.96	16
72.98	20
73	32
73.02	35
73.04	33
73.06	31
73.08	34
73.1	29
73.12	21
73.14	19
73.16	22
73.18	28
73.2	29
73.22	27
73.24	28
73.26	30
73.28	19
73.3	22
73.32	21
73.34	18
73.36	19
73.38	35
73.4	37
73.42	28
73.44	40
73.46	20
73.48	23
73.5	23
73.52	21
73.54	26
73.56	26
73.58	23
73.6	22
73.62	26
73.64	21
73.66	28
73.68	23
73.7	23
73.72	21
73.74	21
73.76	27
73.78	19
73.8	26
73.82	26
73.84	20
73.86	17
73.88	14
73.9	17
73.92	27
73.94	20
73.96	31
73.98	26
74	20
74.02	13
74.04	15
74.06	22
74.08	24
74.1	22
74.12	20
74.14	25
74.16	28
74.18	28
74.2	29
74.22	41
74.24	24
74.26	20
74.28	32
74.3	27
74.32	15
74.34	17
74.36	20
74.38	30
74.4	21
74.42	26
74.44	25
74.46	19
74.48	25
74.5	30
74.52	24
74.54	24
74.56	33
74.58	18
74.6	22
74.62	32
74.64	36
74.66	12
74.68	14
74.7	21
74.72	18
74.74	26
74.76	17
74.78	31
74.8	26
74.82	29
74.84	27
74.86	24
74.88	27
74.9	25
74.92	28
74.94	21
74.96	31
74.98	39
