Counter Settings:
Falling Edge
Disc Threshold [V]	-0.301514
Dwell time [s]	2.000000E-8
Number of channels	3750
Number of Scans	50000

D2
v 0
J 7
29.1V 3.27A
Au 788C
Knnew  ?C
Kn  e-2mbar (base 1.5e-2)
x=35mm y=35.5mm z=512mm
D2/RGA 9.0e-11 torr (base 1.8e-11)
500: 9.8e-9 mbar
100: 1.6e-9 mbar
FFR heater 4.0A 1.28V
extra heater 3.0A 0.6V
Extractor: -30V
Lens: -1200V
MCP: -2100V
Laser Position	202.665537

Laser Power [mJ]	0.815938
Time [µs]	Counts
0	82100
0.02	22654
0.04	377
0.06	190
0.08	215
0.1	104
0.12	35
0.14	23
0.16	30
0.18	39
0.2	46
0.22	69
0.24	88
0.26	84
0.28	118
0.3	124
0.32	114
0.34	117
0.36	133
0.38	117
0.4	157
0.42	179
0.44	169
0.46	123
0.48	131
0.5	105
0.52	98
0.54	91
0.56	87
0.58	67
0.6	98
0.62	125
0.64	165
0.66	148
0.68	136
0.7	141
0.72	126
0.74	156
0.76	239
0.78	288
0.8	292
0.82	322
0.84	378
0.86	392
0.88	399
0.9	435
0.92	487
0.94	617
0.96	705
0.98	799
1	1005
1.02	1108
1.04	1287
1.06	1453
1.08	1363
1.1	1203
1.12	967
1.14	687
1.16	508
1.18	416
1.2	425
1.22	363
1.24	325
1.26	312
1.28	320
1.3	308
1.32	281
1.34	292
1.36	291
1.38	269
1.4	268
1.42	274
1.44	217
1.46	214
1.48	199
1.5	154
1.52	139
1.54	113
1.56	96
1.58	95
1.6	107
1.62	68
1.64	88
1.66	71
1.68	53
1.7	45
1.72	65
1.74	71
1.76	73
1.78	48
1.8	41
1.82	47
1.84	58
1.86	54
1.88	45
1.9	40
1.92	43
1.94	39
1.96	46
1.98	63
2	51
2.02	49
2.04	44
2.06	50
2.08	46
2.1	60
2.12	71
2.14	55
2.16	72
2.18	52
2.2	56
2.22	60
2.24	51
2.26	52
2.28	35
2.3	42
2.32	51
2.34	48
2.36	46
2.38	30
2.4	47
2.42	51
2.44	51
2.46	48
2.48	39
2.5	36
2.52	41
2.54	29
2.56	32
2.58	33
2.6	29
2.62	38
2.64	49
2.66	43
2.68	32
2.7	39
2.72	37
2.74	32
2.76	45
2.78	39
2.8	24
2.82	32
2.84	33
2.86	29
2.88	23
2.9	24
2.92	28
2.94	31
2.96	31
2.98	30
3	45
3.02	35
3.04	29
3.06	27
3.08	35
3.1	27
3.12	38
3.14	29
3.16	18
3.18	26
3.2	18
3.22	19
3.24	32
3.26	30
3.28	32
3.3	29
3.32	27
3.34	23
3.36	25
3.38	25
3.4	31
3.42	26
3.44	22
3.46	33
3.48	31
3.5	25
3.52	33
3.54	32
3.56	33
3.58	31
3.6	26
3.62	25
3.64	27
3.66	24
3.68	26
3.7	33
3.72	39
3.74	33
3.76	32
3.78	27
3.8	18
3.82	28
3.84	28
3.86	28
3.88	35
3.9	50
3.92	38
3.94	36
3.96	39
3.98	20
4	25
4.02	36
4.04	43
4.06	46
4.08	30
4.1	36
4.12	42
4.14	38
4.16	32
4.18	28
4.2	36
4.22	47
4.24	48
4.26	44
4.28	41
4.3	24
4.32	24
4.34	29
4.36	36
4.38	47
4.4	58
4.42	44
4.44	24
4.46	27
4.48	27
4.5	35
4.52	32
4.54	40
4.56	40
4.58	35
4.6	33
4.62	38
4.64	35
4.66	41
4.68	50
4.7	50
4.72	44
4.74	35
4.76	42
4.78	38
4.8	33
4.82	48
4.84	47
4.86	40
4.88	45
4.9	50
4.92	38
4.94	33
4.96	42
4.98	50
5	54
5.02	32
5.04	33
5.06	36
5.08	48
5.1	55
5.12	52
5.14	41
5.16	37
5.18	33
5.2	44
5.22	63
5.24	52
5.26	36
5.28	41
5.3	64
5.32	64
5.34	50
5.36	52
5.38	49
5.4	44
5.42	38
5.44	56
5.46	64
5.48	67
5.5	57
5.52	54
5.54	53
5.56	61
5.58	48
5.6	51
5.62	63
5.64	69
5.66	58
5.68	70
5.7	70
5.72	92
5.74	59
5.76	62
5.78	48
5.8	53
5.82	63
5.84	64
5.86	63
5.88	50
5.9	49
5.92	63
5.94	69
5.96	49
5.98	47
6	65
6.02	42
6.04	39
6.06	45
6.08	49
6.1	49
6.12	56
6.14	59
6.16	70
6.18	63
6.2	69
6.22	78
6.24	73
6.26	63
6.28	61
6.3	76
6.32	64
6.34	58
6.36	85
6.38	71
6.4	61
6.42	68
6.44	53
6.46	74
6.48	75
6.5	73
6.52	57
6.54	64
6.56	63
6.58	68
6.6	80
6.62	68
6.64	61
6.66	66
6.68	60
6.7	50
6.72	67
6.74	64
6.76	63
6.78	54
6.8	52
6.82	68
6.84	72
6.86	77
6.88	82
6.9	76
6.92	70
6.94	72
6.96	77
6.98	65
7	52
7.02	67
7.04	78
7.06	77
7.08	88
7.1	72
7.12	80
7.14	75
7.16	66
7.18	71
7.2	72
7.22	69
7.24	60
7.26	67
7.28	76
7.3	93
7.32	74
7.34	77
7.36	83
7.38	73
7.4	71
7.42	71
7.44	69
7.46	77
7.48	66
7.5	58
7.52	58
7.54	70
7.56	76
7.58	77
7.6	66
7.62	76
7.64	70
7.66	69
7.68	79
7.7	69
7.72	72
7.74	72
7.76	60
7.78	66
7.8	94
7.82	98
7.84	92
7.86	90
7.88	73
7.9	69
7.92	74
7.94	62
7.96	70
7.98	58
8	60
8.02	72
8.04	68
8.06	73
8.08	77
8.1	64
8.12	80
8.14	69
8.16	64
8.18	47
8.2	67
8.22	69
8.24	49
8.26	66
8.28	78
8.3	68
8.32	84
8.34	66
8.36	58
8.38	65
8.4	76
8.42	70
8.44	70
8.46	71
8.48	60
8.5	53
8.52	43
8.54	58
8.56	68
8.58	63
8.6	53
8.62	47
8.64	44
8.66	41
8.68	50
8.7	46
8.72	58
8.74	63
8.76	63
8.78	54
8.8	62
8.82	55
8.84	56
8.86	61
8.88	56
8.9	56
8.92	40
8.94	41
8.96	46
8.98	57
9	56
9.02	57
9.04	43
9.06	43
9.08	55
9.1	59
9.12	58
9.14	60
9.16	51
9.18	46
9.2	57
9.22	67
9.24	49
9.26	55
9.28	37
9.3	45
9.32	46
9.34	45
9.36	52
9.38	43
9.4	44
9.42	45
9.44	51
9.46	40
9.48	41
9.5	48
9.52	49
9.54	39
9.56	34
9.58	48
9.6	64
9.62	46
9.64	46
9.66	43
9.68	42
9.7	45
9.72	55
9.74	66
9.76	48
9.78	55
9.8	55
9.82	48
9.84	34
9.86	37
9.88	46
9.9	50
9.92	57
9.94	48
9.96	52
9.98	39
10	48
10.02	36
10.04	54
10.06	46
10.08	32
10.1	29
10.12	33
10.14	34
10.16	38
10.18	45
10.2	39
10.22	35
10.24	40
10.26	48
10.28	53
10.3	48
10.32	39
10.34	47
10.36	47
10.38	33
10.4	42
10.42	48
10.44	32
10.46	23
10.48	29
10.5	30
10.52	35
10.54	41
10.56	31
10.58	29
10.6	25
10.62	26
10.64	35
10.66	38
10.68	44
10.7	42
10.72	41
10.74	47
10.76	36
10.78	32
10.8	38
10.82	29
10.84	39
10.86	29
10.88	30
10.9	33
10.92	39
10.94	46
10.96	36
10.98	36
11	43
11.02	31
11.04	30
11.06	35
11.08	46
11.1	29
11.12	25
11.14	34
11.16	47
11.18	41
11.2	41
11.22	34
11.24	29
11.26	28
11.28	34
11.3	34
11.32	37
11.34	41
11.36	36
11.38	30
11.4	36
11.42	39
11.44	32
11.46	32
11.48	31
11.5	36
11.52	39
11.54	37
11.56	33
11.58	44
11.6	37
11.62	38
11.64	37
11.66	21
11.68	27
11.7	38
11.72	17
11.74	23
11.76	39
11.78	31
11.8	34
11.82	34
11.84	19
11.86	29
11.88	34
11.9	26
11.92	29
11.94	30
11.96	32
11.98	30
12	21
12.02	14
12.04	24
12.06	20
12.08	44
12.1	36
12.12	25
12.14	32
12.16	33
12.18	32
12.2	25
12.22	14
12.24	17
12.26	29
12.28	31
12.3	45
12.32	26
12.34	37
12.36	44
12.38	28
12.4	23
12.42	23
12.44	25
12.46	26
12.48	20
12.5	29
12.52	32
12.54	35
12.56	39
12.58	25
12.6	33
12.62	32
12.64	27
12.66	19
12.68	19
12.7	24
12.72	41
12.74	40
12.76	37
12.78	29
12.8	22
12.82	30
12.84	20
12.86	23
12.88	34
12.9	28
12.92	34
12.94	42
12.96	38
12.98	35
13	30
13.02	31
13.04	37
13.06	29
13.08	27
13.1	25
13.12	39
13.14	29
13.16	32
13.18	20
13.2	31
13.22	40
13.24	42
13.26	47
13.28	33
13.3	25
13.32	30
13.34	30
13.36	31
13.38	29
13.4	45
13.42	38
13.44	31
13.46	36
13.48	38
13.5	32
13.52	23
13.54	27
13.56	37
13.58	39
13.6	30
13.62	38
13.64	35
13.66	27
13.68	31
13.7	24
13.72	22
13.74	23
13.76	31
13.78	27
13.8	30
13.82	27
13.84	16
13.86	21
13.88	26
13.9	40
13.92	29
13.94	38
13.96	34
13.98	29
14	25
14.02	33
14.04	34
14.06	35
14.08	22
14.1	23
14.12	29
14.14	37
14.16	36
14.18	28
14.2	28
14.22	26
14.24	28
14.26	32
14.28	31
14.3	30
14.32	26
14.34	35
14.36	38
14.38	33
14.4	41
14.42	36
14.44	40
14.46	47
14.48	34
14.5	32
14.52	28
14.54	31
14.56	45
14.58	41
14.6	20
14.62	18
14.64	35
14.66	32
14.68	36
14.7	31
14.72	33
14.74	21
14.76	32
14.78	36
14.8	26
14.82	22
14.84	33
14.86	25
14.88	37
14.9	30
14.92	24
14.94	32
14.96	27
14.98	35
15	22
15.02	23
15.04	24
15.06	21
15.08	26
15.1	29
15.12	29
15.14	17
15.16	23
15.18	28
15.2	26
15.22	28
15.24	24
15.26	25
15.28	37
15.3	28
15.32	36
15.34	31
15.36	36
15.38	26
15.4	24
15.42	39
15.44	31
15.46	24
15.48	41
15.5	31
15.52	34
15.54	33
15.56	31
15.58	46
15.6	37
15.62	31
15.64	36
15.66	32
15.68	26
15.7	29
15.72	29
15.74	26
15.76	38
15.78	30
15.8	40
15.82	30
15.84	27
15.86	31
15.88	36
15.9	24
15.92	27
15.94	25
15.96	30
15.98	25
16	25
16.02	23
16.04	33
16.06	26
16.08	22
16.1	27
16.12	27
16.14	25
16.16	25
16.18	37
16.2	28
16.22	31
16.24	23
16.26	22
16.28	25
16.3	34
16.32	37
16.34	24
16.36	24
16.38	34
16.4	33
16.42	22
16.44	23
16.46	33
16.48	30
16.5	25
16.52	21
16.54	26
16.56	23
16.58	26
16.6	25
16.62	26
16.64	32
16.66	30
16.68	31
16.7	35
16.72	31
16.74	20
16.76	20
16.78	29
16.8	18
16.82	21
16.84	26
16.86	35
16.88	18
16.9	23
16.92	26
16.94	27
16.96	27
16.98	27
17	24
17.02	28
17.04	24
17.06	29
17.08	29
17.1	25
17.12	25
17.14	30
17.16	27
17.18	31
17.2	35
17.22	27
17.24	31
17.26	26
17.28	17
17.3	24
17.32	30
17.34	27
17.36	29
17.38	31
17.4	32
17.42	34
17.44	23
17.46	34
17.48	38
17.5	20
17.52	29
17.54	33
17.56	29
17.58	29
17.6	21
17.62	26
17.64	27
17.66	35
17.68	35
17.7	24
17.72	29
17.74	23
17.76	35
17.78	40
17.8	22
17.82	23
17.84	31
17.86	34
17.88	33
17.9	22
17.92	27
17.94	30
17.96	33
17.98	25
18	26
18.02	19
18.04	37
18.06	20
18.08	20
18.1	22
18.12	26
18.14	22
18.16	29
18.18	26
18.2	23
18.22	26
18.24	30
18.26	34
18.28	28
18.3	24
18.32	30
18.34	32
18.36	25
18.38	26
18.4	20
18.42	26
18.44	20
18.46	26
18.48	30
18.5	31
18.52	37
18.54	41
18.56	40
18.58	30
18.6	36
18.62	32
18.64	29
18.66	26
18.68	28
18.7	29
18.72	24
18.74	31
18.76	34
18.78	35
18.8	29
18.82	30
18.84	22
18.86	22
18.88	22
18.9	33
18.92	31
18.94	33
18.96	51
18.98	26
19	38
19.02	37
19.04	27
19.06	25
19.08	19
19.1	22
19.12	28
19.14	24
19.16	31
19.18	23
19.2	18
19.22	41
19.24	36
19.26	20
19.28	30
19.3	26
19.32	33
19.34	32
19.36	19
19.38	25
19.4	22
19.42	38
19.44	41
19.46	28
19.48	25
19.5	32
19.52	30
19.54	27
19.56	25
19.58	31
19.6	23
19.62	35
19.64	15
19.66	39
19.68	45
19.7	35
19.72	34
19.74	21
19.76	23
19.78	34
19.8	32
19.82	32
19.84	26
19.86	33
19.88	40
19.9	30
19.92	29
19.94	42
19.96	40
19.98	25
20	35
20.02	33
20.04	42
20.06	32
20.08	24
20.1	38
20.12	25
20.14	38
20.16	32
20.18	25
20.2	22
20.22	21
20.24	29
20.26	29
20.28	29
20.3	19
20.32	23
20.34	41
20.36	29
20.38	33
20.4	28
20.42	29
20.44	38
20.46	36
20.48	25
20.5	40
20.52	38
20.54	24
20.56	25
20.58	28
20.6	49
20.62	40
20.64	37
20.66	30
20.68	31
20.7	30
20.72	33
20.74	29
20.76	41
20.78	34
20.8	33
20.82	41
20.84	43
20.86	33
20.88	29
20.9	36
20.92	45
20.94	35
20.96	21
20.98	22
21	25
21.02	31
21.04	25
21.06	27
21.08	37
21.1	43
21.12	37
21.14	35
21.16	43
21.18	33
21.2	30
21.22	33
21.24	28
21.26	26
21.28	26
21.3	32
21.32	42
21.34	24
21.36	33
21.38	38
21.4	35
21.42	39
21.44	32
21.46	35
21.48	23
21.5	29
21.52	35
21.54	43
21.56	38
21.58	26
21.6	41
21.62	43
21.64	40
21.66	44
21.68	41
21.7	25
21.72	27
21.74	25
21.76	29
21.78	28
21.8	35
21.82	24
21.84	34
21.86	42
21.88	43
21.9	28
21.92	36
21.94	27
21.96	29
21.98	36
22	24
22.02	27
22.04	28
22.06	33
22.08	25
22.1	20
22.12	20
22.14	33
22.16	26
22.18	22
22.2	27
22.22	30
22.24	29
22.26	38
22.28	43
22.3	44
22.32	32
22.34	37
22.36	26
22.38	25
22.4	32
22.42	31
22.44	20
22.46	33
22.48	38
22.5	28
22.52	24
22.54	41
22.56	36
22.58	36
22.6	46
22.62	46
22.64	41
22.66	34
22.68	36
22.7	26
22.72	21
22.74	20
22.76	38
22.78	22
22.8	33
22.82	34
22.84	44
22.86	31
22.88	28
22.9	30
22.92	37
22.94	40
22.96	47
22.98	25
23	26
23.02	34
23.04	23
23.06	26
23.08	31
23.1	23
23.12	31
23.14	29
23.16	35
23.18	17
23.2	27
23.22	30
23.24	30
23.26	30
23.28	36
23.3	31
23.32	39
23.34	31
23.36	33
23.38	19
23.4	29
23.42	23
23.44	31
23.46	27
23.48	28
23.5	30
23.52	29
23.54	31
23.56	29
23.58	46
23.6	37
23.62	43
23.64	26
23.66	30
23.68	38
23.7	44
23.72	30
23.74	28
23.76	40
23.78	41
23.8	38
23.82	22
23.84	22
23.86	41
23.88	48
23.9	35
23.92	35
23.94	41
23.96	38
23.98	32
24	41
24.02	42
24.04	34
24.06	32
24.08	38
24.1	28
24.12	43
24.14	37
24.16	29
24.18	51
24.2	48
24.22	38
24.24	34
24.26	47
24.28	35
24.3	28
24.32	49
24.34	35
24.36	38
24.38	33
24.4	21
24.42	25
24.44	34
24.46	36
24.48	37
24.5	26
24.52	36
24.54	30
24.56	36
24.58	37
24.6	41
24.62	33
24.64	35
24.66	54
24.68	39
24.7	37
24.72	32
24.74	32
24.76	27
24.78	35
24.8	27
24.82	34
24.84	38
24.86	38
24.88	45
24.9	35
24.92	30
24.94	28
24.96	37
24.98	25
25	31
25.02	36
25.04	38
25.06	33
25.08	36
25.1	39
25.12	32
25.14	46
25.16	33
25.18	25
25.2	34
25.22	32
25.24	29
25.26	44
25.28	33
25.3	27
25.32	41
25.34	29
25.36	42
25.38	40
25.4	34
25.42	50
25.44	42
25.46	52
25.48	45
25.5	53
25.52	56
25.54	33
25.56	26
25.58	29
25.6	36
25.62	35
25.64	38
25.66	39
25.68	35
25.7	31
25.72	39
25.74	26
25.76	29
25.78	37
25.8	36
25.82	29
25.84	25
25.86	22
25.88	44
25.9	33
25.92	36
25.94	39
25.96	34
25.98	31
26	40
26.02	32
26.04	42
26.06	32
26.08	34
26.1	30
26.12	39
26.14	29
26.16	31
26.18	41
26.2	26
26.22	30
26.24	40
26.26	42
26.28	35
26.3	23
26.32	54
26.34	47
26.36	37
26.38	47
26.4	38
26.42	38
26.44	38
26.46	29
26.48	44
26.5	33
26.52	49
26.54	49
26.56	39
26.58	39
26.6	36
26.62	42
26.64	37
26.66	36
26.68	46
26.7	43
26.72	50
26.74	48
26.76	43
26.78	42
26.8	33
26.82	43
26.84	42
26.86	34
26.88	41
26.9	39
26.92	26
26.94	32
26.96	41
26.98	23
27	28
27.02	33
27.04	35
27.06	51
27.08	39
27.1	32
27.12	24
27.14	31
27.16	44
27.18	46
27.2	25
27.22	30
27.24	32
27.26	40
27.28	43
27.3	39
27.32	32
27.34	51
27.36	43
27.38	35
27.4	48
27.42	29
27.44	27
27.46	39
27.48	50
27.5	42
27.52	52
27.54	41
27.56	40
27.58	36
27.6	45
27.62	35
27.64	29
27.66	36
27.68	38
27.7	29
27.72	35
27.74	29
27.76	42
27.78	29
27.8	25
27.82	34
27.84	37
27.86	31
27.88	29
27.9	47
27.92	41
27.94	30
27.96	48
27.98	48
28	49
28.02	40
28.04	42
28.06	39
28.08	37
28.1	27
28.12	30
28.14	31
28.16	29
28.18	27
28.2	33
28.22	30
28.24	31
28.26	40
28.28	30
28.3	37
28.32	32
28.34	38
28.36	35
28.38	44
28.4	38
28.42	36
28.44	37
28.46	35
28.48	29
28.5	32
28.52	29
28.54	29
28.56	31
28.58	30
28.6	48
28.62	36
28.64	27
28.66	30
28.68	54
28.7	33
28.72	53
28.74	42
28.76	39
28.78	24
28.8	25
28.82	33
28.84	44
28.86	29
28.88	40
28.9	40
28.92	36
28.94	35
28.96	38
28.98	48
29	45
29.02	38
29.04	39
29.06	38
29.08	37
29.1	44
29.12	41
29.14	41
29.16	47
29.18	29
29.2	37
29.22	43
29.24	39
29.26	34
29.28	37
29.3	41
29.32	53
29.34	43
29.36	48
29.38	54
29.4	46
29.42	44
29.44	34
29.46	37
29.48	43
29.5	32
29.52	40
29.54	43
29.56	43
29.58	50
29.6	42
29.62	29
29.64	34
29.66	43
29.68	35
29.7	40
29.72	39
29.74	48
29.76	42
29.78	29
29.8	33
29.82	29
29.84	31
29.86	30
29.88	22
29.9	52
29.92	54
29.94	44
29.96	41
29.98	41
30	36
30.02	37
30.04	38
30.06	32
30.08	34
30.1	38
30.12	43
30.14	52
30.16	51
30.18	33
30.2	59
30.22	52
30.24	51
30.26	40
30.28	47
30.3	41
30.32	35
30.34	33
30.36	37
30.38	51
30.4	44
30.42	41
30.44	41
30.46	40
30.48	31
30.5	34
30.52	26
30.54	30
30.56	37
30.58	42
30.6	36
30.62	32
30.64	36
30.66	32
30.68	50
30.7	35
30.72	33
30.74	50
30.76	40
30.78	41
30.8	43
30.82	40
30.84	34
30.86	25
30.88	37
30.9	38
30.92	29
30.94	28
30.96	23
30.98	26
31	44
31.02	38
31.04	38
31.06	42
31.08	46
31.1	38
31.12	41
31.14	38
31.16	42
31.18	54
31.2	49
31.22	37
31.24	30
31.26	35
31.28	44
31.3	43
31.32	29
31.34	39
31.36	46
31.38	33
31.4	51
31.42	51
31.44	25
31.46	44
31.48	27
31.5	27
31.52	37
31.54	37
31.56	37
31.58	36
31.6	38
31.62	28
31.64	46
31.66	40
31.68	36
31.7	35
31.72	35
31.74	38
31.76	37
31.78	33
31.8	41
31.82	48
31.84	54
31.86	38
31.88	46
31.9	34
31.92	43
31.94	39
31.96	41
31.98	35
32	34
32.02	39
32.04	38
32.06	35
32.08	33
32.1	42
32.12	41
32.14	36
32.16	39
32.18	29
32.2	34
32.22	44
32.24	36
32.26	41
32.28	44
32.3	43
32.32	32
32.34	36
32.36	38
32.38	35
32.4	53
32.42	40
32.44	42
32.46	53
32.48	35
32.5	26
32.52	32
32.54	34
32.56	35
32.58	39
32.6	37
32.62	40
32.64	35
32.66	28
32.68	41
32.7	40
32.72	46
32.74	34
32.76	21
32.78	42
32.8	37
32.82	20
32.84	39
32.86	35
32.88	34
32.9	50
32.92	36
32.94	25
32.96	40
32.98	42
33	47
33.02	29
33.04	27
33.06	44
33.08	36
33.1	37
33.12	37
33.14	41
33.16	41
33.18	30
33.2	37
33.22	29
33.24	38
33.26	32
33.28	34
33.3	29
33.32	55
33.34	46
33.36	33
33.38	38
33.4	48
33.42	42
33.44	30
33.46	29
33.48	44
33.5	39
33.52	35
33.54	32
33.56	37
33.58	40
33.6	36
33.62	46
33.64	29
33.66	30
33.68	34
33.7	32
33.72	51
33.74	32
33.76	24
33.78	49
33.8	52
33.82	40
33.84	39
33.86	34
33.88	41
33.9	44
33.92	42
33.94	31
33.96	37
33.98	42
34	49
34.02	37
34.04	29
34.06	31
34.08	35
34.1	43
34.12	43
34.14	36
34.16	22
34.18	36
34.2	30
34.22	36
34.24	35
34.26	39
34.28	51
34.3	38
34.32	47
34.34	40
34.36	27
34.38	41
34.4	43
34.42	47
34.44	45
34.46	40
34.48	31
34.5	33
34.52	29
34.54	31
34.56	31
34.58	36
34.6	49
34.62	34
34.64	34
34.66	40
34.68	43
34.7	38
34.72	35
34.74	37
34.76	42
34.78	48
34.8	48
34.82	32
34.84	41
34.86	32
34.88	28
34.9	39
34.92	36
34.94	40
34.96	29
34.98	29
35	33
35.02	39
35.04	45
35.06	34
35.08	47
35.1	43
35.12	43
35.14	34
35.16	45
35.18	51
35.2	39
35.22	27
35.24	44
35.26	27
35.28	38
35.3	52
35.32	38
35.34	47
35.36	36
35.38	42
35.4	54
35.42	47
35.44	29
35.46	30
35.48	31
35.5	38
35.52	31
35.54	43
35.56	28
35.58	45
35.6	50
35.62	43
35.64	46
35.66	37
35.68	40
35.7	45
35.72	50
35.74	42
35.76	30
35.78	41
35.8	42
35.82	37
35.84	42
35.86	25
35.88	33
35.9	26
35.92	38
35.94	53
35.96	52
35.98	55
36	44
36.02	51
36.04	49
36.06	45
36.08	26
36.1	30
36.12	33
36.14	48
36.16	36
36.18	40
36.2	39
36.22	47
36.24	28
36.26	33
36.28	33
36.3	34
36.32	48
36.34	24
36.36	36
36.38	45
36.4	42
36.42	52
36.44	51
36.46	46
36.48	37
36.5	23
36.52	33
36.54	46
36.56	46
36.58	61
36.6	38
36.62	49
36.64	30
36.66	34
36.68	38
36.7	40
36.72	39
36.74	36
36.76	36
36.78	50
36.8	44
36.82	50
36.84	42
36.86	38
36.88	35
36.9	26
36.92	35
36.94	29
36.96	37
36.98	46
37	36
37.02	36
37.04	31
37.06	34
37.08	28
37.1	39
37.12	38
37.14	40
37.16	43
37.18	43
37.2	38
37.22	31
37.24	36
37.26	38
37.28	37
37.3	35
37.32	44
37.34	32
37.36	40
37.38	31
37.4	37
37.42	35
37.44	53
37.46	48
37.48	38
37.5	38
37.52	30
37.54	27
37.56	25
37.58	30
37.6	32
37.62	18
37.64	38
37.66	50
37.68	42
37.7	35
37.72	49
37.74	43
37.76	41
37.78	24
37.8	33
37.82	44
37.84	52
37.86	44
37.88	36
37.9	43
37.92	47
37.94	44
37.96	41
37.98	42
38	47
38.02	35
38.04	41
38.06	47
38.08	41
38.1	38
38.12	35
38.14	36
38.16	38
38.18	45
38.2	51
38.22	38
38.24	34
38.26	33
38.28	37
38.3	38
38.32	37
38.34	36
38.36	54
38.38	50
38.4	30
38.42	43
38.44	46
38.46	55
38.48	39
38.5	25
38.52	35
38.54	36
38.56	32
38.58	28
38.6	30
38.62	40
38.64	24
38.66	34
38.68	45
38.7	49
38.72	27
38.74	36
38.76	61
38.78	45
38.8	39
38.82	46
38.84	45
38.86	37
38.88	41
38.9	33
38.92	34
38.94	42
38.96	46
38.98	31
39	30
39.02	46
39.04	38
39.06	35
39.08	32
39.1	36
39.12	33
39.14	41
39.16	44
39.18	31
39.2	44
39.22	41
39.24	36
39.26	36
39.28	36
39.3	51
39.32	51
39.34	37
39.36	33
39.38	35
39.4	45
39.42	42
39.44	36
39.46	34
39.48	37
39.5	44
39.52	46
39.54	37
39.56	39
39.58	32
39.6	35
39.62	52
39.64	54
39.66	46
39.68	37
39.7	31
39.72	37
39.74	22
39.76	30
39.78	46
39.8	30
39.82	29
39.84	36
39.86	41
39.88	38
39.9	38
39.92	37
39.94	32
39.96	35
39.98	23
40	29
40.02	53
40.04	42
40.06	32
40.08	25
40.1	31
40.12	44
40.14	46
40.16	44
40.18	50
40.2	69
40.22	59
40.24	33
40.26	29
40.28	44
40.3	45
40.32	30
40.34	24
40.36	37
40.38	43
40.4	53
40.42	38
40.44	39
40.46	37
40.48	37
40.5	35
40.52	37
40.54	38
40.56	32
40.58	38
40.6	35
40.62	30
40.64	35
40.66	33
40.68	37
40.7	38
40.72	40
40.74	41
40.76	46
40.78	51
40.8	43
40.82	32
40.84	41
40.86	31
40.88	42
40.9	41
40.92	28
40.94	35
40.96	36
40.98	43
41	28
41.02	34
41.04	33
41.06	36
41.08	34
41.1	36
41.12	48
41.14	51
41.16	45
41.18	39
41.2	40
41.22	44
41.24	50
41.26	57
41.28	41
41.3	32
41.32	40
41.34	39
41.36	43
41.38	43
41.4	33
41.42	43
41.44	32
41.46	42
41.48	41
41.5	50
41.52	41
41.54	37
41.56	39
41.58	44
41.6	47
41.62	29
41.64	41
41.66	35
41.68	39
41.7	42
41.72	41
41.74	41
41.76	36
41.78	45
41.8	44
41.82	54
41.84	33
41.86	35
41.88	44
41.9	36
41.92	46
41.94	36
41.96	35
41.98	26
42	31
42.02	28
42.04	32
42.06	29
42.08	36
42.1	34
42.12	53
42.14	41
42.16	42
42.18	32
42.2	30
42.22	38
42.24	37
42.26	30
42.28	34
42.3	43
42.32	36
42.34	35
42.36	32
42.38	34
42.4	45
42.42	35
42.44	34
42.46	32
42.48	28
42.5	38
42.52	30
42.54	44
42.56	40
42.58	30
42.6	35
42.62	44
42.64	47
42.66	43
42.68	54
42.7	45
42.72	36
42.74	42
42.76	48
42.78	33
42.8	27
42.82	40
42.84	32
42.86	30
42.88	43
42.9	37
42.92	37
42.94	35
42.96	40
42.98	44
43	42
43.02	40
43.04	44
43.06	49
43.08	56
43.1	44
43.12	35
43.14	35
43.16	39
43.18	48
43.2	51
43.22	34
43.24	33
43.26	37
43.28	43
43.3	43
43.32	41
43.34	35
43.36	27
43.38	29
43.4	39
43.42	46
43.44	44
43.46	40
43.48	49
43.5	53
43.52	39
43.54	38
43.56	30
43.58	23
43.6	41
43.62	44
43.64	36
43.66	39
43.68	37
43.7	25
43.72	42
43.74	37
43.76	38
43.78	27
43.8	42
43.82	43
43.84	36
43.86	32
43.88	34
43.9	31
43.92	22
43.94	33
43.96	37
43.98	61
44	44
44.02	28
44.04	31
44.06	39
44.08	32
44.1	26
44.12	29
44.14	40
44.16	35
44.18	37
44.2	54
44.22	46
44.24	28
44.26	32
44.28	40
44.3	45
44.32	42
44.34	29
44.36	34
44.38	36
44.4	34
44.42	41
44.44	58
44.46	40
44.48	31
44.5	37
44.52	51
44.54	26
44.56	28
44.58	22
44.6	28
44.62	43
44.64	35
44.66	26
44.68	36
44.7	43
44.72	34
44.74	37
44.76	38
44.78	35
44.8	27
44.82	32
44.84	28
44.86	34
44.88	38
44.9	40
44.92	37
44.94	37
44.96	36
44.98	39
45	39
45.02	45
45.04	50
45.06	40
45.08	39
45.1	40
45.12	47
45.14	47
45.16	42
45.18	42
45.2	37
45.22	40
45.24	33
45.26	44
45.28	47
45.3	42
45.32	28
45.34	32
45.36	44
45.38	34
45.4	26
45.42	40
45.44	47
45.46	46
45.48	38
45.5	35
45.52	36
45.54	55
45.56	53
45.58	44
45.6	37
45.62	41
45.64	39
45.66	34
45.68	46
45.7	42
45.72	37
45.74	32
45.76	38
45.78	43
45.8	34
45.82	49
45.84	45
45.86	32
45.88	48
45.9	48
45.92	33
45.94	36
45.96	37
45.98	33
46	40
46.02	46
46.04	43
46.06	26
46.08	34
46.1	29
46.12	27
46.14	43
46.16	37
46.18	37
46.2	49
46.22	33
46.24	36
46.26	39
46.28	41
46.3	43
46.32	35
46.34	42
46.36	40
46.38	35
46.4	31
46.42	33
46.44	37
46.46	31
46.48	36
46.5	20
46.52	28
46.54	26
46.56	40
46.58	44
46.6	34
46.62	34
46.64	29
46.66	25
46.68	33
46.7	30
46.72	29
46.74	31
46.76	41
46.78	41
46.8	35
46.82	38
46.84	34
46.86	31
46.88	23
46.9	35
46.92	28
46.94	45
46.96	39
46.98	31
47	34
47.02	39
47.04	37
47.06	30
47.08	30
47.1	45
47.12	45
47.14	34
47.16	31
47.18	28
47.2	35
47.22	20
47.24	30
47.26	28
47.28	22
47.3	32
47.32	27
47.34	32
47.36	45
47.38	39
47.4	35
47.42	27
47.44	36
47.46	33
47.48	36
47.5	33
47.52	31
47.54	35
47.56	44
47.58	44
47.6	46
47.62	37
47.64	32
47.66	26
47.68	44
47.7	27
47.72	32
47.74	35
47.76	36
47.78	36
47.8	40
47.82	29
47.84	30
47.86	41
47.88	33
47.9	39
47.92	35
47.94	22
47.96	37
47.98	31
48	40
48.02	31
48.04	42
48.06	34
48.08	44
48.1	37
48.12	33
48.14	29
48.16	36
48.18	33
48.2	29
48.22	41
48.24	33
48.26	40
48.28	39
48.3	22
48.32	27
48.34	34
48.36	41
48.38	53
48.4	40
48.42	26
48.44	33
48.46	25
48.48	35
48.5	35
48.52	45
48.54	42
48.56	44
48.58	43
48.6	46
48.62	32
48.64	28
48.66	21
48.68	56
48.7	44
48.72	30
48.74	32
48.76	35
48.78	42
48.8	49
48.82	35
48.84	46
48.86	30
48.88	54
48.9	48
48.92	41
48.94	36
48.96	36
48.98	47
49	39
49.02	37
49.04	51
49.06	30
49.08	40
49.1	31
49.12	36
49.14	35
49.16	45
49.18	39
49.2	40
49.22	37
49.24	38
49.26	37
49.28	36
49.3	45
49.32	32
49.34	48
49.36	31
49.38	37
49.4	35
49.42	28
49.44	48
49.46	47
49.48	44
49.5	36
49.52	50
49.54	40
49.56	37
49.58	39
49.6	46
49.62	41
49.64	35
49.66	36
49.68	33
49.7	26
49.72	32
49.74	39
49.76	37
49.78	37
49.8	30
49.82	35
49.84	29
49.86	30
49.88	38
49.9	39
49.92	42
49.94	30
49.96	19
49.98	25
50	42
50.02	37
50.04	39
50.06	44
50.08	42
50.1	37
50.12	42
50.14	32
50.16	25
50.18	38
50.2	29
50.22	33
50.24	32
50.26	29
50.28	33
50.3	34
50.32	40
50.34	34
50.36	30
50.38	30
50.4	32
50.42	29
50.44	36
50.46	36
50.48	35
50.5	41
50.52	42
50.54	42
50.56	29
50.58	48
50.6	33
50.62	38
50.64	35
50.66	34
50.68	28
50.7	36
50.72	38
50.74	51
50.76	44
50.78	33
50.8	34
50.82	30
50.84	29
50.86	34
50.88	50
50.9	34
50.92	26
50.94	30
50.96	34
50.98	32
51	31
51.02	38
51.04	28
51.06	21
51.08	32
51.1	35
51.12	38
51.14	35
51.16	40
51.18	30
51.2	33
51.22	30
51.24	31
51.26	25
51.28	36
51.3	31
51.32	45
51.34	47
51.36	39
51.38	38
51.4	32
51.42	32
51.44	36
51.46	34
51.48	37
51.5	33
51.52	43
51.54	29
51.56	35
51.58	25
51.6	37
51.62	40
51.64	42
51.66	40
51.68	37
51.7	33
51.72	31
51.74	34
51.76	39
51.78	38
51.8	37
51.82	37
51.84	36
51.86	26
51.88	30
51.9	38
51.92	55
51.94	39
51.96	30
51.98	37
52	27
52.02	40
52.04	31
52.06	33
52.08	36
52.1	30
52.12	37
52.14	31
52.16	25
52.18	36
52.2	41
52.22	25
52.24	35
52.26	33
52.28	28
52.3	30
52.32	37
52.34	33
52.36	33
52.38	25
52.4	42
52.42	43
52.44	42
52.46	32
52.48	36
52.5	35
52.52	25
52.54	27
52.56	41
52.58	43
52.6	36
52.62	40
52.64	26
52.66	36
52.68	43
52.7	33
52.72	32
52.74	33
52.76	41
52.78	31
52.8	36
52.82	33
52.84	32
52.86	28
52.88	35
52.9	37
52.92	32
52.94	31
52.96	27
52.98	27
53	33
53.02	22
53.04	31
53.06	46
53.08	40
53.1	18
53.12	27
53.14	24
53.16	25
53.18	23
53.2	34
53.22	36
53.24	39
53.26	30
53.28	25
53.3	32
53.32	28
53.34	31
53.36	35
53.38	29
53.4	37
53.42	27
53.44	32
53.46	31
53.48	27
53.5	37
53.52	33
53.54	21
53.56	20
53.58	40
53.6	40
53.62	47
53.64	39
53.66	39
53.68	34
53.7	35
53.72	26
53.74	33
53.76	34
53.78	27
53.8	39
53.82	34
53.84	27
53.86	22
53.88	23
53.9	29
53.92	43
53.94	29
53.96	32
53.98	28
54	32
54.02	32
54.04	32
54.06	32
54.08	31
54.1	28
54.12	26
54.14	35
54.16	17
54.18	27
54.2	32
54.22	36
54.24	41
54.26	45
54.28	37
54.3	43
54.32	34
54.34	23
54.36	31
54.38	38
54.4	33
54.42	31
54.44	32
54.46	32
54.48	39
54.5	30
54.52	42
54.54	38
54.56	32
54.58	34
54.6	43
54.62	33
54.64	35
54.66	27
54.68	29
54.7	41
54.72	29
54.74	32
54.76	37
54.78	32
54.8	33
54.82	23
54.84	30
54.86	37
54.88	33
54.9	35
54.92	26
54.94	27
54.96	26
54.98	25
55	33
55.02	35
55.04	30
55.06	33
55.08	36
55.1	29
55.12	35
55.14	27
55.16	31
55.18	40
55.2	29
55.22	25
55.24	40
55.26	36
55.28	29
55.3	41
55.32	31
55.34	36
55.36	29
55.38	21
55.4	17
55.42	30
55.44	25
55.46	24
55.48	35
55.5	36
55.52	30
55.54	34
55.56	43
55.58	37
55.6	22
55.62	24
55.64	17
55.66	28
55.68	28
55.7	30
55.72	36
55.74	35
55.76	28
55.78	18
55.8	37
55.82	32
55.84	22
55.86	21
55.88	26
55.9	26
55.92	21
55.94	27
55.96	21
55.98	29
56	38
56.02	32
56.04	35
56.06	29
56.08	27
56.1	27
56.12	27
56.14	25
56.16	17
56.18	32
56.2	40
56.22	35
56.24	25
56.26	37
56.28	27
56.3	33
56.32	36
56.34	32
56.36	38
56.38	36
56.4	25
56.42	33
56.44	25
56.46	30
56.48	40
56.5	38
56.52	23
56.54	32
56.56	40
56.58	20
56.6	22
56.62	32
56.64	40
56.66	43
56.68	30
56.7	27
56.72	29
56.74	31
56.76	37
56.78	30
56.8	28
56.82	31
56.84	35
56.86	42
56.88	27
56.9	26
56.92	27
56.94	30
56.96	23
56.98	39
57	40
57.02	30
57.04	22
57.06	27
57.08	30
57.1	33
57.12	32
57.14	29
57.16	28
57.18	24
57.2	26
57.22	30
57.24	36
57.26	37
57.28	32
57.3	28
57.32	23
57.34	35
57.36	23
57.38	20
57.4	21
57.42	34
57.44	35
57.46	28
57.48	24
57.5	22
57.52	35
57.54	28
57.56	28
57.58	38
57.6	25
57.62	34
57.64	29
57.66	29
57.68	23
57.7	22
57.72	36
57.74	35
57.76	28
57.78	31
57.8	34
57.82	33
57.84	45
57.86	36
57.88	24
57.9	22
57.92	32
57.94	31
57.96	35
57.98	15
58	23
58.02	28
58.04	37
58.06	27
58.08	36
58.1	30
58.12	37
58.14	36
58.16	38
58.18	32
58.2	23
58.22	33
58.24	45
58.26	29
58.28	38
58.3	37
58.32	22
58.34	28
58.36	37
58.38	28
58.4	46
58.42	33
58.44	28
58.46	27
58.48	37
58.5	28
58.52	35
58.54	42
58.56	38
58.58	37
58.6	33
58.62	29
58.64	34
58.66	32
58.68	25
58.7	25
58.72	35
58.74	34
58.76	31
58.78	27
58.8	32
58.82	37
58.84	33
58.86	32
58.88	29
58.9	24
58.92	25
58.94	32
58.96	38
58.98	39
59	25
59.02	28
59.04	33
59.06	33
59.08	37
59.1	23
59.12	36
59.14	38
59.16	31
59.18	31
59.2	26
59.22	24
59.24	21
59.26	26
59.28	32
59.3	43
59.32	34
59.34	25
59.36	36
59.38	23
59.4	27
59.42	32
59.44	41
59.46	40
59.48	39
59.5	22
59.52	21
59.54	28
59.56	26
59.58	28
59.6	31
59.62	28
59.64	29
59.66	19
59.68	16
59.7	30
59.72	41
59.74	26
59.76	19
59.78	24
59.8	30
59.82	37
59.84	32
59.86	44
59.88	30
59.9	29
59.92	27
59.94	27
59.96	21
59.98	28
60	21
60.02	28
60.04	36
60.06	43
60.08	26
60.1	21
60.12	25
60.14	39
60.16	26
60.18	22
60.2	24
60.22	35
60.24	29
60.26	32
60.28	32
60.3	36
60.32	30
60.34	31
60.36	34
60.38	30
60.4	43
60.42	48
60.44	30
60.46	25
60.48	33
60.5	34
60.52	30
60.54	16
60.56	29
60.58	25
60.6	33
60.62	23
60.64	24
60.66	16
60.68	18
60.7	27
60.72	20
60.74	33
60.76	32
60.78	24
60.8	17
60.82	28
60.84	39
60.86	33
60.88	38
60.9	35
60.92	25
60.94	29
60.96	26
60.98	32
61	25
61.02	18
61.04	24
61.06	33
61.08	34
61.1	36
61.12	27
61.14	19
61.16	31
61.18	29
61.2	38
61.22	36
61.24	33
61.26	33
61.28	51
61.3	40
61.32	34
61.34	24
61.36	31
61.38	33
61.4	30
61.42	25
61.44	37
61.46	28
61.48	37
61.5	32
61.52	34
61.54	24
61.56	23
61.58	44
61.6	34
61.62	30
61.64	28
61.66	32
61.68	42
61.7	25
61.72	29
61.74	34
61.76	30
61.78	23
61.8	16
61.82	13
61.84	17
61.86	21
61.88	26
61.9	22
61.92	29
61.94	21
61.96	24
61.98	20
62	22
62.02	28
62.04	32
62.06	25
62.08	25
62.1	32
62.12	34
62.14	21
62.16	26
62.18	26
62.2	26
62.22	36
62.24	31
62.26	22
62.28	34
62.3	28
62.32	27
62.34	18
62.36	21
62.38	33
62.4	36
62.42	28
62.44	28
62.46	33
62.48	47
62.5	30
62.52	36
62.54	32
62.56	17
62.58	22
62.6	20
62.62	40
62.64	32
62.66	31
62.68	22
62.7	23
62.72	16
62.74	15
62.76	17
62.78	18
62.8	27
62.82	24
62.84	19
62.86	30
62.88	31
62.9	16
62.92	31
62.94	30
62.96	43
62.98	37
63	26
63.02	21
63.04	21
63.06	19
63.08	30
63.1	32
63.12	27
63.14	21
63.16	25
63.18	31
63.2	28
63.22	18
63.24	27
63.26	27
63.28	28
63.3	27
63.32	39
63.34	38
63.36	28
63.38	27
63.4	24
63.42	30
63.44	23
63.46	23
63.48	27
63.5	26
63.52	25
63.54	30
63.56	23
63.58	27
63.6	23
63.62	19
63.64	35
63.66	31
63.68	39
63.7	24
63.72	25
63.74	20
63.76	20
63.78	25
63.8	15
63.82	28
63.84	27
63.86	25
63.88	23
63.9	31
63.92	37
63.94	26
63.96	29
63.98	27
64	30
64.02	33
64.04	20
64.06	25
64.08	24
64.1	28
64.12	19
64.14	25
64.16	29
64.18	28
64.2	20
64.22	25
64.24	26
64.26	31
64.28	28
64.3	26
64.32	26
64.34	16
64.36	16
64.38	19
64.4	22
64.42	29
64.44	44
64.46	29
64.48	26
64.5	27
64.52	41
64.54	25
64.56	33
64.58	25
64.6	20
64.62	28
64.64	28
64.66	25
64.68	33
64.7	27
64.72	33
64.74	35
64.76	33
64.78	41
64.8	27
64.82	21
64.84	32
64.86	19
64.88	18
64.9	19
64.92	9
64.94	15
64.96	38
64.98	28
65	26
65.02	33
65.04	26
65.06	24
65.08	29
65.1	28
65.12	21
65.14	19
65.16	27
65.18	21
65.2	25
65.22	26
65.24	31
65.26	38
65.28	29
65.3	24
65.32	34
65.34	23
65.36	34
65.38	24
65.4	28
65.42	25
65.44	26
65.46	30
65.48	21
65.5	17
65.52	32
65.54	25
65.56	24
65.58	26
65.6	29
65.62	27
65.64	30
65.66	31
65.68	28
65.7	30
65.72	29
65.74	35
65.76	36
65.78	35
65.8	33
65.82	18
65.84	22
65.86	25
65.88	27
65.9	30
65.92	30
65.94	36
65.96	25
65.98	32
66	22
66.02	41
66.04	40
66.06	34
66.08	19
66.1	25
66.12	27
66.14	21
66.16	28
66.18	37
66.2	28
66.22	37
66.24	18
66.26	23
66.28	27
66.3	33
66.32	34
66.34	39
66.36	33
66.38	27
66.4	28
66.42	29
66.44	26
66.46	27
66.48	33
66.5	24
66.52	20
66.54	26
66.56	37
66.58	39
66.6	29
66.62	20
66.64	28
66.66	26
66.68	18
66.7	17
66.72	28
66.74	29
66.76	27
66.78	33
66.8	23
66.82	13
66.84	23
66.86	19
66.88	37
66.9	26
66.92	26
66.94	16
66.96	37
66.98	23
67	14
67.02	25
67.04	18
67.06	26
67.08	28
67.1	27
67.12	44
67.14	34
67.16	27
67.18	21
67.2	21
67.22	32
67.24	30
67.26	23
67.28	26
67.3	32
67.32	25
67.34	29
67.36	27
67.38	17
67.4	25
67.42	25
67.44	35
67.46	26
67.48	18
67.5	22
67.52	26
67.54	25
67.56	25
67.58	31
67.6	29
67.62	23
67.64	17
67.66	31
67.68	28
67.7	22
67.72	27
67.74	29
67.76	19
67.78	19
67.8	25
67.82	28
67.84	31
67.86	26
67.88	30
67.9	26
67.92	16
67.94	16
67.96	17
67.98	29
68	20
68.02	30
68.04	27
68.06	23
68.08	23
68.1	27
68.12	24
68.14	30
68.16	27
68.18	23
68.2	32
68.22	31
68.24	23
68.26	24
68.28	23
68.3	17
68.32	28
68.34	17
68.36	24
68.38	16
68.4	18
68.42	26
68.44	29
68.46	18
68.48	27
68.5	21
68.52	28
68.54	25
68.56	29
68.58	25
68.6	39
68.62	31
68.64	21
68.66	25
68.68	26
68.7	37
68.72	38
68.74	23
68.76	28
68.78	18
68.8	22
68.82	24
68.84	25
68.86	27
68.88	32
68.9	36
68.92	34
68.94	28
68.96	29
68.98	32
69	30
69.02	21
69.04	28
69.06	19
69.08	14
69.1	17
69.12	23
69.14	34
69.16	30
69.18	31
69.2	29
69.22	27
69.24	25
69.26	32
69.28	30
69.3	24
69.32	30
69.34	21
69.36	28
69.38	35
69.4	29
69.42	27
69.44	31
69.46	33
69.48	31
69.5	18
69.52	15
69.54	13
69.56	22
69.58	20
69.6	30
69.62	18
69.64	22
69.66	22
69.68	36
69.7	24
69.72	31
69.74	23
69.76	31
69.78	22
69.8	31
69.82	31
69.84	28
69.86	25
69.88	15
69.9	18
69.92	25
69.94	28
69.96	22
69.98	21
70	31
70.02	21
70.04	23
70.06	34
70.08	36
70.1	20
70.12	25
70.14	27
70.16	32
70.18	15
70.2	23
70.22	23
70.24	18
70.26	28
70.28	22
70.3	34
70.32	26
70.34	24
70.36	38
70.38	25
70.4	30
70.42	23
70.44	33
70.46	41
70.48	26
70.5	23
70.52	26
70.54	33
70.56	25
70.58	23
70.6	29
70.62	24
70.64	27
70.66	30
70.68	25
70.7	31
70.72	34
70.74	30
70.76	28
70.78	23
70.8	28
70.82	22
70.84	24
70.86	28
70.88	25
70.9	19
70.92	33
70.94	25
70.96	21
70.98	27
71	37
71.02	30
71.04	24
71.06	21
71.08	30
71.1	24
71.12	22
71.14	15
71.16	23
71.18	23
71.2	24
71.22	24
71.24	21
71.26	18
71.28	24
71.3	22
71.32	15
71.34	18
71.36	27
71.38	28
71.4	17
71.42	17
71.44	23
71.46	21
71.48	30
71.5	23
71.52	27
71.54	21
71.56	25
71.58	32
71.6	25
71.62	24
71.64	20
71.66	20
71.68	27
71.7	21
71.72	31
71.74	21
71.76	21
71.78	28
71.8	41
71.82	36
71.84	32
71.86	29
71.88	31
71.9	36
71.92	15
71.94	22
71.96	27
71.98	26
72	21
72.02	28
72.04	14
72.06	21
72.08	24
72.1	29
72.12	23
72.14	25
72.16	18
72.18	19
72.2	23
72.22	33
72.24	35
72.26	21
72.28	30
72.3	23
72.32	22
72.34	34
72.36	33
72.38	29
72.4	33
72.42	30
72.44	30
72.46	27
72.48	24
72.5	20
72.52	26
72.54	18
72.56	17
72.58	30
72.6	15
72.62	12
72.64	20
72.66	26
72.68	17
72.7	20
72.72	21
72.74	36
72.76	32
72.78	27
72.8	18
72.82	17
72.84	25
72.86	31
72.88	29
72.9	16
72.92	13
72.94	14
72.96	18
72.98	20
73	27
73.02	23
73.04	29
73.06	24
73.08	16
73.1	36
73.12	29
73.14	32
73.16	29
73.18	35
73.2	25
73.22	21
73.24	25
73.26	28
73.28	16
73.3	16
73.32	24
73.34	18
73.36	26
73.38	26
73.4	22
73.42	29
73.44	21
73.46	24
73.48	21
73.5	29
73.52	25
73.54	17
73.56	33
73.58	31
73.6	35
73.62	26
73.64	34
73.66	29
73.68	15
73.7	20
73.72	33
73.74	22
73.76	17
73.78	16
73.8	18
73.82	19
73.84	11
73.86	25
73.88	19
73.9	25
73.92	23
73.94	27
73.96	26
73.98	28
74	31
74.02	23
74.04	28
74.06	29
74.08	22
74.1	23
74.12	30
74.14	31
74.16	35
74.18	23
74.2	23
74.22	16
74.24	28
74.26	19
74.28	34
74.3	19
74.32	24
74.34	19
74.36	23
74.38	26
74.4	18
74.42	21
74.44	26
74.46	26
74.48	28
74.5	29
74.52	27
74.54	34
74.56	30
74.58	23
74.6	26
74.62	31
74.64	22
74.66	26
74.68	18
74.7	12
74.72	19
74.74	21
74.76	29
74.78	22
74.8	33
74.82	23
74.84	35
74.86	13
74.88	21
74.9	21
74.92	30
74.94	28
74.96	32
74.98	22
