Counter Settings:
Falling Edge
Disc Threshold [V]	-0.301514
Dwell time [s]	2.000000E-8
Number of channels	3750
Number of Scans	50000

D2
v 0
J 7
29.0V 3.27A
Au 788C
Knnew  ?C
Kn  e-2mbar (base 1.5e-2)
x=35mm y=35.5mm z=512mm
D2/RGA 9.0e-11 torr (base 1.8e-11)
500: 1.0e-8 mbar
100: 1.7e-9 mbar
FFR heater 4.0A 1.28V
extra heater 3.0A 0.6V
Extractor: -30V
Lens: -1200V
MCP: -2100V
Laser Position	202.665537

Laser Power [mJ]	0.807477
Time [µs]	Counts
0	82087
0.02	24429
0.04	396
0.06	185
0.08	202
0.1	101
0.12	38
0.14	14
0.16	19
0.18	37
0.2	36
0.22	62
0.24	50
0.26	80
0.28	112
0.3	103
0.32	114
0.34	138
0.36	128
0.38	134
0.4	180
0.42	150
0.44	153
0.46	156
0.48	114
0.5	106
0.52	90
0.54	79
0.56	81
0.58	85
0.6	72
0.62	99
0.64	130
0.66	145
0.68	149
0.7	126
0.72	142
0.74	174
0.76	199
0.78	241
0.8	290
0.82	317
0.84	344
0.86	368
0.88	427
0.9	478
0.92	479
0.94	486
0.96	595
0.98	741
1	867
1.02	1050
1.04	1187
1.06	1258
1.08	1250
1.1	1070
1.12	867
1.14	691
1.16	612
1.18	447
1.2	377
1.22	349
1.24	325
1.26	297
1.28	270
1.3	248
1.32	232
1.34	258
1.36	238
1.38	263
1.4	257
1.42	243
1.44	213
1.46	172
1.48	189
1.5	171
1.52	149
1.54	151
1.56	119
1.58	89
1.6	82
1.62	72
1.64	74
1.66	52
1.68	54
1.7	63
1.72	53
1.74	45
1.76	56
1.78	57
1.8	78
1.82	68
1.84	70
1.86	51
1.88	27
1.9	55
1.92	67
1.94	55
1.96	46
1.98	47
2	62
2.02	60
2.04	66
2.06	56
2.08	63
2.1	65
2.12	74
2.14	75
2.16	71
2.18	60
2.2	48
2.22	55
2.24	68
2.26	65
2.28	35
2.3	43
2.32	47
2.34	47
2.36	60
2.38	52
2.4	44
2.42	45
2.44	50
2.46	43
2.48	31
2.5	30
2.52	39
2.54	47
2.56	50
2.58	36
2.6	26
2.62	28
2.64	37
2.66	33
2.68	25
2.7	20
2.72	22
2.74	31
2.76	22
2.78	20
2.8	27
2.82	22
2.84	29
2.86	24
2.88	32
2.9	23
2.92	21
2.94	22
2.96	31
2.98	39
3	31
3.02	33
3.04	38
3.06	28
3.08	17
3.1	19
3.12	27
3.14	25
3.16	20
3.18	12
3.2	22
3.22	26
3.24	31
3.26	29
3.28	29
3.3	26
3.32	27
3.34	30
3.36	26
3.38	22
3.4	23
3.42	24
3.44	27
3.46	24
3.48	28
3.5	26
3.52	30
3.54	33
3.56	35
3.58	27
3.6	29
3.62	36
3.64	30
3.66	30
3.68	27
3.7	27
3.72	22
3.74	28
3.76	29
3.78	36
3.8	29
3.82	37
3.84	32
3.86	30
3.88	29
3.9	22
3.92	29
3.94	36
3.96	28
3.98	24
4	31
4.02	34
4.04	36
4.06	37
4.08	39
4.1	41
4.12	37
4.14	40
4.16	36
4.18	41
4.2	41
4.22	38
4.24	41
4.26	34
4.28	33
4.3	26
4.32	35
4.34	34
4.36	40
4.38	25
4.4	24
4.42	28
4.44	29
4.46	26
4.48	40
4.5	31
4.52	38
4.54	46
4.56	25
4.58	30
4.6	41
4.62	41
4.64	39
4.66	37
4.68	38
4.7	34
4.72	56
4.74	33
4.76	35
4.78	35
4.8	38
4.82	33
4.84	31
4.86	32
4.88	35
4.9	34
4.92	42
4.94	34
4.96	48
4.98	56
5	56
5.02	47
5.04	33
5.06	35
5.08	37
5.1	24
5.12	27
5.14	40
5.16	48
5.18	50
5.2	45
5.22	48
5.24	44
5.26	60
5.28	60
5.3	64
5.32	52
5.34	56
5.36	63
5.38	65
5.4	53
5.42	48
5.44	72
5.46	44
5.48	61
5.5	55
5.52	52
5.54	57
5.56	63
5.58	57
5.6	69
5.62	48
5.64	50
5.66	54
5.68	47
5.7	59
5.72	66
5.74	75
5.76	56
5.78	52
5.8	51
5.82	53
5.84	48
5.86	45
5.88	47
5.9	56
5.92	52
5.94	49
5.96	50
5.98	70
6	50
6.02	40
6.04	62
6.06	53
6.08	60
6.1	61
6.12	50
6.14	44
6.16	45
6.18	62
6.2	66
6.22	51
6.24	46
6.26	58
6.28	62
6.3	60
6.32	71
6.34	67
6.36	50
6.38	72
6.4	65
6.42	54
6.44	65
6.46	63
6.48	49
6.5	41
6.52	58
6.54	58
6.56	70
6.58	68
6.6	79
6.62	70
6.64	64
6.66	55
6.68	47
6.7	60
6.72	74
6.74	77
6.76	60
6.78	66
6.8	78
6.82	76
6.84	75
6.86	74
6.88	89
6.9	79
6.92	76
6.94	82
6.96	91
6.98	70
7	73
7.02	102
7.04	89
7.06	68
7.08	71
7.1	76
7.12	85
7.14	69
7.16	54
7.18	65
7.2	62
7.22	60
7.24	65
7.26	79
7.28	97
7.3	100
7.32	81
7.34	81
7.36	83
7.38	74
7.4	75
7.42	73
7.44	80
7.46	92
7.48	76
7.5	70
7.52	60
7.54	39
7.56	53
7.58	77
7.6	87
7.62	87
7.64	66
7.66	83
7.68	71
7.7	64
7.72	61
7.74	75
7.76	84
7.78	66
7.8	64
7.82	83
7.84	75
7.86	57
7.88	53
7.9	62
7.92	68
7.94	61
7.96	68
7.98	77
8	83
8.02	104
8.04	89
8.06	72
8.08	55
8.1	63
8.12	67
8.14	67
8.16	65
8.18	66
8.2	61
8.22	56
8.24	66
8.26	64
8.28	67
8.3	41
8.32	60
8.34	77
8.36	55
8.38	50
8.4	57
8.42	81
8.44	89
8.46	73
8.48	54
8.5	54
8.52	54
8.54	52
8.56	56
8.58	44
8.6	43
8.62	67
8.64	50
8.66	52
8.68	52
8.7	79
8.72	60
8.74	45
8.76	49
8.78	57
8.8	51
8.82	35
8.84	41
8.86	48
8.88	53
8.9	52
8.92	48
8.94	50
8.96	54
8.98	57
9	48
9.02	34
9.04	35
9.06	41
9.08	54
9.1	47
9.12	47
9.14	60
9.16	60
9.18	61
9.2	55
9.22	51
9.24	48
9.26	48
9.28	55
9.3	44
9.32	68
9.34	75
9.36	46
9.38	60
9.4	51
9.42	50
9.44	54
9.46	41
9.48	45
9.5	43
9.52	55
9.54	53
9.56	46
9.58	55
9.6	44
9.62	56
9.64	55
9.66	40
9.68	45
9.7	38
9.72	37
9.74	36
9.76	41
9.78	48
9.8	52
9.82	40
9.84	40
9.86	29
9.88	39
9.9	36
9.92	29
9.94	35
9.96	32
9.98	34
10	46
10.02	28
10.04	34
10.06	33
10.08	24
10.1	40
10.12	41
10.14	26
10.16	34
10.18	40
10.2	34
10.22	35
10.24	25
10.26	28
10.28	37
10.3	45
10.32	31
10.34	33
10.36	38
10.38	46
10.4	35
10.42	29
10.44	34
10.46	32
10.48	40
10.5	30
10.52	38
10.54	43
10.56	53
10.58	24
10.6	31
10.62	46
10.64	36
10.66	17
10.68	33
10.7	49
10.72	48
10.74	31
10.76	38
10.78	47
10.8	44
10.82	38
10.84	30
10.86	25
10.88	42
10.9	34
10.92	36
10.94	16
10.96	24
10.98	25
11	27
11.02	13
11.04	14
11.06	21
11.08	21
11.1	27
11.12	29
11.14	29
11.16	33
11.18	43
11.2	42
11.22	39
11.24	49
11.26	37
11.28	22
11.3	19
11.32	30
11.34	28
11.36	42
11.38	30
11.4	27
11.42	26
11.44	34
11.46	32
11.48	42
11.5	33
11.52	18
11.54	25
11.56	34
11.58	23
11.6	27
11.62	34
11.64	29
11.66	37
11.68	34
11.7	29
11.72	35
11.74	32
11.76	27
11.78	32
11.8	35
11.82	28
11.84	24
11.86	20
11.88	32
11.9	28
11.92	21
11.94	27
11.96	28
11.98	31
12	37
12.02	40
12.04	28
12.06	15
12.08	21
12.1	39
12.12	24
12.14	26
12.16	20
12.18	27
12.2	33
12.22	26
12.24	22
12.26	22
12.28	25
12.3	22
12.32	27
12.34	19
12.36	25
12.38	29
12.4	14
12.42	18
12.44	23
12.46	25
12.48	23
12.5	23
12.52	29
12.54	25
12.56	28
12.58	29
12.6	27
12.62	28
12.64	33
12.66	29
12.68	25
12.7	37
12.72	38
12.74	35
12.76	33
12.78	22
12.8	20
12.82	17
12.84	29
12.86	23
12.88	22
12.9	28
12.92	34
12.94	26
12.96	17
12.98	22
13	41
13.02	33
13.04	32
13.06	35
13.08	35
13.1	22
13.12	24
13.14	35
13.16	26
13.18	20
13.2	22
13.22	25
13.24	29
13.26	19
13.28	20
13.3	31
13.32	22
13.34	24
13.36	19
13.38	24
13.4	37
13.42	28
13.44	39
13.46	25
13.48	39
13.5	31
13.52	20
13.54	23
13.56	27
13.58	29
13.6	32
13.62	29
13.64	21
13.66	24
13.68	38
13.7	26
13.72	24
13.74	23
13.76	28
13.78	28
13.8	31
13.82	28
13.84	26
13.86	28
13.88	33
13.9	31
13.92	28
13.94	31
13.96	29
13.98	28
14	26
14.02	34
14.04	29
14.06	30
14.08	29
14.1	21
14.12	29
14.14	28
14.16	22
14.18	24
14.2	20
14.22	24
14.24	27
14.26	28
14.28	28
14.3	31
14.32	25
14.34	30
14.36	30
14.38	19
14.4	23
14.42	21
14.44	34
14.46	34
14.48	45
14.5	31
14.52	21
14.54	13
14.56	32
14.58	31
14.6	25
14.62	32
14.64	26
14.66	32
14.68	48
14.7	36
14.72	28
14.74	32
14.76	20
14.78	26
14.8	28
14.82	23
14.84	14
14.86	20
14.88	22
14.9	27
14.92	29
14.94	32
14.96	20
14.98	30
15	35
15.02	30
15.04	39
15.06	32
15.08	34
15.1	28
15.12	33
15.14	40
15.16	38
15.18	29
15.2	29
15.22	26
15.24	24
15.26	27
15.28	49
15.3	46
15.32	26
15.34	23
15.36	23
15.38	18
15.4	23
15.42	22
15.44	17
15.46	29
15.48	24
15.5	23
15.52	27
15.54	22
15.56	18
15.58	31
15.6	38
15.62	36
15.64	40
15.66	20
15.68	24
15.7	23
15.72	30
15.74	22
15.76	32
15.78	38
15.8	34
15.82	15
15.84	37
15.86	33
15.88	30
15.9	41
15.92	37
15.94	21
15.96	32
15.98	32
16	21
16.02	16
16.04	22
16.06	29
16.08	24
16.1	26
16.12	39
16.14	27
16.16	22
16.18	21
16.2	31
16.22	28
16.24	30
16.26	32
16.28	25
16.3	25
16.32	22
16.34	28
16.36	27
16.38	25
16.4	36
16.42	24
16.44	26
16.46	37
16.48	30
16.5	18
16.52	29
16.54	29
16.56	30
16.58	28
16.6	36
16.62	33
16.64	26
16.66	21
16.68	29
16.7	22
16.72	32
16.74	30
16.76	23
16.78	27
16.8	21
16.82	24
16.84	27
16.86	20
16.88	21
16.9	28
16.92	29
16.94	30
16.96	38
16.98	36
17	32
17.02	28
17.04	44
17.06	38
17.08	20
17.1	22
17.12	22
17.14	28
17.16	30
17.18	23
17.2	27
17.22	33
17.24	28
17.26	20
17.28	26
17.3	31
17.32	27
17.34	33
17.36	30
17.38	30
17.4	25
17.42	24
17.44	31
17.46	31
17.48	33
17.5	28
17.52	24
17.54	35
17.56	41
17.58	20
17.6	21
17.62	25
17.64	28
17.66	25
17.68	33
17.7	31
17.72	25
17.74	38
17.76	19
17.78	13
17.8	22
17.82	28
17.84	26
17.86	29
17.88	31
17.9	31
17.92	35
17.94	31
17.96	29
17.98	32
18	29
18.02	34
18.04	33
18.06	36
18.08	26
18.1	44
18.12	30
18.14	23
18.16	18
18.18	30
18.2	34
18.22	33
18.24	28
18.26	27
18.28	34
18.3	31
18.32	17
18.34	20
18.36	30
18.38	26
18.4	33
18.42	34
18.44	45
18.46	29
18.48	30
18.5	30
18.52	26
18.54	26
18.56	17
18.58	37
18.6	29
18.62	25
18.64	29
18.66	21
18.68	25
18.7	23
18.72	22
18.74	29
18.76	31
18.78	30
18.8	26
18.82	25
18.84	29
18.86	26
18.88	28
18.9	21
18.92	37
18.94	32
18.96	29
18.98	32
19	28
19.02	25
19.04	32
19.06	23
19.08	24
19.1	18
19.12	24
19.14	31
19.16	30
19.18	25
19.2	31
19.22	34
19.24	30
19.26	28
19.28	31
19.3	30
19.32	23
19.34	30
19.36	36
19.38	24
19.4	26
19.42	19
19.44	21
19.46	24
19.48	28
19.5	31
19.52	25
19.54	30
19.56	24
19.58	23
19.6	37
19.62	37
19.64	34
19.66	33
19.68	25
19.7	24
19.72	21
19.74	25
19.76	21
19.78	35
19.8	22
19.82	27
19.84	27
19.86	20
19.88	29
19.9	29
19.92	34
19.94	39
19.96	24
19.98	21
20	32
20.02	31
20.04	27
20.06	19
20.08	18
20.1	28
20.12	38
20.14	31
20.16	42
20.18	38
20.2	41
20.22	38
20.24	41
20.26	32
20.28	33
20.3	39
20.32	35
20.34	33
20.36	35
20.38	27
20.4	35
20.42	33
20.44	31
20.46	45
20.48	40
20.5	20
20.52	21
20.54	37
20.56	25
20.58	24
20.6	30
20.62	40
20.64	32
20.66	23
20.68	25
20.7	25
20.72	26
20.74	27
20.76	17
20.78	30
20.8	31
20.82	33
20.84	29
20.86	32
20.88	21
20.9	24
20.92	31
20.94	25
20.96	29
20.98	46
21	41
21.02	27
21.04	22
21.06	25
21.08	24
21.1	19
21.12	20
21.14	24
21.16	39
21.18	30
21.2	30
21.22	36
21.24	25
21.26	32
21.28	31
21.3	32
21.32	41
21.34	25
21.36	35
21.38	26
21.4	28
21.42	27
21.44	28
21.46	25
21.48	22
21.5	24
21.52	40
21.54	34
21.56	35
21.58	25
21.6	29
21.62	25
21.64	27
21.66	26
21.68	34
21.7	38
21.72	33
21.74	35
21.76	37
21.78	39
21.8	37
21.82	21
21.84	21
21.86	32
21.88	24
21.9	34
21.92	25
21.94	31
21.96	34
21.98	27
22	26
22.02	28
22.04	27
22.06	42
22.08	30
22.1	23
22.12	26
22.14	32
22.16	36
22.18	30
22.2	38
22.22	30
22.24	25
22.26	24
22.28	32
22.3	33
22.32	32
22.34	37
22.36	29
22.38	34
22.4	33
22.42	26
22.44	27
22.46	31
22.48	35
22.5	25
22.52	42
22.54	33
22.56	25
22.58	30
22.6	30
22.62	27
22.64	23
22.66	31
22.68	18
22.7	31
22.72	31
22.74	20
22.76	31
22.78	36
22.8	23
22.82	28
22.84	29
22.86	24
22.88	25
22.9	30
22.92	30
22.94	27
22.96	29
22.98	25
23	22
23.02	40
23.04	30
23.06	33
23.08	21
23.1	30
23.12	29
23.14	22
23.16	37
23.18	38
23.2	36
23.22	39
23.24	43
23.26	28
23.28	34
23.3	26
23.32	24
23.34	29
23.36	27
23.38	25
23.4	22
23.42	24
23.44	26
23.46	39
23.48	34
23.5	32
23.52	22
23.54	37
23.56	43
23.58	46
23.6	42
23.62	35
23.64	32
23.66	44
23.68	38
23.7	22
23.72	32
23.74	17
23.76	30
23.78	31
23.8	31
23.82	32
23.84	37
23.86	25
23.88	33
23.9	33
23.92	27
23.94	27
23.96	30
23.98	27
24	35
24.02	26
24.04	30
24.06	33
24.08	34
24.1	45
24.12	32
24.14	40
24.16	39
24.18	34
24.2	30
24.22	31
24.24	34
24.26	23
24.28	22
24.3	30
24.32	33
24.34	32
24.36	27
24.38	18
24.4	30
24.42	22
24.44	25
24.46	39
24.48	35
24.5	44
24.52	44
24.54	41
24.56	31
24.58	41
24.6	49
24.62	42
24.64	31
24.66	32
24.68	25
24.7	29
24.72	38
24.74	36
24.76	24
24.78	24
24.8	25
24.82	37
24.84	27
24.86	36
24.88	38
24.9	37
24.92	29
24.94	29
24.96	34
24.98	31
25	26
25.02	34
25.04	38
25.06	33
25.08	34
25.1	39
25.12	29
25.14	36
25.16	41
25.18	48
25.2	29
25.22	25
25.24	34
25.26	46
25.28	42
25.3	33
25.32	38
25.34	44
25.36	46
25.38	44
25.4	46
25.42	35
25.44	32
25.46	36
25.48	25
25.5	45
25.52	39
25.54	33
25.56	30
25.58	23
25.6	39
25.62	35
25.64	42
25.66	29
25.68	30
25.7	35
25.72	43
25.74	33
25.76	24
25.78	34
25.8	31
25.82	31
25.84	32
25.86	33
25.88	39
25.9	32
25.92	41
25.94	30
25.96	42
25.98	40
26	26
26.02	48
26.04	39
26.06	29
26.08	33
26.1	38
26.12	30
26.14	29
26.16	31
26.18	45
26.2	43
26.22	29
26.24	33
26.26	30
26.28	40
26.3	37
26.32	31
26.34	35
26.36	46
26.38	32
26.4	32
26.42	35
26.44	41
26.46	38
26.48	38
26.5	30
26.52	36
26.54	23
26.56	30
26.58	40
26.6	42
26.62	45
26.64	59
26.66	40
26.68	38
26.7	52
26.72	42
26.74	36
26.76	40
26.78	45
26.8	32
26.82	35
26.84	33
26.86	31
26.88	39
26.9	39
26.92	26
26.94	23
26.96	31
26.98	42
27	30
27.02	33
27.04	31
27.06	23
27.08	27
27.1	28
27.12	27
27.14	32
27.16	25
27.18	30
27.2	36
27.22	32
27.24	31
27.26	31
27.28	27
27.3	36
27.32	26
27.34	31
27.36	38
27.38	33
27.4	32
27.42	26
27.44	40
27.46	45
27.48	39
27.5	43
27.52	31
27.54	35
27.56	37
27.58	36
27.6	38
27.62	40
27.64	47
27.66	38
27.68	30
27.7	35
27.72	45
27.74	38
27.76	39
27.78	25
27.8	25
27.82	31
27.84	31
27.86	32
27.88	29
27.9	34
27.92	35
27.94	33
27.96	38
27.98	26
28	47
28.02	33
28.04	43
28.06	39
28.08	20
28.1	26
28.12	14
28.14	38
28.16	46
28.18	36
28.2	48
28.22	36
28.24	34
28.26	36
28.28	26
28.3	38
28.32	39
28.34	32
28.36	30
28.38	42
28.4	35
28.42	29
28.44	43
28.46	48
28.48	48
28.5	35
28.52	25
28.54	30
28.56	41
28.58	34
28.6	27
28.62	44
28.64	45
28.66	38
28.68	47
28.7	39
28.72	36
28.74	38
28.76	36
28.78	28
28.8	33
28.82	29
28.84	28
28.86	30
28.88	36
28.9	34
28.92	42
28.94	37
28.96	36
28.98	43
29	48
29.02	47
29.04	35
29.06	53
29.08	38
29.1	28
29.12	27
29.14	43
29.16	32
29.18	29
29.2	33
29.22	26
29.24	40
29.26	41
29.28	38
29.3	23
29.32	42
29.34	32
29.36	32
29.38	27
29.4	27
29.42	38
29.44	32
29.46	36
29.48	39
29.5	37
29.52	41
29.54	45
29.56	42
29.58	36
29.6	30
29.62	31
29.64	35
29.66	27
29.68	42
29.7	31
29.72	30
29.74	34
29.76	41
29.78	34
29.8	32
29.82	35
29.84	33
29.86	30
29.88	32
29.9	31
29.92	33
29.94	40
29.96	34
29.98	31
30	32
30.02	33
30.04	37
30.06	35
30.08	24
30.1	24
30.12	34
30.14	28
30.16	33
30.18	34
30.2	39
30.22	31
30.24	34
30.26	35
30.28	36
30.3	38
30.32	38
30.34	41
30.36	48
30.38	42
30.4	38
30.42	39
30.44	39
30.46	44
30.48	37
30.5	39
30.52	43
30.54	38
30.56	36
30.58	48
30.6	41
30.62	29
30.64	39
30.66	46
30.68	39
30.7	34
30.72	37
30.74	30
30.76	36
30.78	36
30.8	29
30.82	30
30.84	20
30.86	28
30.88	40
30.9	39
30.92	29
30.94	40
30.96	41
30.98	54
31	42
31.02	39
31.04	41
31.06	34
31.08	29
31.1	41
31.12	35
31.14	46
31.16	33
31.18	41
31.2	45
31.22	42
31.24	35
31.26	31
31.28	41
31.3	33
31.32	59
31.34	43
31.36	32
31.38	35
31.4	33
31.42	41
31.44	39
31.46	29
31.48	40
31.5	44
31.52	31
31.54	35
31.56	41
31.58	47
31.6	42
31.62	48
31.64	34
31.66	29
31.68	57
31.7	37
31.72	34
31.74	50
31.76	34
31.78	26
31.8	44
31.82	38
31.84	32
31.86	33
31.88	36
31.9	24
31.92	35
31.94	37
31.96	35
31.98	30
32	36
32.02	33
32.04	36
32.06	51
32.08	39
32.1	39
32.12	26
32.14	34
32.16	36
32.18	32
32.2	46
32.22	27
32.24	26
32.26	36
32.28	36
32.3	33
32.32	37
32.34	40
32.36	28
32.38	50
32.4	43
32.42	34
32.44	35
32.46	27
32.48	19
32.5	38
32.52	41
32.54	26
32.56	29
32.58	27
32.6	56
32.62	30
32.64	33
32.66	34
32.68	46
32.7	37
32.72	35
32.74	32
32.76	43
32.78	40
32.8	38
32.82	27
32.84	44
32.86	51
32.88	35
32.9	39
32.92	39
32.94	35
32.96	26
32.98	29
33	39
33.02	37
33.04	46
33.06	49
33.08	39
33.1	38
33.12	40
33.14	27
33.16	41
33.18	27
33.2	37
33.22	27
33.24	37
33.26	32
33.28	28
33.3	44
33.32	35
33.34	31
33.36	45
33.38	33
33.4	41
33.42	31
33.44	30
33.46	44
33.48	31
33.5	16
33.52	32
33.54	33
33.56	28
33.58	25
33.6	39
33.62	57
33.64	45
33.66	23
33.68	31
33.7	32
33.72	34
33.74	45
33.76	42
33.78	40
33.8	34
33.82	31
33.84	25
33.86	34
33.88	39
33.9	33
33.92	30
33.94	33
33.96	41
33.98	48
34	39
34.02	31
34.04	30
34.06	33
34.08	34
34.1	29
34.12	32
34.14	41
34.16	44
34.18	46
34.2	36
34.22	45
34.24	35
34.26	21
34.28	32
34.3	28
34.32	25
34.34	49
34.36	27
34.38	28
34.4	25
34.42	30
34.44	37
34.46	34
34.48	38
34.5	41
34.52	32
34.54	30
34.56	42
34.58	24
34.6	38
34.62	34
34.64	35
34.66	41
34.68	43
34.7	37
34.72	52
34.74	36
34.76	42
34.78	36
34.8	37
34.82	33
34.84	22
34.86	40
34.88	42
34.9	35
34.92	37
34.94	34
34.96	37
34.98	31
35	47
35.02	34
35.04	28
35.06	30
35.08	27
35.1	29
35.12	32
35.14	37
35.16	45
35.18	42
35.2	51
35.22	33
35.24	35
35.26	27
35.28	32
35.3	35
35.32	40
35.34	40
35.36	31
35.38	26
35.4	30
35.42	26
35.44	32
35.46	49
35.48	26
35.5	34
35.52	34
35.54	40
35.56	34
35.58	28
35.6	29
35.62	33
35.64	38
35.66	44
35.68	45
35.7	35
35.72	38
35.74	32
35.76	42
35.78	39
35.8	30
35.82	46
35.84	45
35.86	31
35.88	33
35.9	28
35.92	33
35.94	36
35.96	39
35.98	31
36	38
36.02	42
36.04	53
36.06	34
36.08	43
36.1	31
36.12	35
36.14	46
36.16	44
36.18	35
36.2	31
36.22	42
36.24	30
36.26	25
36.28	37
36.3	47
36.32	28
36.34	40
36.36	37
36.38	37
36.4	30
36.42	31
36.44	42
36.46	32
36.48	38
36.5	37
36.52	19
36.54	36
36.56	33
36.58	33
36.6	32
36.62	32
36.64	31
36.66	40
36.68	40
36.7	47
36.72	44
36.74	40
36.76	45
36.78	35
36.8	32
36.82	27
36.84	24
36.86	31
36.88	26
36.9	26
36.92	37
36.94	37
36.96	42
36.98	40
37	37
37.02	41
37.04	38
37.06	43
37.08	39
37.1	36
37.12	36
37.14	35
37.16	33
37.18	45
37.2	27
37.22	31
37.24	29
37.26	41
37.28	47
37.3	27
37.32	46
37.34	34
37.36	30
37.38	18
37.4	35
37.42	29
37.44	45
37.46	39
37.48	34
37.5	35
37.52	36
37.54	32
37.56	51
37.58	38
37.6	36
37.62	41
37.64	33
37.66	25
37.68	37
37.7	48
37.72	43
37.74	48
37.76	35
37.78	37
37.8	36
37.82	35
37.84	41
37.86	27
37.88	40
37.9	45
37.92	53
37.94	36
37.96	44
37.98	42
38	35
38.02	28
38.04	32
38.06	31
38.08	44
38.1	43
38.12	37
38.14	37
38.16	32
38.18	32
38.2	28
38.22	30
38.24	44
38.26	49
38.28	41
38.3	55
38.32	42
38.34	35
38.36	32
38.38	40
38.4	51
38.42	45
38.44	33
38.46	38
38.48	37
38.5	44
38.52	38
38.54	35
38.56	26
38.58	41
38.6	48
38.62	50
38.64	34
38.66	32
38.68	46
38.7	40
38.72	34
38.74	41
38.76	27
38.78	33
38.8	31
38.82	42
38.84	41
38.86	26
38.88	26
38.9	28
38.92	31
38.94	35
38.96	33
38.98	39
39	39
39.02	41
39.04	30
39.06	31
39.08	38
39.1	37
39.12	42
39.14	32
39.16	39
39.18	26
39.2	30
39.22	51
39.24	41
39.26	42
39.28	37
39.3	40
39.32	33
39.34	24
39.36	33
39.38	45
39.4	39
39.42	34
39.44	33
39.46	30
39.48	33
39.5	42
39.52	42
39.54	40
39.56	34
39.58	41
39.6	45
39.62	29
39.64	34
39.66	36
39.68	34
39.7	38
39.72	48
39.74	53
39.76	40
39.78	30
39.8	29
39.82	41
39.84	41
39.86	47
39.88	31
39.9	36
39.92	38
39.94	34
39.96	43
39.98	31
40	32
40.02	46
40.04	37
40.06	35
40.08	43
40.1	38
40.12	35
40.14	38
40.16	30
40.18	31
40.2	56
40.22	35
40.24	48
40.26	32
40.28	49
40.3	45
40.32	38
40.34	27
40.36	32
40.38	26
40.4	40
40.42	34
40.44	38
40.46	35
40.48	35
40.5	40
40.52	44
40.54	37
40.56	40
40.58	29
40.6	38
40.62	37
40.64	40
40.66	37
40.68	33
40.7	32
40.72	27
40.74	38
40.76	40
40.78	33
40.8	32
40.82	31
40.84	37
40.86	36
40.88	41
40.9	40
40.92	46
40.94	29
40.96	35
40.98	37
41	37
41.02	33
41.04	30
41.06	37
41.08	49
41.1	31
41.12	35
41.14	35
41.16	26
41.18	38
41.2	50
41.22	26
41.24	27
41.26	26
41.28	31
41.3	23
41.32	38
41.34	26
41.36	37
41.38	30
41.4	40
41.42	38
41.44	42
41.46	40
41.48	34
41.5	31
41.52	26
41.54	31
41.56	35
41.58	37
41.6	45
41.62	43
41.64	40
41.66	44
41.68	36
41.7	30
41.72	32
41.74	33
41.76	24
41.78	30
41.8	30
41.82	28
41.84	42
41.86	44
41.88	43
41.9	27
41.92	41
41.94	34
41.96	34
41.98	33
42	26
42.02	34
42.04	41
42.06	37
42.08	44
42.1	40
42.12	37
42.14	30
42.16	35
42.18	31
42.2	33
42.22	37
42.24	29
42.26	26
42.28	29
42.3	44
42.32	40
42.34	43
42.36	29
42.38	35
42.4	38
42.42	40
42.44	22
42.46	29
42.48	32
42.5	32
42.52	29
42.54	31
42.56	23
42.58	27
42.6	35
42.62	37
42.64	32
42.66	38
42.68	51
42.7	40
42.72	34
42.74	29
42.76	35
42.78	27
42.8	30
42.82	32
42.84	25
42.86	28
42.88	42
42.9	22
42.92	32
42.94	51
42.96	39
42.98	29
43	31
43.02	21
43.04	27
43.06	25
43.08	42
43.1	40
43.12	37
43.14	45
43.16	42
43.18	54
43.2	48
43.22	46
43.24	53
43.26	47
43.28	34
43.3	29
43.32	35
43.34	23
43.36	41
43.38	49
43.4	42
43.42	38
43.44	38
43.46	36
43.48	34
43.5	38
43.52	33
43.54	30
43.56	29
43.58	32
43.6	40
43.62	47
43.64	32
43.66	33
43.68	37
43.7	40
43.72	37
43.74	36
43.76	43
43.78	47
43.8	45
43.82	35
43.84	38
43.86	41
43.88	34
43.9	34
43.92	27
43.94	41
43.96	37
43.98	32
44	36
44.02	25
44.04	40
44.06	27
44.08	27
44.1	43
44.12	25
44.14	35
44.16	28
44.18	35
44.2	33
44.22	36
44.24	39
44.26	40
44.28	37
44.3	39
44.32	33
44.34	40
44.36	53
44.38	38
44.4	35
44.42	38
44.44	33
44.46	41
44.48	42
44.5	45
44.52	35
44.54	32
44.56	45
44.58	49
44.6	33
44.62	41
44.64	41
44.66	30
44.68	34
44.7	31
44.72	32
44.74	40
44.76	40
44.78	37
44.8	41
44.82	41
44.84	40
44.86	38
44.88	30
44.9	22
44.92	34
44.94	26
44.96	33
44.98	40
45	42
45.02	40
45.04	48
45.06	35
45.08	27
45.1	29
45.12	30
45.14	40
45.16	52
45.18	45
45.2	34
45.22	23
45.24	26
45.26	40
45.28	52
45.3	48
45.32	37
45.34	24
45.36	25
45.38	21
45.4	31
45.42	36
45.44	43
45.46	53
45.48	45
45.5	39
45.52	45
45.54	51
45.56	53
45.58	41
45.6	29
45.62	44
45.64	34
45.66	31
45.68	46
45.7	33
45.72	31
45.74	29
45.76	27
45.78	43
45.8	36
45.82	26
45.84	36
45.86	43
45.88	31
45.9	30
45.92	25
45.94	32
45.96	27
45.98	28
46	30
46.02	32
46.04	31
46.06	37
46.08	24
46.1	31
46.12	39
46.14	27
46.16	29
46.18	27
46.2	44
46.22	31
46.24	23
46.26	27
46.28	35
46.3	46
46.32	45
46.34	33
46.36	48
46.38	34
46.4	26
46.42	34
46.44	29
46.46	34
46.48	33
46.5	23
46.52	22
46.54	32
46.56	37
46.58	36
46.6	28
46.62	32
46.64	47
46.66	29
46.68	38
46.7	46
46.72	36
46.74	25
46.76	31
46.78	26
46.8	35
46.82	32
46.84	27
46.86	37
46.88	24
46.9	30
46.92	39
46.94	35
46.96	37
46.98	35
47	28
47.02	22
47.04	23
47.06	19
47.08	22
47.1	35
47.12	32
47.14	27
47.16	35
47.18	34
47.2	36
47.22	35
47.24	35
47.26	46
47.28	40
47.3	27
47.32	34
47.34	25
47.36	26
47.38	29
47.4	35
47.42	52
47.44	52
47.46	38
47.48	19
47.5	22
47.52	23
47.54	44
47.56	44
47.58	49
47.6	36
47.62	29
47.64	30
47.66	46
47.68	40
47.7	30
47.72	54
47.74	41
47.76	30
47.78	24
47.8	37
47.82	39
47.84	30
47.86	39
47.88	28
47.9	29
47.92	30
47.94	30
47.96	28
47.98	39
48	40
48.02	39
48.04	44
48.06	31
48.08	33
48.1	28
48.12	32
48.14	28
48.16	30
48.18	38
48.2	41
48.22	36
48.24	48
48.26	43
48.28	36
48.3	39
48.32	62
48.34	44
48.36	31
48.38	29
48.4	32
48.42	30
48.44	39
48.46	28
48.48	33
48.5	42
48.52	37
48.54	34
48.56	38
48.58	31
48.6	25
48.62	44
48.64	36
48.66	39
48.68	36
48.7	30
48.72	40
48.74	42
48.76	45
48.78	33
48.8	38
48.82	33
48.84	34
48.86	37
48.88	38
48.9	34
48.92	41
48.94	41
48.96	30
48.98	31
49	36
49.02	38
49.04	46
49.06	36
49.08	20
49.1	27
49.12	22
49.14	28
49.16	21
49.18	34
49.2	35
49.22	30
49.24	29
49.26	32
49.28	33
49.3	33
49.32	27
49.34	33
49.36	36
49.38	31
49.4	48
49.42	29
49.44	30
49.46	38
49.48	29
49.5	37
49.52	44
49.54	26
49.56	27
49.58	34
49.6	36
49.62	28
49.64	48
49.66	44
49.68	41
49.7	24
49.72	23
49.74	34
49.76	34
49.78	41
49.8	29
49.82	26
49.84	29
49.86	41
49.88	26
49.9	31
49.92	34
49.94	36
49.96	37
49.98	23
50	28
50.02	38
50.04	33
50.06	32
50.08	27
50.1	30
50.12	35
50.14	32
50.16	30
50.18	30
50.2	37
50.22	32
50.24	27
50.26	35
50.28	40
50.3	32
50.32	34
50.34	48
50.36	48
50.38	27
50.4	35
50.42	49
50.44	36
50.46	39
50.48	41
50.5	36
50.52	36
50.54	35
50.56	34
50.58	36
50.6	32
50.62	38
50.64	55
50.66	38
50.68	41
50.7	25
50.72	44
50.74	36
50.76	22
50.78	26
50.8	26
50.82	30
50.84	36
50.86	29
50.88	44
50.9	46
50.92	40
50.94	38
50.96	38
50.98	23
51	45
51.02	30
51.04	37
51.06	41
51.08	29
51.1	28
51.12	29
51.14	29
51.16	22
51.18	22
51.2	36
51.22	37
51.24	29
51.26	34
51.28	38
51.3	30
51.32	28
51.34	31
51.36	44
51.38	35
51.4	32
51.42	22
51.44	25
51.46	22
51.48	32
51.5	23
51.52	36
51.54	32
51.56	41
51.58	36
51.6	24
51.62	34
51.64	24
51.66	33
51.68	28
51.7	20
51.72	24
51.74	28
51.76	30
51.78	38
51.8	43
51.82	21
51.84	23
51.86	36
51.88	33
51.9	51
51.92	45
51.94	43
51.96	29
51.98	28
52	35
52.02	43
52.04	33
52.06	29
52.08	37
52.1	41
52.12	35
52.14	28
52.16	33
52.18	36
52.2	33
52.22	32
52.24	26
52.26	32
52.28	36
52.3	31
52.32	31
52.34	37
52.36	26
52.38	30
52.4	37
52.42	31
52.44	33
52.46	26
52.48	39
52.5	31
52.52	29
52.54	23
52.56	31
52.58	19
52.6	19
52.62	28
52.64	32
52.66	31
52.68	41
52.7	43
52.72	30
52.74	28
52.76	38
52.78	42
52.8	29
52.82	20
52.84	31
52.86	26
52.88	20
52.9	33
52.92	21
52.94	22
52.96	36
52.98	37
53	31
53.02	22
53.04	30
53.06	24
53.08	28
53.1	26
53.12	32
53.14	32
53.16	32
53.18	34
53.2	19
53.22	22
53.24	34
53.26	32
53.28	27
53.3	21
53.32	23
53.34	32
53.36	37
53.38	32
53.4	30
53.42	27
53.44	38
53.46	37
53.48	27
53.5	43
53.52	38
53.54	27
53.56	21
53.58	25
53.6	31
53.62	35
53.64	31
53.66	20
53.68	26
53.7	31
53.72	42
53.74	27
53.76	21
53.78	28
53.8	30
53.82	28
53.84	26
53.86	36
53.88	37
53.9	27
53.92	35
53.94	61
53.96	28
53.98	28
54	27
54.02	28
54.04	31
54.06	16
54.08	29
54.1	28
54.12	26
54.14	32
54.16	38
54.18	28
54.2	31
54.22	34
54.24	36
54.26	36
54.28	35
54.3	35
54.32	28
54.34	38
54.36	21
54.38	24
54.4	27
54.42	34
54.44	31
54.46	32
54.48	27
54.5	31
54.52	39
54.54	39
54.56	36
54.58	33
54.6	31
54.62	31
54.64	23
54.66	25
54.68	27
54.7	35
54.72	34
54.74	27
54.76	36
54.78	30
54.8	32
54.82	29
54.84	28
54.86	30
54.88	24
54.9	21
54.92	29
54.94	24
54.96	23
54.98	21
55	32
55.02	29
55.04	37
55.06	37
55.08	40
55.1	41
55.12	26
55.14	18
55.16	20
55.18	26
55.2	19
55.22	35
55.24	28
55.26	29
55.28	29
55.3	32
55.32	23
55.34	29
55.36	26
55.38	26
55.4	22
55.42	24
55.44	28
55.46	33
55.48	36
55.5	29
55.52	25
55.54	25
55.56	28
55.58	22
55.6	31
55.62	33
55.64	34
55.66	30
55.68	28
55.7	38
55.72	35
55.74	33
55.76	33
55.78	33
55.8	23
55.82	25
55.84	31
55.86	26
55.88	33
55.9	29
55.92	36
55.94	34
55.96	54
55.98	32
56	36
56.02	38
56.04	32
56.06	30
56.08	36
56.1	23
56.12	46
56.14	32
56.16	31
56.18	31
56.2	22
56.22	32
56.24	31
56.26	28
56.28	26
56.3	33
56.32	27
56.34	20
56.36	23
56.38	34
56.4	25
56.42	30
56.44	31
56.46	32
56.48	35
56.5	28
56.52	26
56.54	32
56.56	38
56.58	33
56.6	36
56.62	38
56.64	41
56.66	19
56.68	34
56.7	29
56.72	28
56.74	32
56.76	31
56.78	24
56.8	26
56.82	22
56.84	22
56.86	18
56.88	35
56.9	23
56.92	20
56.94	18
56.96	37
56.98	29
57	29
57.02	27
57.04	32
57.06	31
57.08	35
57.1	34
57.12	31
57.14	30
57.16	31
57.18	23
57.2	30
57.22	24
57.24	28
57.26	29
57.28	36
57.3	44
57.32	33
57.34	24
57.36	37
57.38	31
57.4	36
57.42	39
57.44	24
57.46	24
57.48	28
57.5	26
57.52	23
57.54	35
57.56	36
57.58	30
57.6	32
57.62	30
57.64	19
57.66	24
57.68	24
57.7	33
57.72	38
57.74	19
57.76	19
57.78	26
57.8	28
57.82	27
57.84	33
57.86	29
57.88	35
57.9	34
57.92	24
57.94	27
57.96	32
57.98	29
58	21
58.02	33
58.04	23
58.06	33
58.08	30
58.1	28
58.12	39
58.14	32
58.16	35
58.18	28
58.2	33
58.22	26
58.24	23
58.26	27
58.28	27
58.3	32
58.32	21
58.34	14
58.36	28
58.38	26
58.4	18
58.42	22
58.44	16
58.46	27
58.48	23
58.5	24
58.52	32
58.54	30
58.56	35
58.58	33
58.6	29
58.62	24
58.64	25
58.66	28
58.68	22
58.7	24
58.72	40
58.74	34
58.76	32
58.78	23
58.8	38
58.82	32
58.84	29
58.86	26
58.88	15
58.9	26
58.92	22
58.94	22
58.96	21
58.98	30
59	29
59.02	29
59.04	24
59.06	24
59.08	34
59.1	34
59.12	36
59.14	32
59.16	34
59.18	32
59.2	29
59.22	36
59.24	31
59.26	31
59.28	23
59.3	18
59.32	25
59.34	27
59.36	27
59.38	28
59.4	23
59.42	28
59.44	39
59.46	32
59.48	24
59.5	30
59.52	17
59.54	28
59.56	27
59.58	27
59.6	30
59.62	33
59.64	31
59.66	23
59.68	24
59.7	27
59.72	23
59.74	24
59.76	29
59.78	27
59.8	29
59.82	30
59.84	21
59.86	20
59.88	29
59.9	35
59.92	38
59.94	34
59.96	28
59.98	16
60	21
60.02	32
60.04	25
60.06	18
60.08	17
60.1	39
60.12	31
60.14	28
60.16	30
60.18	35
60.2	35
60.22	35
60.24	32
60.26	34
60.28	22
60.3	23
60.32	27
60.34	23
60.36	31
60.38	34
60.4	29
60.42	24
60.44	19
60.46	22
60.48	20
60.5	25
60.52	25
60.54	27
60.56	24
60.58	24
60.6	41
60.62	32
60.64	29
60.66	16
60.68	18
60.7	24
60.72	20
60.74	30
60.76	29
60.78	18
60.8	25
60.82	30
60.84	33
60.86	32
60.88	26
60.9	18
60.92	20
60.94	28
60.96	21
60.98	21
61	21
61.02	22
61.04	28
61.06	22
61.08	23
61.1	21
61.12	23
61.14	33
61.16	26
61.18	24
61.2	22
61.22	21
61.24	34
61.26	25
61.28	25
61.3	26
61.32	27
61.34	32
61.36	23
61.38	21
61.4	29
61.42	24
61.44	24
61.46	25
61.48	23
61.5	19
61.52	32
61.54	34
61.56	23
61.58	30
61.6	23
61.62	22
61.64	19
61.66	29
61.68	32
61.7	34
61.72	22
61.74	26
61.76	17
61.78	25
61.8	29
61.82	20
61.84	10
61.86	24
61.88	15
61.9	31
61.92	28
61.94	22
61.96	21
61.98	22
62	23
62.02	21
62.04	22
62.06	27
62.08	25
62.1	37
62.12	22
62.14	18
62.16	22
62.18	23
62.2	20
62.22	16
62.24	24
62.26	28
62.28	29
62.3	31
62.32	36
62.34	27
62.36	34
62.38	33
62.4	21
62.42	29
62.44	22
62.46	35
62.48	22
62.5	35
62.52	25
62.54	33
62.56	28
62.58	29
62.6	25
62.62	28
62.64	27
62.66	24
62.68	29
62.7	27
62.72	17
62.74	25
62.76	26
62.78	27
62.8	31
62.82	26
62.84	28
62.86	33
62.88	28
62.9	26
62.92	30
62.94	23
62.96	24
62.98	28
63	17
63.02	16
63.04	30
63.06	33
63.08	24
63.1	19
63.12	25
63.14	28
63.16	28
63.18	26
63.2	23
63.22	28
63.24	35
63.26	35
63.28	35
63.3	33
63.32	24
63.34	30
63.36	27
63.38	28
63.4	29
63.42	24
63.44	20
63.46	28
63.48	30
63.5	26
63.52	21
63.54	30
63.56	32
63.58	23
63.6	31
63.62	29
63.64	19
63.66	25
63.68	31
63.7	27
63.72	14
63.74	26
63.76	31
63.78	31
63.8	30
63.82	16
63.84	36
63.86	24
63.88	22
63.9	34
63.92	23
63.94	30
63.96	27
63.98	18
64	18
64.02	19
64.04	28
64.06	29
64.08	33
64.1	42
64.12	43
64.14	34
64.16	30
64.18	28
64.2	34
64.22	25
64.24	36
64.26	34
64.28	36
64.3	24
64.32	23
64.34	14
64.36	23
64.38	35
64.4	27
64.42	22
64.44	23
64.46	27
64.48	34
64.5	21
64.52	25
64.54	17
64.56	28
64.58	25
64.6	21
64.62	28
64.64	19
64.66	25
64.68	25
64.7	37
64.72	30
64.74	24
64.76	23
64.78	27
64.8	18
64.82	24
64.84	30
64.86	15
64.88	21
64.9	17
64.92	15
64.94	22
64.96	24
64.98	20
65	20
65.02	26
65.04	27
65.06	24
65.08	24
65.1	24
65.12	24
65.14	22
65.16	17
65.18	24
65.2	31
65.22	23
65.24	44
65.26	28
65.28	25
65.3	24
65.32	27
65.34	19
65.36	27
65.38	24
65.4	27
65.42	20
65.44	24
65.46	20
65.48	14
65.5	19
65.52	13
65.54	30
65.56	37
65.58	29
65.6	36
65.62	31
65.64	32
65.66	16
65.68	22
65.7	26
65.72	20
65.74	15
65.76	27
65.78	39
65.8	22
65.82	19
65.84	20
65.86	17
65.88	29
65.9	24
65.92	19
65.94	25
65.96	34
65.98	28
66	30
66.02	26
66.04	21
66.06	30
66.08	29
66.1	31
66.12	33
66.14	32
66.16	29
66.18	31
66.2	24
66.22	30
66.24	29
66.26	22
66.28	18
66.3	27
66.32	31
66.34	16
66.36	24
66.38	23
66.4	24
66.42	22
66.44	26
66.46	35
66.48	26
66.5	25
66.52	25
66.54	25
66.56	27
66.58	24
66.6	19
66.62	36
66.64	29
66.66	24
66.68	22
66.7	26
66.72	24
66.74	32
66.76	23
66.78	24
66.8	33
66.82	33
66.84	39
66.86	18
66.88	21
66.9	27
66.92	34
66.94	25
66.96	33
66.98	24
67	24
67.02	30
67.04	29
67.06	21
67.08	32
67.1	30
67.12	27
67.14	24
67.16	24
67.18	31
67.2	31
67.22	35
67.24	36
67.26	23
67.28	31
67.3	31
67.32	28
67.34	23
67.36	35
67.38	25
67.4	30
67.42	29
67.44	28
67.46	22
67.48	29
67.5	23
67.52	25
67.54	19
67.56	22
67.58	26
67.6	14
67.62	21
67.64	22
67.66	16
67.68	27
67.7	36
67.72	26
67.74	17
67.76	23
67.78	25
67.8	16
67.82	19
67.84	30
67.86	20
67.88	29
67.9	23
67.92	27
67.94	18
67.96	33
67.98	36
68	11
68.02	13
68.04	23
68.06	24
68.08	29
68.1	30
68.12	34
68.14	36
68.16	31
68.18	31
68.2	26
68.22	19
68.24	25
68.26	18
68.28	22
68.3	18
68.32	26
68.34	21
68.36	18
68.38	33
68.4	23
68.42	25
68.44	27
68.46	29
68.48	13
68.5	20
68.52	18
68.54	28
68.56	25
68.58	28
68.6	19
68.62	28
68.64	30
68.66	22
68.68	29
68.7	24
68.72	18
68.74	30
68.76	43
68.78	29
68.8	26
68.82	30
68.84	34
68.86	13
68.88	18
68.9	26
68.92	25
68.94	20
68.96	27
68.98	36
69	36
69.02	30
69.04	37
69.06	32
69.08	28
69.1	29
69.12	24
69.14	16
69.16	16
69.18	14
69.2	15
69.22	24
69.24	18
69.26	27
69.28	26
69.3	32
69.32	24
69.34	23
69.36	23
69.38	19
69.4	25
69.42	19
69.44	29
69.46	37
69.48	34
69.5	23
69.52	20
69.54	30
69.56	26
69.58	22
69.6	20
69.62	21
69.64	21
69.66	19
69.68	26
69.7	18
69.72	26
69.74	22
69.76	35
69.78	23
69.8	23
69.82	30
69.84	28
69.86	36
69.88	32
69.9	27
69.92	22
69.94	32
69.96	25
69.98	13
70	18
70.02	20
70.04	33
70.06	30
70.08	30
70.1	24
70.12	9
70.14	27
70.16	33
70.18	24
70.2	20
70.22	21
70.24	16
70.26	17
70.28	25
70.3	19
70.32	15
70.34	26
70.36	25
70.38	23
70.4	24
70.42	17
70.44	27
70.46	19
70.48	15
70.5	14
70.52	16
70.54	13
70.56	21
70.58	23
70.6	13
70.62	10
70.64	21
70.66	23
70.68	18
70.7	17
70.72	16
70.74	30
70.76	19
70.78	19
70.8	30
70.82	20
70.84	28
70.86	29
70.88	25
70.9	31
70.92	24
70.94	24
70.96	27
70.98	19
71	24
71.02	20
71.04	26
71.06	18
71.08	33
71.1	23
71.12	17
71.14	23
71.16	18
71.18	25
71.2	25
71.22	13
71.24	16
71.26	14
71.28	25
71.3	14
71.32	21
71.34	17
71.36	30
71.38	23
71.4	26
71.42	23
71.44	35
71.46	33
71.48	29
71.5	31
71.52	22
71.54	23
71.56	18
71.58	26
71.6	27
71.62	24
71.64	18
71.66	22
71.68	21
71.7	27
71.72	24
71.74	20
71.76	21
71.78	25
71.8	20
71.82	11
71.84	15
71.86	26
71.88	27
71.9	22
71.92	17
71.94	18
71.96	26
71.98	35
72	24
72.02	27
72.04	27
72.06	28
72.08	24
72.1	24
72.12	25
72.14	25
72.16	20
72.18	21
72.2	34
72.22	18
72.24	21
72.26	21
72.28	31
72.3	26
72.32	28
72.34	23
72.36	22
72.38	22
72.4	17
72.42	25
72.44	23
72.46	24
72.48	14
72.5	15
72.52	39
72.54	25
72.56	26
72.58	18
72.6	17
72.62	14
72.64	26
72.66	24
72.68	29
72.7	29
72.72	23
72.74	22
72.76	25
72.78	25
72.8	20
72.82	23
72.84	24
72.86	26
72.88	23
72.9	25
72.92	26
72.94	17
72.96	21
72.98	16
73	30
73.02	26
73.04	19
73.06	24
73.08	19
73.1	26
73.12	31
73.14	29
73.16	29
73.18	26
73.2	20
73.22	24
73.24	24
73.26	17
73.28	19
73.3	16
73.32	23
73.34	19
73.36	31
73.38	29
73.4	21
73.42	30
73.44	26
73.46	23
73.48	23
73.5	27
73.52	19
73.54	21
73.56	13
73.58	18
73.6	22
73.62	29
73.64	36
73.66	24
73.68	21
73.7	21
73.72	31
73.74	26
73.76	29
73.78	21
73.8	18
73.82	14
73.84	23
73.86	37
73.88	33
73.9	23
73.92	30
73.94	23
73.96	18
73.98	14
74	21
74.02	19
74.04	19
74.06	16
74.08	16
74.1	18
74.12	13
74.14	22
74.16	33
74.18	34
74.2	18
74.22	16
74.24	30
74.26	32
74.28	24
74.3	21
74.32	19
74.34	24
74.36	15
74.38	34
74.4	17
74.42	24
74.44	21
74.46	20
74.48	25
74.5	25
74.52	19
74.54	18
74.56	30
74.58	25
74.6	29
74.62	14
74.64	19
74.66	20
74.68	29
74.7	30
74.72	15
74.74	24
74.76	28
74.78	25
74.8	38
74.82	21
74.84	20
74.86	21
74.88	28
74.9	22
74.92	19
74.94	21
74.96	21
74.98	25
