Counter Settings:
Falling Edge
Disc Threshold [V]	-0.301514
Dwell time [s]	2.000000E-8
Number of channels	3750
Number of Scans	50000

D2
v 0
J 8
29.0V 3.27A
Au 788C
Knnew  ?C
Kn  e-2mbar (base 1.5e-2)
x=35mm y=35.5mm z=512mm
D2/RGA 9.5e-11 torr (base 1.8e-11)
500: 1.0e-8 mbar
100: 2.1e-9 mbar
FFR heater 4.0A 1.28V
extra heater 3.0A 0.6V
Extractor: -30V
Lens: -1200V
MCP: -2100V
Laser Position	203.099607

Laser Power [mJ]	0.925298
Time [µs]	Counts
0	82346
0.02	27193
0.04	487
0.06	210
0.08	238
0.1	102
0.12	35
0.14	22
0.16	30
0.18	31
0.2	37
0.22	47
0.24	74
0.26	106
0.28	148
0.3	155
0.32	128
0.34	118
0.36	125
0.38	175
0.4	193
0.42	193
0.44	185
0.46	159
0.48	152
0.5	123
0.52	102
0.54	88
0.56	93
0.58	114
0.6	128
0.62	128
0.64	147
0.66	186
0.68	155
0.7	128
0.72	161
0.74	183
0.76	256
0.78	293
0.8	315
0.82	350
0.84	394
0.86	412
0.88	421
0.9	503
0.92	587
0.94	605
0.96	708
0.98	803
1	1035
1.02	1167
1.04	1410
1.06	1482
1.08	1501
1.1	1314
1.12	1037
1.14	786
1.16	592
1.18	501
1.2	448
1.22	358
1.24	343
1.26	359
1.28	344
1.3	307
1.32	317
1.34	297
1.36	319
1.38	286
1.4	316
1.42	289
1.44	236
1.46	227
1.48	245
1.5	185
1.52	141
1.54	138
1.56	121
1.58	116
1.6	105
1.62	86
1.64	67
1.66	73
1.68	61
1.7	50
1.72	65
1.74	65
1.76	71
1.78	78
1.8	60
1.82	44
1.84	58
1.86	57
1.88	61
1.9	51
1.92	59
1.94	66
1.96	73
1.98	63
2	57
2.02	57
2.04	57
2.06	51
2.08	62
2.1	79
2.12	64
2.14	61
2.16	65
2.18	73
2.2	61
2.22	56
2.24	50
2.26	48
2.28	63
2.3	63
2.32	56
2.34	65
2.36	48
2.38	33
2.4	36
2.42	38
2.44	44
2.46	34
2.48	32
2.5	33
2.52	38
2.54	35
2.56	29
2.58	33
2.6	39
2.62	28
2.64	39
2.66	39
2.68	41
2.7	34
2.72	26
2.74	33
2.76	31
2.78	20
2.8	17
2.82	24
2.84	17
2.86	17
2.88	21
2.9	28
2.92	25
2.94	27
2.96	28
2.98	29
3	31
3.02	21
3.04	34
3.06	31
3.08	30
3.1	19
3.12	40
3.14	18
3.16	31
3.18	32
3.2	38
3.22	24
3.24	25
3.26	24
3.28	27
3.3	23
3.32	33
3.34	34
3.36	23
3.38	27
3.4	20
3.42	25
3.44	34
3.46	20
3.48	21
3.5	18
3.52	31
3.54	28
3.56	32
3.58	27
3.6	28
3.62	17
3.64	24
3.66	23
3.68	45
3.7	37
3.72	30
3.74	25
3.76	24
3.78	30
3.8	24
3.82	26
3.84	39
3.86	34
3.88	22
3.9	18
3.92	22
3.94	23
3.96	23
3.98	32
4	39
4.02	47
4.04	46
4.06	44
4.08	36
4.1	40
4.12	42
4.14	34
4.16	39
4.18	52
4.2	47
4.22	33
4.24	26
4.26	38
4.28	47
4.3	47
4.32	40
4.34	39
4.36	44
4.38	49
4.4	45
4.42	38
4.44	46
4.46	43
4.48	45
4.5	48
4.52	28
4.54	49
4.56	46
4.58	34
4.6	42
4.62	43
4.64	37
4.66	32
4.68	43
4.7	54
4.72	40
4.74	31
4.76	27
4.78	34
4.8	48
4.82	58
4.84	56
4.86	35
4.88	36
4.9	52
4.92	44
4.94	38
4.96	44
4.98	43
5	46
5.02	54
5.04	55
5.06	52
5.08	57
5.1	42
5.12	53
5.14	36
5.16	40
5.18	41
5.2	56
5.22	59
5.24	53
5.26	55
5.28	62
5.3	53
5.32	47
5.34	40
5.36	55
5.38	55
5.4	60
5.42	57
5.44	51
5.46	59
5.48	62
5.5	58
5.52	62
5.54	67
5.56	78
5.58	67
5.6	68
5.62	66
5.64	53
5.66	56
5.68	78
5.7	76
5.72	52
5.74	55
5.76	50
5.78	42
5.8	44
5.82	67
5.84	88
5.86	67
5.88	60
5.9	61
5.92	60
5.94	49
5.96	55
5.98	55
6	58
6.02	53
6.04	66
6.06	63
6.08	42
6.1	43
6.12	54
6.14	58
6.16	63
6.18	64
6.2	72
6.22	49
6.24	48
6.26	63
6.28	85
6.3	67
6.32	58
6.34	72
6.36	91
6.38	70
6.4	67
6.42	61
6.44	49
6.46	68
6.48	60
6.5	55
6.52	81
6.54	81
6.56	63
6.58	65
6.6	72
6.62	66
6.64	72
6.66	81
6.68	71
6.7	75
6.72	99
6.74	80
6.76	87
6.78	85
6.8	91
6.82	76
6.84	81
6.86	68
6.88	64
6.9	64
6.92	78
6.94	78
6.96	73
6.98	58
7	61
7.02	74
7.04	76
7.06	73
7.08	73
7.1	70
7.12	58
7.14	61
7.16	78
7.18	76
7.2	75
7.22	73
7.24	65
7.26	66
7.28	75
7.3	105
7.32	93
7.34	76
7.36	66
7.38	72
7.4	90
7.42	93
7.44	81
7.46	76
7.48	80
7.5	98
7.52	99
7.54	92
7.56	119
7.58	79
7.6	76
7.62	86
7.64	79
7.66	59
7.68	68
7.7	65
7.72	78
7.74	98
7.76	85
7.78	79
7.8	65
7.82	61
7.84	72
7.86	80
7.88	64
7.9	72
7.92	48
7.94	45
7.96	78
7.98	67
8	70
8.02	67
8.04	64
8.06	84
8.08	86
8.1	72
8.12	89
8.14	72
8.16	76
8.18	74
8.2	66
8.22	64
8.24	75
8.26	69
8.28	65
8.3	56
8.32	63
8.34	77
8.36	80
8.38	70
8.4	70
8.42	71
8.44	69
8.46	44
8.48	66
8.5	66
8.52	73
8.54	73
8.56	64
8.58	56
8.6	62
8.62	67
8.64	65
8.66	56
8.68	66
8.7	67
8.72	64
8.74	70
8.76	53
8.78	67
8.8	79
8.82	74
8.84	65
8.86	62
8.88	56
8.9	52
8.92	54
8.94	56
8.96	63
8.98	55
9	59
9.02	57
9.04	60
9.06	53
9.08	60
9.1	63
9.12	55
9.14	46
9.16	42
9.18	66
9.2	61
9.22	51
9.24	63
9.26	65
9.28	54
9.3	58
9.32	56
9.34	56
9.36	70
9.38	50
9.4	42
9.42	60
9.44	67
9.46	52
9.48	51
9.5	33
9.52	47
9.54	59
9.56	69
9.58	51
9.6	57
9.62	65
9.64	53
9.66	59
9.68	73
9.7	55
9.72	45
9.74	55
9.76	71
9.78	47
9.8	32
9.82	51
9.84	49
9.86	45
9.88	52
9.9	62
9.92	61
9.94	51
9.96	45
9.98	43
10	43
10.02	36
10.04	29
10.06	35
10.08	29
10.1	31
10.12	42
10.14	43
10.16	42
10.18	35
10.2	41
10.22	46
10.24	44
10.26	46
10.28	37
10.3	40
10.32	31
10.34	47
10.36	39
10.38	36
10.4	41
10.42	31
10.44	28
10.46	38
10.48	41
10.5	47
10.52	43
10.54	35
10.56	35
10.58	23
10.6	28
10.62	38
10.64	40
10.66	31
10.68	34
10.7	31
10.72	46
10.74	57
10.76	53
10.78	42
10.8	50
10.82	39
10.84	37
10.86	34
10.88	40
10.9	29
10.92	35
10.94	25
10.96	21
10.98	35
11	34
11.02	22
11.04	24
11.06	30
11.08	21
11.1	19
11.12	25
11.14	23
11.16	18
11.18	22
11.2	42
11.22	28
11.24	39
11.26	41
11.28	32
11.3	32
11.32	34
11.34	28
11.36	33
11.38	34
11.4	42
11.42	34
11.44	28
11.46	40
11.48	39
11.5	29
11.52	31
11.54	30
11.56	30
11.58	26
11.6	25
11.62	23
11.64	19
11.66	34
11.68	41
11.7	31
11.72	31
11.74	25
11.76	27
11.78	44
11.8	28
11.82	35
11.84	29
11.86	17
11.88	25
11.9	24
11.92	32
11.94	28
11.96	41
11.98	37
12	42
12.02	40
12.04	31
12.06	29
12.08	25
12.1	28
12.12	29
12.14	30
12.16	29
12.18	26
12.2	29
12.22	29
12.24	20
12.26	32
12.28	25
12.3	31
12.32	38
12.34	26
12.36	32
12.38	31
12.4	27
12.42	23
12.44	20
12.46	30
12.48	24
12.5	31
12.52	34
12.54	31
12.56	31
12.58	21
12.6	24
12.62	27
12.64	29
12.66	29
12.68	45
12.7	42
12.72	18
12.74	38
12.76	34
12.78	25
12.8	30
12.82	28
12.84	12
12.86	21
12.88	21
12.9	34
12.92	29
12.94	32
12.96	23
12.98	28
13	29
13.02	26
13.04	29
13.06	25
13.08	17
13.1	24
13.12	29
13.14	26
13.16	28
13.18	39
13.2	28
13.22	27
13.24	23
13.26	22
13.28	23
13.3	34
13.32	27
13.34	16
13.36	24
13.38	34
13.4	36
13.42	30
13.44	39
13.46	27
13.48	28
13.5	28
13.52	24
13.54	24
13.56	28
13.58	36
13.6	36
13.62	35
13.64	38
13.66	30
13.68	37
13.7	28
13.72	35
13.74	27
13.76	26
13.78	29
13.8	32
13.82	30
13.84	29
13.86	36
13.88	35
13.9	24
13.92	28
13.94	19
13.96	20
13.98	30
14	38
14.02	33
14.04	28
14.06	48
14.08	35
14.1	29
14.12	31
14.14	36
14.16	43
14.18	34
14.2	34
14.22	30
14.24	30
14.26	28
14.28	25
14.3	41
14.32	39
14.34	39
14.36	31
14.38	33
14.4	31
14.42	31
14.44	29
14.46	19
14.48	35
14.5	28
14.52	28
14.54	25
14.56	25
14.58	35
14.6	27
14.62	21
14.64	17
14.66	30
14.68	34
14.7	38
14.72	35
14.74	36
14.76	35
14.78	23
14.8	18
14.82	22
14.84	15
14.86	28
14.88	24
14.9	23
14.92	27
14.94	23
14.96	32
14.98	24
15	17
15.02	23
15.04	37
15.06	36
15.08	31
15.1	40
15.12	41
15.14	25
15.16	21
15.18	24
15.2	27
15.22	29
15.24	27
15.26	28
15.28	45
15.3	47
15.32	27
15.34	32
15.36	25
15.38	37
15.4	34
15.42	23
15.44	31
15.46	28
15.48	31
15.5	26
15.52	29
15.54	24
15.56	34
15.58	43
15.6	32
15.62	27
15.64	26
15.66	26
15.68	39
15.7	44
15.72	37
15.74	39
15.76	32
15.78	31
15.8	33
15.82	34
15.84	34
15.86	42
15.88	37
15.9	38
15.92	23
15.94	30
15.96	30
15.98	20
16	27
16.02	27
16.04	27
16.06	18
16.08	27
16.1	24
16.12	30
16.14	26
16.16	33
16.18	27
16.2	25
16.22	23
16.24	27
16.26	26
16.28	37
16.3	26
16.32	31
16.34	41
16.36	32
16.38	30
16.4	33
16.42	35
16.44	37
16.46	34
16.48	39
16.5	28
16.52	20
16.54	18
16.56	34
16.58	31
16.6	41
16.62	39
16.64	44
16.66	21
16.68	26
16.7	28
16.72	39
16.74	36
16.76	25
16.78	25
16.8	32
16.82	36
16.84	35
16.86	29
16.88	29
16.9	22
16.92	26
16.94	23
16.96	33
16.98	32
17	31
17.02	35
17.04	13
17.06	23
17.08	26
17.1	25
17.12	21
17.14	28
17.16	29
17.18	28
17.2	36
17.22	29
17.24	29
17.26	34
17.28	32
17.3	30
17.32	21
17.34	25
17.36	25
17.38	35
17.4	25
17.42	21
17.44	22
17.46	30
17.48	38
17.5	32
17.52	29
17.54	39
17.56	35
17.58	31
17.6	22
17.62	24
17.64	28
17.66	33
17.68	26
17.7	25
17.72	33
17.74	23
17.76	23
17.78	24
17.8	24
17.82	29
17.84	21
17.86	26
17.88	39
17.9	39
17.92	32
17.94	32
17.96	23
17.98	26
18	31
18.02	39
18.04	31
18.06	27
18.08	18
18.1	24
18.12	36
18.14	31
18.16	35
18.18	33
18.2	30
18.22	28
18.24	20
18.26	31
18.28	25
18.3	29
18.32	25
18.34	33
18.36	38
18.38	26
18.4	30
18.42	24
18.44	37
18.46	33
18.48	17
18.5	23
18.52	18
18.54	26
18.56	30
18.58	26
18.6	25
18.62	21
18.64	33
18.66	27
18.68	23
18.7	32
18.72	37
18.74	41
18.76	40
18.78	27
18.8	20
18.82	31
18.84	25
18.86	25
18.88	26
18.9	29
18.92	28
18.94	39
18.96	34
18.98	28
19	35
19.02	22
19.04	31
19.06	34
19.08	23
19.1	26
19.12	28
19.14	16
19.16	24
19.18	27
19.2	40
19.22	20
19.24	21
19.26	26
19.28	33
19.3	29
19.32	32
19.34	42
19.36	26
19.38	21
19.4	22
19.42	20
19.44	22
19.46	34
19.48	37
19.5	27
19.52	42
19.54	30
19.56	24
19.58	35
19.6	33
19.62	34
19.64	33
19.66	26
19.68	32
19.7	15
19.72	29
19.74	35
19.76	20
19.78	29
19.8	37
19.82	33
19.84	24
19.86	30
19.88	29
19.9	30
19.92	16
19.94	28
19.96	24
19.98	37
20	25
20.02	24
20.04	22
20.06	37
20.08	39
20.1	21
20.12	20
20.14	32
20.16	26
20.18	29
20.2	39
20.22	36
20.24	36
20.26	30
20.28	25
20.3	30
20.32	41
20.34	33
20.36	30
20.38	42
20.4	38
20.42	22
20.44	34
20.46	37
20.48	40
20.5	48
20.52	41
20.54	31
20.56	38
20.58	19
20.6	30
20.62	36
20.64	32
20.66	37
20.68	22
20.7	30
20.72	20
20.74	25
20.76	23
20.78	11
20.8	38
20.82	37
20.84	25
20.86	39
20.88	33
20.9	25
20.92	53
20.94	34
20.96	35
20.98	26
21	23
21.02	30
21.04	42
21.06	31
21.08	42
21.1	38
21.12	24
21.14	37
21.16	29
21.18	25
21.2	24
21.22	27
21.24	26
21.26	30
21.28	27
21.3	29
21.32	45
21.34	40
21.36	50
21.38	27
21.4	22
21.42	32
21.44	40
21.46	39
21.48	35
21.5	21
21.52	20
21.54	28
21.56	33
21.58	22
21.6	22
21.62	27
21.64	39
21.66	36
21.68	43
21.7	43
21.72	31
21.74	29
21.76	30
21.78	39
21.8	42
21.82	47
21.84	33
21.86	27
21.88	22
21.9	30
21.92	37
21.94	30
21.96	25
21.98	23
22	22
22.02	33
22.04	31
22.06	36
22.08	44
22.1	26
22.12	22
22.14	25
22.16	33
22.18	38
22.2	29
22.22	26
22.24	24
22.26	20
22.28	39
22.3	31
22.32	36
22.34	33
22.36	26
22.38	22
22.4	32
22.42	28
22.44	30
22.46	25
22.48	23
22.5	36
22.52	38
22.54	31
22.56	23
22.58	36
22.6	38
22.62	48
22.64	46
22.66	29
22.68	25
22.7	30
22.72	26
22.74	41
22.76	37
22.78	23
22.8	32
22.82	32
22.84	37
22.86	22
22.88	33
22.9	37
22.92	35
22.94	19
22.96	31
22.98	28
23	36
23.02	38
23.04	15
23.06	23
23.08	38
23.1	39
23.12	27
23.14	31
23.16	25
23.18	27
23.2	18
23.22	27
23.24	26
23.26	19
23.28	31
23.3	44
23.32	33
23.34	33
23.36	31
23.38	35
23.4	41
23.42	34
23.44	30
23.46	37
23.48	37
23.5	42
23.52	43
23.54	31
23.56	36
23.58	53
23.6	39
23.62	42
23.64	55
23.66	40
23.68	31
23.7	34
23.72	29
23.74	33
23.76	31
23.78	28
23.8	29
23.82	26
23.84	31
23.86	35
23.88	40
23.9	43
23.92	28
23.94	24
23.96	38
23.98	33
24	36
24.02	46
24.04	35
24.06	40
24.08	36
24.1	32
24.12	39
24.14	51
24.16	36
24.18	33
24.2	51
24.22	33
24.24	35
24.26	40
24.28	32
24.3	35
24.32	35
24.34	31
24.36	24
24.38	33
24.4	38
24.42	39
24.44	36
24.46	33
24.48	29
24.5	39
24.52	38
24.54	42
24.56	39
24.58	40
24.6	25
24.62	47
24.64	44
24.66	43
24.68	49
24.7	42
24.72	39
24.74	29
24.76	31
24.78	34
24.8	37
24.82	34
24.84	31
24.86	40
24.88	54
24.9	40
24.92	48
24.94	41
24.96	38
24.98	33
25	23
25.02	34
25.04	33
25.06	30
25.08	38
25.1	35
25.12	42
25.14	43
25.16	21
25.18	24
25.2	26
25.22	36
25.24	27
25.26	30
25.28	45
25.3	39
25.32	33
25.34	41
25.36	31
25.38	32
25.4	31
25.42	34
25.44	42
25.46	37
25.48	40
25.5	24
25.52	24
25.54	31
25.56	31
25.58	33
25.6	29
25.62	27
25.64	45
25.66	39
25.68	41
25.7	28
25.72	36
25.74	38
25.76	28
25.78	21
25.8	27
25.82	29
25.84	35
25.86	34
25.88	38
25.9	33
25.92	46
25.94	49
25.96	44
25.98	36
26	24
26.02	32
26.04	52
26.06	34
26.08	38
26.1	42
26.12	38
26.14	35
26.16	38
26.18	30
26.2	26
26.22	30
26.24	33
26.26	36
26.28	39
26.3	26
26.32	32
26.34	41
26.36	38
26.38	39
26.4	37
26.42	35
26.44	36
26.46	36
26.48	31
26.5	47
26.52	36
26.54	29
26.56	36
26.58	37
26.6	38
26.62	42
26.64	53
26.66	40
26.68	59
26.7	49
26.72	32
26.74	37
26.76	41
26.78	36
26.8	37
26.82	48
26.84	51
26.86	46
26.88	40
26.9	48
26.92	46
26.94	40
26.96	38
26.98	43
27	48
27.02	48
27.04	32
27.06	35
27.08	35
27.1	31
27.12	27
27.14	42
27.16	44
27.18	41
27.2	33
27.22	35
27.24	33
27.26	30
27.28	34
27.3	41
27.32	36
27.34	38
27.36	32
27.38	31
27.4	27
27.42	32
27.44	43
27.46	34
27.48	55
27.5	37
27.52	37
27.54	34
27.56	24
27.58	38
27.6	35
27.62	30
27.64	30
27.66	39
27.68	40
27.7	21
27.72	30
27.74	57
27.76	54
27.78	50
27.8	50
27.82	32
27.84	43
27.86	38
27.88	34
27.9	31
27.92	33
27.94	43
27.96	25
27.98	36
28	44
28.02	44
28.04	29
28.06	25
28.08	40
28.1	41
28.12	36
28.14	26
28.16	40
28.18	35
28.2	33
28.22	25
28.24	21
28.26	32
28.28	38
28.3	31
28.32	25
28.34	25
28.36	29
28.38	36
28.4	33
28.42	44
28.44	55
28.46	33
28.48	31
28.5	38
28.52	33
28.54	33
28.56	35
28.58	26
28.6	29
28.62	30
28.64	37
28.66	48
28.68	46
28.7	29
28.72	30
28.74	55
28.76	53
28.78	42
28.8	31
28.82	37
28.84	39
28.86	47
28.88	40
28.9	50
28.92	35
28.94	36
28.96	48
28.98	37
29	36
29.02	38
29.04	36
29.06	38
29.08	34
29.1	39
29.12	43
29.14	49
29.16	32
29.18	32
29.2	39
29.22	36
29.24	32
29.26	41
29.28	42
29.3	50
29.32	43
29.34	51
29.36	45
29.38	41
29.4	41
29.42	37
29.44	54
29.46	34
29.48	34
29.5	38
29.52	36
29.54	52
29.56	45
29.58	48
29.6	38
29.62	34
29.64	33
29.66	41
29.68	42
29.7	33
29.72	42
29.74	21
29.76	25
29.78	32
29.8	36
29.82	30
29.84	23
29.86	31
29.88	39
29.9	34
29.92	29
29.94	27
29.96	33
29.98	29
30	41
30.02	31
30.04	40
30.06	40
30.08	57
30.1	40
30.12	32
30.14	36
30.16	37
30.18	36
30.2	47
30.22	28
30.24	30
30.26	33
30.28	34
30.3	38
30.32	55
30.34	49
30.36	30
30.38	25
30.4	40
30.42	45
30.44	48
30.46	44
30.48	31
30.5	39
30.52	43
30.54	37
30.56	38
30.58	57
30.6	39
30.62	43
30.64	30
30.66	37
30.68	30
30.7	27
30.72	28
30.74	31
30.76	38
30.78	34
30.8	34
30.82	39
30.84	52
30.86	36
30.88	35
30.9	36
30.92	39
30.94	48
30.96	37
30.98	43
31	36
31.02	36
31.04	28
31.06	35
31.08	56
31.1	35
31.12	33
31.14	37
31.16	48
31.18	30
31.2	37
31.22	44
31.24	38
31.26	42
31.28	60
31.3	63
31.32	37
31.34	35
31.36	42
31.38	44
31.4	49
31.42	28
31.44	32
31.46	26
31.48	32
31.5	33
31.52	32
31.54	44
31.56	32
31.58	35
31.6	32
31.62	51
31.64	50
31.66	45
31.68	39
31.7	31
31.72	32
31.74	49
31.76	50
31.78	49
31.8	40
31.82	39
31.84	46
31.86	36
31.88	26
31.9	32
31.92	44
31.94	39
31.96	32
31.98	32
32	36
32.02	42
32.04	42
32.06	35
32.08	33
32.1	28
32.12	29
32.14	32
32.16	36
32.18	36
32.2	38
32.22	36
32.24	35
32.26	30
32.28	39
32.3	36
32.32	41
32.34	30
32.36	42
32.38	34
32.4	35
32.42	39
32.44	25
32.46	36
32.48	42
32.5	36
32.52	39
32.54	29
32.56	39
32.58	41
32.6	35
32.62	36
32.64	26
32.66	33
32.68	30
32.7	30
32.72	39
32.74	39
32.76	45
32.78	45
32.8	41
32.82	33
32.84	26
32.86	29
32.88	40
32.9	28
32.92	35
32.94	41
32.96	35
32.98	42
33	53
33.02	40
33.04	41
33.06	32
33.08	29
33.1	36
33.12	54
33.14	45
33.16	39
33.18	44
33.2	27
33.22	28
33.24	34
33.26	40
33.28	41
33.3	32
33.32	57
33.34	47
33.36	39
33.38	45
33.4	43
33.42	32
33.44	36
33.46	43
33.48	40
33.5	31
33.52	32
33.54	30
33.56	43
33.58	36
33.6	29
33.62	36
33.64	32
33.66	27
33.68	34
33.7	40
33.72	33
33.74	42
33.76	30
33.78	35
33.8	41
33.82	31
33.84	34
33.86	27
33.88	30
33.9	42
33.92	38
33.94	29
33.96	40
33.98	37
34	38
34.02	37
34.04	29
34.06	33
34.08	41
34.1	41
34.12	43
34.14	44
34.16	33
34.18	30
34.2	36
34.22	35
34.24	29
34.26	33
34.28	42
34.3	44
34.32	40
34.34	45
34.36	39
34.38	34
34.4	41
34.42	37
34.44	30
34.46	35
34.48	46
34.5	58
34.52	42
34.54	22
34.56	41
34.58	36
34.6	29
34.62	31
34.64	22
34.66	20
34.68	32
34.7	32
34.72	35
34.74	27
34.76	23
34.78	27
34.8	34
34.82	32
34.84	35
34.86	30
34.88	35
34.9	40
34.92	39
34.94	36
34.96	29
34.98	33
35	38
35.02	48
35.04	41
35.06	41
35.08	33
35.1	28
35.12	31
35.14	33
35.16	41
35.18	51
35.2	48
35.22	43
35.24	51
35.26	37
35.28	31
35.3	36
35.32	48
35.34	53
35.36	41
35.38	42
35.4	42
35.42	51
35.44	39
35.46	32
35.48	40
35.5	34
35.52	33
35.54	33
35.56	52
35.58	44
35.6	45
35.62	39
35.64	38
35.66	31
35.68	36
35.7	29
35.72	29
35.74	38
35.76	38
35.78	40
35.8	38
35.82	26
35.84	27
35.86	32
35.88	21
35.9	32
35.92	30
35.94	27
35.96	38
35.98	38
36	23
36.02	35
36.04	43
36.06	48
36.08	35
36.1	35
36.12	35
36.14	26
36.16	26
36.18	32
36.2	36
36.22	48
36.24	44
36.26	32
36.28	38
36.3	42
36.32	42
36.34	33
36.36	41
36.38	32
36.4	37
36.42	35
36.44	32
36.46	35
36.48	35
36.5	43
36.52	47
36.54	39
36.56	41
36.58	41
36.6	36
36.62	30
36.64	29
36.66	43
36.68	50
36.7	48
36.72	36
36.74	42
36.76	33
36.78	41
36.8	36
36.82	38
36.84	29
36.86	34
36.88	40
36.9	40
36.92	32
36.94	43
36.96	36
36.98	42
37	44
37.02	35
37.04	45
37.06	25
37.08	27
37.1	26
37.12	37
37.14	36
37.16	39
37.18	47
37.2	41
37.22	42
37.24	41
37.26	41
37.28	30
37.3	33
37.32	34
37.34	40
37.36	42
37.38	41
37.4	50
37.42	35
37.44	43
37.46	54
37.48	38
37.5	26
37.52	33
37.54	36
37.56	49
37.58	52
37.6	59
37.62	40
37.64	39
37.66	34
37.68	37
37.7	24
37.72	39
37.74	43
37.76	43
37.78	44
37.8	37
37.82	30
37.84	39
37.86	46
37.88	56
37.9	43
37.92	43
37.94	35
37.96	30
37.98	33
38	35
38.02	42
38.04	46
38.06	36
38.08	50
38.1	30
38.12	41
38.14	45
38.16	46
38.18	31
38.2	38
38.22	39
38.24	38
38.26	31
38.28	28
38.3	24
38.32	23
38.34	45
38.36	53
38.38	41
38.4	41
38.42	47
38.44	31
38.46	43
38.48	40
38.5	30
38.52	30
38.54	45
38.56	48
38.58	46
38.6	51
38.62	32
38.64	29
38.66	28
38.68	39
38.7	44
38.72	39
38.74	42
38.76	39
38.78	40
38.8	30
38.82	42
38.84	28
38.86	22
38.88	25
38.9	34
38.92	38
38.94	36
38.96	29
38.98	49
39	35
39.02	38
39.04	39
39.06	41
39.08	29
39.1	29
39.12	33
39.14	38
39.16	48
39.18	40
39.2	77
39.22	56
39.24	31
39.26	27
39.28	40
39.3	46
39.32	46
39.34	45
39.36	42
39.38	37
39.4	30
39.42	27
39.44	32
39.46	35
39.48	31
39.5	45
39.52	39
39.54	35
39.56	35
39.58	37
39.6	38
39.62	25
39.64	32
39.66	30
39.68	36
39.7	45
39.72	44
39.74	27
39.76	45
39.78	30
39.8	33
39.82	27
39.84	33
39.86	32
39.88	54
39.9	46
39.92	35
39.94	41
39.96	39
39.98	42
40	36
40.02	14
40.04	24
40.06	38
40.08	30
40.1	30
40.12	18
40.14	35
40.16	37
40.18	43
40.2	52
40.22	55
40.24	38
40.26	39
40.28	40
40.3	34
40.32	45
40.34	48
40.36	43
40.38	47
40.4	42
40.42	33
40.44	39
40.46	39
40.48	57
40.5	44
40.52	32
40.54	50
40.56	43
40.58	30
40.6	27
40.62	38
40.64	32
40.66	45
40.68	51
40.7	45
40.72	37
40.74	22
40.76	27
40.78	35
40.8	31
40.82	35
40.84	37
40.86	35
40.88	49
40.9	41
40.92	45
40.94	33
40.96	38
40.98	41
41	47
41.02	34
41.04	31
41.06	41
41.08	47
41.1	51
41.12	43
41.14	41
41.16	35
41.18	34
41.2	48
41.22	52
41.24	34
41.26	31
41.28	31
41.3	30
41.32	36
41.34	51
41.36	46
41.38	44
41.4	51
41.42	53
41.44	37
41.46	29
41.48	48
41.5	53
41.52	47
41.54	35
41.56	30
41.58	36
41.6	33
41.62	37
41.64	33
41.66	28
41.68	38
41.7	34
41.72	32
41.74	35
41.76	51
41.78	34
41.8	29
41.82	29
41.84	25
41.86	37
41.88	43
41.9	42
41.92	31
41.94	34
41.96	37
41.98	44
42	52
42.02	35
42.04	41
42.06	34
42.08	45
42.1	47
42.12	27
42.14	41
42.16	45
42.18	23
42.2	35
42.22	49
42.24	36
42.26	45
42.28	35
42.3	38
42.32	34
42.34	41
42.36	39
42.38	34
42.4	40
42.42	32
42.44	40
42.46	39
42.48	30
42.5	24
42.52	34
42.54	29
42.56	52
42.58	36
42.6	34
42.62	30
42.64	30
42.66	31
42.68	23
42.7	30
42.72	44
42.74	34
42.76	36
42.78	25
42.8	26
42.82	40
42.84	38
42.86	25
42.88	34
42.9	41
42.92	28
42.94	26
42.96	31
42.98	26
43	35
43.02	40
43.04	35
43.06	38
43.08	48
43.1	38
43.12	42
43.14	30
43.16	48
43.18	45
43.2	38
43.22	37
43.24	40
43.26	37
43.28	42
43.3	45
43.32	41
43.34	28
43.36	37
43.38	32
43.4	31
43.42	38
43.44	45
43.46	53
43.48	31
43.5	32
43.52	44
43.54	44
43.56	43
43.58	37
43.6	39
43.62	35
43.64	37
43.66	29
43.68	45
43.7	40
43.72	43
43.74	34
43.76	37
43.78	26
43.8	34
43.82	27
43.84	42
43.86	37
43.88	48
43.9	38
43.92	36
43.94	39
43.96	36
43.98	41
44	44
44.02	37
44.04	33
44.06	27
44.08	32
44.1	50
44.12	39
44.14	36
44.16	41
44.18	42
44.2	39
44.22	29
44.24	18
44.26	19
44.28	40
44.3	38
44.32	41
44.34	44
44.36	33
44.38	25
44.4	34
44.42	38
44.44	32
44.46	29
44.48	44
44.5	35
44.52	37
44.54	38
44.56	39
44.58	37
44.6	34
44.62	40
44.64	41
44.66	35
44.68	35
44.7	48
44.72	35
44.74	36
44.76	47
44.78	40
44.8	39
44.82	36
44.84	41
44.86	26
44.88	31
44.9	51
44.92	50
44.94	43
44.96	40
44.98	39
45	43
45.02	34
45.04	36
45.06	35
45.08	31
45.1	41
45.12	43
45.14	40
45.16	29
45.18	29
45.2	30
45.22	41
45.24	45
45.26	42
45.28	41
45.3	32
45.32	34
45.34	41
45.36	27
45.38	37
45.4	40
45.42	30
45.44	43
45.46	28
45.48	33
45.5	42
45.52	40
45.54	30
45.56	37
45.58	41
45.6	33
45.62	27
45.64	36
45.66	28
45.68	44
45.7	32
45.72	29
45.74	36
45.76	49
45.78	32
45.8	44
45.82	42
45.84	38
45.86	44
45.88	42
45.9	44
45.92	36
45.94	32
45.96	32
45.98	36
46	21
46.02	19
46.04	23
46.06	44
46.08	31
46.1	25
46.12	22
46.14	29
46.16	45
46.18	38
46.2	38
46.22	39
46.24	24
46.26	27
46.28	37
46.3	38
46.32	36
46.34	36
46.36	38
46.38	37
46.4	29
46.42	26
46.44	40
46.46	38
46.48	32
46.5	30
46.52	37
46.54	39
46.56	41
46.58	24
46.6	40
46.62	30
46.64	28
46.66	46
46.68	43
46.7	40
46.72	43
46.74	28
46.76	31
46.78	34
46.8	44
46.82	36
46.84	46
46.86	41
46.88	36
46.9	35
46.92	30
46.94	28
46.96	43
46.98	34
47	37
47.02	39
47.04	42
47.06	40
47.08	44
47.1	44
47.12	34
47.14	26
47.16	32
47.18	35
47.2	27
47.22	30
47.24	34
47.26	33
47.28	33
47.3	33
47.32	31
47.34	37
47.36	28
47.38	19
47.4	33
47.42	28
47.44	35
47.46	37
47.48	34
47.5	37
47.52	32
47.54	39
47.56	33
47.58	35
47.6	35
47.62	43
47.64	31
47.66	32
47.68	48
47.7	38
47.72	33
47.74	29
47.76	23
47.78	32
47.8	36
47.82	46
47.84	41
47.86	38
47.88	38
47.9	41
47.92	32
47.94	27
47.96	41
47.98	37
48	29
48.02	35
48.04	38
48.06	33
48.08	29
48.1	37
48.12	24
48.14	29
48.16	40
48.18	32
48.2	23
48.22	17
48.24	27
48.26	27
48.28	27
48.3	27
48.32	39
48.34	37
48.36	33
48.38	32
48.4	34
48.42	33
48.44	26
48.46	32
48.48	30
48.5	27
48.52	30
48.54	28
48.56	27
48.58	45
48.6	40
48.62	33
48.64	29
48.66	32
48.68	30
48.7	38
48.72	37
48.74	35
48.76	37
48.78	34
48.8	37
48.82	42
48.84	28
48.86	23
48.88	27
48.9	30
48.92	27
48.94	30
48.96	23
48.98	39
49	32
49.02	26
49.04	25
49.06	34
49.08	28
49.1	34
49.12	32
49.14	43
49.16	31
49.18	36
49.2	44
49.22	42
49.24	29
49.26	42
49.28	47
49.3	37
49.32	37
49.34	32
49.36	19
49.38	27
49.4	27
49.42	24
49.44	33
49.46	29
49.48	32
49.5	25
49.52	37
49.54	25
49.56	33
49.58	32
49.6	34
49.62	36
49.64	37
49.66	32
49.68	33
49.7	36
49.72	25
49.74	39
49.76	52
49.78	48
49.8	42
49.82	34
49.84	35
49.86	35
49.88	36
49.9	30
49.92	31
49.94	30
49.96	30
49.98	33
50	33
50.02	41
50.04	34
50.06	33
50.08	24
50.1	33
50.12	43
50.14	33
50.16	37
50.18	27
50.2	26
50.22	39
50.24	32
50.26	32
50.28	37
50.3	36
50.32	34
50.34	31
50.36	44
50.38	42
50.4	37
50.42	36
50.44	44
50.46	32
50.48	29
50.5	23
50.52	34
50.54	22
50.56	36
50.58	28
50.6	32
50.62	45
50.64	52
50.66	37
50.68	36
50.7	27
50.72	34
50.74	30
50.76	28
50.78	23
50.8	28
50.82	26
50.84	24
50.86	33
50.88	37
50.9	43
50.92	41
50.94	32
50.96	56
50.98	37
51	22
51.02	30
51.04	49
51.06	27
51.08	27
51.1	33
51.12	26
51.14	21
51.16	18
51.18	29
51.2	34
51.22	30
51.24	30
51.26	42
51.28	33
51.3	39
51.32	42
51.34	33
51.36	37
51.38	32
51.4	26
51.42	30
51.44	43
51.46	39
51.48	34
51.5	37
51.52	43
51.54	26
51.56	27
51.58	27
51.6	34
51.62	36
51.64	25
51.66	24
51.68	29
51.7	20
51.72	26
51.74	30
51.76	36
51.78	25
51.8	29
51.82	39
51.84	33
51.86	20
51.88	34
51.9	32
51.92	32
51.94	30
51.96	31
51.98	26
52	35
52.02	41
52.04	36
52.06	29
52.08	24
52.1	30
52.12	26
52.14	28
52.16	27
52.18	34
52.2	34
52.22	32
52.24	29
52.26	32
52.28	37
52.3	33
52.32	43
52.34	50
52.36	46
52.38	49
52.4	37
52.42	35
52.44	34
52.46	24
52.48	34
52.5	26
52.52	45
52.54	44
52.56	29
52.58	29
52.6	25
52.62	32
52.64	36
52.66	32
52.68	34
52.7	33
52.72	35
52.74	40
52.76	23
52.78	17
52.8	24
52.82	30
52.84	27
52.86	25
52.88	33
52.9	42
52.92	30
52.94	33
52.96	34
52.98	33
53	35
53.02	39
53.04	38
53.06	37
53.08	39
53.1	32
53.12	30
53.14	36
53.16	44
53.18	36
53.2	38
53.22	34
53.24	38
53.26	30
53.28	32
53.3	30
53.32	34
53.34	32
53.36	27
53.38	23
53.4	20
53.42	36
53.44	28
53.46	27
53.48	27
53.5	25
53.52	36
53.54	31
53.56	26
53.58	28
53.6	29
53.62	31
53.64	38
53.66	28
53.68	21
53.7	27
53.72	31
53.74	34
53.76	39
53.78	37
53.8	37
53.82	26
53.84	28
53.86	24
53.88	21
53.9	27
53.92	26
53.94	34
53.96	37
53.98	35
54	26
54.02	34
54.04	39
54.06	28
54.08	21
54.1	27
54.12	30
54.14	25
54.16	29
54.18	31
54.2	40
54.22	36
54.24	28
54.26	25
54.28	27
54.3	37
54.32	47
54.34	18
54.36	30
54.38	21
54.4	25
54.42	28
54.44	33
54.46	38
54.48	26
54.5	25
54.52	25
54.54	36
54.56	30
54.58	26
54.6	33
54.62	32
54.64	35
54.66	29
54.68	37
54.7	37
54.72	30
54.74	27
54.76	33
54.78	24
54.8	27
54.82	16
54.84	22
54.86	38
54.88	42
54.9	25
54.92	27
54.94	29
54.96	25
54.98	28
55	23
55.02	28
55.04	36
55.06	28
55.08	44
55.1	38
55.12	32
55.14	30
55.16	31
55.18	38
55.2	26
55.22	35
55.24	26
55.26	13
55.28	26
55.3	26
55.32	33
55.34	31
55.36	49
55.38	39
55.4	28
55.42	18
55.44	22
55.46	22
55.48	39
55.5	17
55.52	28
55.54	33
55.56	28
55.58	28
55.6	26
55.62	27
55.64	31
55.66	41
55.68	36
55.7	35
55.72	22
55.74	25
55.76	24
55.78	25
55.8	43
55.82	28
55.84	34
55.86	30
55.88	29
55.9	34
55.92	26
55.94	31
55.96	33
55.98	30
56	20
56.02	26
56.04	40
56.06	32
56.08	28
56.1	38
56.12	50
56.14	23
56.16	26
56.18	30
56.2	25
56.22	28
56.24	30
56.26	35
56.28	39
56.3	37
56.32	29
56.34	32
56.36	29
56.38	22
56.4	31
56.42	28
56.44	27
56.46	22
56.48	30
56.5	22
56.52	23
56.54	28
56.56	32
56.58	40
56.6	33
56.62	32
56.64	24
56.66	25
56.68	29
56.7	30
56.72	21
56.74	30
56.76	37
56.78	43
56.8	31
56.82	33
56.84	24
56.86	32
56.88	30
56.9	35
56.92	34
56.94	36
56.96	34
56.98	31
57	27
57.02	44
57.04	36
57.06	30
57.08	26
57.1	32
57.12	33
57.14	22
57.16	23
57.18	39
57.2	50
57.22	32
57.24	22
57.26	23
57.28	22
57.3	24
57.32	21
57.34	28
57.36	32
57.38	39
57.4	33
57.42	33
57.44	23
57.46	26
57.48	34
57.5	26
57.52	29
57.54	28
57.56	23
57.58	28
57.6	34
57.62	35
57.64	32
57.66	24
57.68	21
57.7	26
57.72	22
57.74	23
57.76	30
57.78	33
57.8	29
57.82	18
57.84	42
57.86	32
57.88	28
57.9	22
57.92	16
57.94	19
57.96	25
57.98	28
58	27
58.02	24
58.04	22
58.06	27
58.08	34
58.1	29
58.12	25
58.14	30
58.16	30
58.18	33
58.2	31
58.22	21
58.24	26
58.26	31
58.28	46
58.3	31
58.32	26
58.34	13
58.36	29
58.38	23
58.4	23
58.42	22
58.44	29
58.46	28
58.48	48
58.5	30
58.52	39
58.54	27
58.56	24
58.58	21
58.6	18
58.62	27
58.64	26
58.66	18
58.68	21
58.7	34
58.72	30
58.74	27
58.76	29
58.78	26
58.8	32
58.82	39
58.84	26
58.86	19
58.88	27
58.9	32
58.92	29
58.94	26
58.96	25
58.98	29
59	28
59.02	30
59.04	38
59.06	26
59.08	31
59.1	23
59.12	24
59.14	35
59.16	25
59.18	28
59.2	30
59.22	29
59.24	24
59.26	28
59.28	32
59.3	41
59.32	21
59.34	17
59.36	26
59.38	25
59.4	26
59.42	27
59.44	39
59.46	27
59.48	25
59.5	31
59.52	22
59.54	20
59.56	23
59.58	34
59.6	32
59.62	34
59.64	36
59.66	32
59.68	36
59.7	26
59.72	26
59.74	28
59.76	34
59.78	25
59.8	23
59.82	29
59.84	25
59.86	24
59.88	32
59.9	25
59.92	35
59.94	38
59.96	31
59.98	26
60	29
60.02	23
60.04	18
60.06	16
60.08	29
60.1	23
60.12	30
60.14	33
60.16	30
60.18	22
60.2	31
60.22	24
60.24	27
60.26	24
60.28	19
60.3	24
60.32	37
60.34	27
60.36	27
60.38	21
60.4	22
60.42	17
60.44	15
60.46	22
60.48	35
60.5	27
60.52	22
60.54	23
60.56	21
60.58	24
60.6	20
60.62	31
60.64	26
60.66	38
60.68	26
60.7	15
60.72	26
60.74	35
60.76	29
60.78	24
60.8	29
60.82	25
60.84	38
60.86	36
60.88	21
60.9	28
60.92	27
60.94	37
60.96	24
60.98	27
61	29
61.02	26
61.04	21
61.06	24
61.08	28
61.1	24
61.12	29
61.14	24
61.16	20
61.18	30
61.2	26
61.22	20
61.24	34
61.26	31
61.28	18
61.3	17
61.32	28
61.34	29
61.36	36
61.38	31
61.4	29
61.42	35
61.44	19
61.46	16
61.48	23
61.5	23
61.52	30
61.54	22
61.56	21
61.58	29
61.6	31
61.62	26
61.64	23
61.66	22
61.68	18
61.7	32
61.72	31
61.74	29
61.76	30
61.78	26
61.8	25
61.82	25
61.84	20
61.86	26
61.88	24
61.9	30
61.92	34
61.94	21
61.96	24
61.98	21
62	18
62.02	27
62.04	26
62.06	40
62.08	27
62.1	29
62.12	26
62.14	30
62.16	27
62.18	29
62.2	25
62.22	31
62.24	28
62.26	31
62.28	35
62.3	22
62.32	34
62.34	22
62.36	24
62.38	30
62.4	33
62.42	33
62.44	40
62.46	26
62.48	20
62.5	23
62.52	12
62.54	19
62.56	30
62.58	25
62.6	18
62.62	23
62.64	20
62.66	29
62.68	28
62.7	31
62.72	24
62.74	24
62.76	17
62.78	20
62.8	32
62.82	25
62.84	21
62.86	17
62.88	21
62.9	23
62.92	28
62.94	32
62.96	21
62.98	33
63	38
63.02	20
63.04	24
63.06	27
63.08	25
63.1	21
63.12	25
63.14	23
63.16	27
63.18	24
63.2	24
63.22	19
63.24	48
63.26	45
63.28	37
63.3	24
63.32	24
63.34	33
63.36	29
63.38	33
63.4	39
63.42	35
63.44	29
63.46	18
63.48	16
63.5	26
63.52	28
63.54	33
63.56	18
63.58	26
63.6	28
63.62	25
63.64	25
63.66	30
63.68	29
63.7	25
63.72	19
63.74	24
63.76	23
63.78	15
63.8	18
63.82	23
63.84	30
63.86	25
63.88	20
63.9	19
63.92	26
63.94	32
63.96	20
63.98	28
64	27
64.02	16
64.04	21
64.06	29
64.08	25
64.1	17
64.12	30
64.14	31
64.16	26
64.18	25
64.2	25
64.22	30
64.24	23
64.26	22
64.28	29
64.3	27
64.32	26
64.34	24
64.36	28
64.38	21
64.4	21
64.42	21
64.44	27
64.46	23
64.48	25
64.5	33
64.52	31
64.54	33
64.56	21
64.58	28
64.6	34
64.62	25
64.64	29
64.66	24
64.68	15
64.7	21
64.72	28
64.74	31
64.76	22
64.78	23
64.8	25
64.82	25
64.84	36
64.86	26
64.88	26
64.9	26
64.92	27
64.94	27
64.96	34
64.98	25
65	27
65.02	32
65.04	20
65.06	33
65.08	22
65.1	22
65.12	24
65.14	21
65.16	22
65.18	17
65.2	21
65.22	20
65.24	26
65.26	21
65.28	28
65.3	27
65.32	25
65.34	29
65.36	24
65.38	29
65.4	21
65.42	22
65.44	27
65.46	21
65.48	22
65.5	19
65.52	28
65.54	19
65.56	25
65.58	26
65.6	25
65.62	25
65.64	34
65.66	25
65.68	27
65.7	30
65.72	31
65.74	22
65.76	22
65.78	31
65.8	32
65.82	36
65.84	31
65.86	24
65.88	27
65.9	21
65.92	26
65.94	14
65.96	18
65.98	13
66	14
66.02	18
66.04	22
66.06	18
66.08	25
66.1	26
66.12	25
66.14	23
66.16	24
66.18	16
66.2	26
66.22	31
66.24	28
66.26	32
66.28	25
66.3	25
66.32	27
66.34	24
66.36	13
66.38	18
66.4	19
66.42	31
66.44	27
66.46	31
66.48	27
66.5	12
66.52	15
66.54	14
66.56	20
66.58	23
66.6	24
66.62	17
66.64	26
66.66	27
66.68	23
66.7	21
66.72	16
66.74	14
66.76	17
66.78	28
66.8	29
66.82	20
66.84	19
66.86	21
66.88	28
66.9	21
66.92	25
66.94	28
66.96	23
66.98	21
67	22
67.02	26
67.04	17
67.06	17
67.08	23
67.1	19
67.12	20
67.14	17
67.16	22
67.18	19
67.2	18
67.22	26
67.24	23
67.26	27
67.28	31
67.3	26
67.32	30
67.34	21
67.36	20
67.38	24
67.4	22
67.42	24
67.44	31
67.46	21
67.48	41
67.5	21
67.52	20
67.54	27
67.56	26
67.58	25
67.6	24
67.62	34
67.64	33
67.66	30
67.68	24
67.7	31
67.72	34
67.74	16
67.76	25
67.78	23
67.8	28
67.82	24
67.84	20
67.86	24
67.88	23
67.9	31
67.92	19
67.94	19
67.96	15
67.98	26
68	21
68.02	23
68.04	28
68.06	24
68.08	17
68.1	14
68.12	17
68.14	27
68.16	36
68.18	26
68.2	28
68.22	25
68.24	23
68.26	17
68.28	27
68.3	23
68.32	21
68.34	27
68.36	20
68.38	21
68.4	20
68.42	21
68.44	18
68.46	20
68.48	29
68.5	27
68.52	14
68.54	18
68.56	27
68.58	16
68.6	11
68.62	15
68.64	26
68.66	21
68.68	34
68.7	26
68.72	21
68.74	19
68.76	28
68.78	15
68.8	23
68.82	28
68.84	26
68.86	32
68.88	27
68.9	20
68.92	18
68.94	32
68.96	36
68.98	33
69	17
69.02	26
69.04	43
69.06	24
69.08	12
69.1	22
69.12	21
69.14	18
69.16	23
69.18	29
69.2	24
69.22	18
69.24	19
69.26	30
69.28	22
69.3	26
69.32	20
69.34	20
69.36	32
69.38	30
69.4	22
69.42	19
69.44	21
69.46	31
69.48	24
69.5	19
69.52	18
69.54	24
69.56	23
69.58	19
69.6	16
69.62	19
69.64	19
69.66	27
69.68	30
69.7	18
69.72	19
69.74	13
69.76	21
69.78	19
69.8	18
69.82	31
69.84	28
69.86	24
69.88	25
69.9	10
69.92	11
69.94	17
69.96	26
69.98	30
70	23
70.02	24
70.04	19
70.06	12
70.08	31
70.1	38
70.12	19
70.14	15
70.16	22
70.18	32
70.2	19
70.22	26
70.24	25
70.26	21
70.28	17
70.3	23
70.32	15
70.34	14
70.36	20
70.38	15
70.4	22
70.42	25
70.44	22
70.46	30
70.48	23
70.5	20
70.52	38
70.54	36
70.56	30
70.58	17
70.6	24
70.62	23
70.64	24
70.66	25
70.68	20
70.7	19
70.72	14
70.74	20
70.76	12
70.78	18
70.8	30
70.82	26
70.84	22
70.86	26
70.88	25
70.9	23
70.92	27
70.94	21
70.96	23
70.98	24
71	25
71.02	20
71.04	25
71.06	25
71.08	25
71.1	16
71.12	18
71.14	19
71.16	26
71.18	26
71.2	24
71.22	13
71.24	24
71.26	22
71.28	22
71.3	21
71.32	22
71.34	31
71.36	32
71.38	30
71.4	30
71.42	30
71.44	37
71.46	18
71.48	25
71.5	19
71.52	17
71.54	24
71.56	20
71.58	21
71.6	15
71.62	23
71.64	30
71.66	19
71.68	19
71.7	30
71.72	22
71.74	20
71.76	21
71.78	25
71.8	19
71.82	12
71.84	22
71.86	21
71.88	17
71.9	16
71.92	24
71.94	19
71.96	17
71.98	24
72	26
72.02	18
72.04	23
72.06	27
72.08	20
72.1	25
72.12	20
72.14	18
72.16	21
72.18	24
72.2	25
72.22	17
72.24	24
72.26	19
72.28	32
72.3	30
72.32	32
72.34	16
72.36	19
72.38	26
72.4	25
72.42	20
72.44	25
72.46	23
72.48	33
72.5	29
72.52	21
72.54	23
72.56	17
72.58	14
72.6	26
72.62	20
72.64	18
72.66	26
72.68	27
72.7	26
72.72	25
72.74	20
72.76	26
72.78	24
72.8	20
72.82	20
72.84	18
72.86	23
72.88	24
72.9	26
72.92	23
72.94	21
72.96	29
72.98	28
73	18
73.02	25
73.04	24
73.06	20
73.08	24
73.1	25
73.12	21
73.14	16
73.16	22
73.18	23
73.2	27
73.22	33
73.24	23
73.26	16
73.28	20
73.3	23
73.32	19
73.34	24
73.36	21
73.38	17
73.4	26
73.42	19
73.44	17
73.46	11
73.48	15
73.5	22
73.52	25
73.54	26
73.56	13
73.58	12
73.6	25
73.62	28
73.64	26
73.66	22
73.68	30
73.7	25
73.72	28
73.74	24
73.76	15
73.78	16
73.8	24
73.82	16
73.84	17
73.86	19
73.88	27
73.9	22
73.92	20
73.94	17
73.96	21
73.98	25
74	24
74.02	19
74.04	43
74.06	32
74.08	13
74.1	21
74.12	23
74.14	23
74.16	27
74.18	27
74.2	22
74.22	20
74.24	31
74.26	29
74.28	26
74.3	27
74.32	30
74.34	30
74.36	11
74.38	20
74.4	23
74.42	16
74.44	20
74.46	21
74.48	24
74.5	17
74.52	27
74.54	26
74.56	16
74.58	15
74.6	15
74.62	16
74.64	20
74.66	14
74.68	20
74.7	21
74.72	23
74.74	28
74.76	24
74.78	20
74.8	11
74.82	23
74.84	17
74.86	18
74.88	18
74.9	18
74.92	17
74.94	16
74.96	19
74.98	26
