Counter Settings:
Falling Edge
Disc Threshold [V]	-0.301514
Dwell time [s]	2.000000E-8
Number of channels	3750
Number of Scans	50000

D2
v 0
J 8
28.9V 3.28A
Au 788C
Knnew  ?C
Kn  e-2mbar (base 1.5e-2)
x=35mm y=35.5mm z=512mm
D2/RGA 9.5e-11 torr (base 1.8e-11)
500: 1.0e-8 mbar
100: 1.8e-9 mbar
FFR heater 4.0A 1.29V
extra heater 3.0A 0.6V
Extractor: -30V
Lens: -1200V
MCP: -2100V
Laser Position	203.099607

Laser Power [mJ]	0.919302
Time [µs]	Counts
0	82091
0.02	24778
0.04	437
0.06	224
0.08	284
0.1	154
0.12	40
0.14	28
0.16	23
0.18	32
0.2	50
0.22	63
0.24	85
0.26	112
0.28	136
0.3	141
0.32	126
0.34	112
0.36	150
0.38	158
0.4	184
0.42	193
0.44	170
0.46	152
0.48	131
0.5	153
0.52	118
0.54	105
0.56	101
0.58	73
0.6	108
0.62	148
0.64	189
0.66	170
0.68	166
0.7	141
0.72	141
0.74	172
0.76	219
0.78	257
0.8	352
0.82	399
0.84	390
0.86	432
0.88	474
0.9	560
0.92	579
0.94	597
0.96	760
0.98	880
1	1078
1.02	1298
1.04	1477
1.06	1540
1.08	1487
1.1	1289
1.12	1048
1.14	692
1.16	554
1.18	457
1.2	407
1.22	377
1.24	366
1.26	356
1.28	357
1.3	337
1.32	328
1.34	342
1.36	312
1.38	314
1.4	300
1.42	286
1.44	265
1.46	231
1.48	202
1.5	163
1.52	126
1.54	121
1.56	113
1.58	79
1.6	77
1.62	77
1.64	70
1.66	68
1.68	73
1.7	62
1.72	63
1.74	36
1.76	57
1.78	70
1.8	60
1.82	73
1.84	76
1.86	50
1.88	43
1.9	52
1.92	75
1.94	79
1.96	75
1.98	71
2	62
2.02	54
2.04	65
2.06	62
2.08	78
2.1	81
2.12	84
2.14	80
2.16	84
2.18	70
2.2	61
2.22	56
2.24	55
2.26	44
2.28	51
2.3	67
2.32	66
2.34	47
2.36	43
2.38	40
2.4	45
2.42	30
2.44	38
2.46	41
2.48	39
2.5	37
2.52	42
2.54	35
2.56	36
2.58	34
2.6	27
2.62	33
2.64	46
2.66	47
2.68	38
2.7	33
2.72	26
2.74	25
2.76	34
2.78	34
2.8	33
2.82	28
2.84	44
2.86	35
2.88	33
2.9	37
2.92	29
2.94	17
2.96	23
2.98	21
3	19
3.02	15
3.04	16
3.06	21
3.08	22
3.1	27
3.12	25
3.14	27
3.16	34
3.18	25
3.2	26
3.22	24
3.24	32
3.26	33
3.28	28
3.3	25
3.32	24
3.34	33
3.36	26
3.38	27
3.4	21
3.42	26
3.44	19
3.46	24
3.48	43
3.5	34
3.52	26
3.54	30
3.56	32
3.58	30
3.6	29
3.62	28
3.64	21
3.66	25
3.68	23
3.7	33
3.72	50
3.74	46
3.76	30
3.78	22
3.8	31
3.82	34
3.84	34
3.86	31
3.88	24
3.9	24
3.92	31
3.94	31
3.96	40
3.98	33
4	37
4.02	37
4.04	40
4.06	33
4.08	44
4.1	29
4.12	57
4.14	52
4.16	42
4.18	47
4.2	36
4.22	39
4.24	44
4.26	47
4.28	51
4.3	53
4.32	38
4.34	38
4.36	18
4.38	34
4.4	23
4.42	37
4.44	36
4.46	38
4.48	51
4.5	26
4.52	38
4.54	45
4.56	37
4.58	47
4.6	53
4.62	42
4.64	34
4.66	39
4.68	25
4.7	38
4.72	45
4.74	48
4.76	55
4.78	35
4.8	39
4.82	46
4.84	46
4.86	56
4.88	40
4.9	31
4.92	45
4.94	33
4.96	41
4.98	57
5	49
5.02	41
5.04	44
5.06	57
5.08	51
5.1	54
5.12	54
5.14	80
5.16	55
5.18	44
5.2	37
5.22	55
5.24	70
5.26	62
5.28	64
5.3	85
5.32	71
5.34	60
5.36	54
5.38	46
5.4	57
5.42	75
5.44	61
5.46	59
5.48	59
5.5	79
5.52	63
5.54	55
5.56	64
5.58	60
5.6	72
5.62	66
5.64	67
5.66	56
5.68	50
5.7	72
5.72	77
5.74	88
5.76	78
5.78	68
5.8	92
5.82	77
5.84	74
5.86	66
5.88	47
5.9	56
5.92	67
5.94	70
5.96	73
5.98	64
6	61
6.02	64
6.04	65
6.06	65
6.08	66
6.1	77
6.12	76
6.14	59
6.16	63
6.18	62
6.2	56
6.22	63
6.24	65
6.26	49
6.28	42
6.3	51
6.32	47
6.34	55
6.36	72
6.38	54
6.4	65
6.42	73
6.44	77
6.46	84
6.48	72
6.5	77
6.52	77
6.54	92
6.56	95
6.58	84
6.6	83
6.62	50
6.64	64
6.66	82
6.68	80
6.7	71
6.72	68
6.74	77
6.76	72
6.78	64
6.8	74
6.82	80
6.84	77
6.86	81
6.88	90
6.9	104
6.92	83
6.94	65
6.96	75
6.98	76
7	94
7.02	99
7.04	103
7.06	94
7.08	77
7.1	82
7.12	80
7.14	62
7.16	78
7.18	93
7.2	99
7.22	99
7.24	72
7.26	70
7.28	83
7.3	81
7.32	77
7.34	67
7.36	75
7.38	108
7.4	76
7.42	100
7.44	94
7.46	80
7.48	100
7.5	81
7.52	85
7.54	111
7.56	99
7.58	75
7.6	86
7.62	96
7.64	91
7.66	87
7.68	82
7.7	91
7.72	76
7.74	92
7.76	95
7.78	97
7.8	109
7.82	111
7.84	95
7.86	70
7.88	64
7.9	78
7.92	80
7.94	85
7.96	77
7.98	74
8	85
8.02	90
8.04	79
8.06	78
8.08	78
8.1	86
8.12	87
8.14	83
8.16	58
8.18	80
8.2	74
8.22	60
8.24	51
8.26	72
8.28	76
8.3	88
8.32	71
8.34	68
8.36	60
8.38	75
8.4	72
8.42	78
8.44	63
8.46	68
8.48	69
8.5	50
8.52	69
8.54	69
8.56	64
8.58	50
8.6	52
8.62	59
8.64	73
8.66	72
8.68	62
8.7	50
8.72	58
8.74	48
8.76	49
8.78	47
8.8	52
8.82	56
8.84	54
8.86	55
8.88	59
8.9	75
8.92	87
8.94	78
8.96	64
8.98	64
9	56
9.02	55
9.04	89
9.06	57
9.08	50
9.1	58
9.12	74
9.14	65
9.16	58
9.18	53
9.2	48
9.22	45
9.24	50
9.26	68
9.28	70
9.3	51
9.32	47
9.34	54
9.36	70
9.38	58
9.4	65
9.42	75
9.44	61
9.46	58
9.48	40
9.5	44
9.52	61
9.54	59
9.56	40
9.58	37
9.6	59
9.62	47
9.64	38
9.66	59
9.68	58
9.7	59
9.72	42
9.74	44
9.76	57
9.78	53
9.8	43
9.82	37
9.84	38
9.86	47
9.88	48
9.9	37
9.92	48
9.94	51
9.96	52
9.98	43
10	41
10.02	31
10.04	27
10.06	42
10.08	51
10.1	59
10.12	49
10.14	46
10.16	40
10.18	48
10.2	44
10.22	29
10.24	44
10.26	43
10.28	49
10.3	34
10.32	24
10.34	31
10.36	41
10.38	31
10.4	36
10.42	31
10.44	39
10.46	36
10.48	41
10.5	37
10.52	33
10.54	29
10.56	36
10.58	47
10.6	46
10.62	62
10.64	59
10.66	44
10.68	42
10.7	50
10.72	48
10.74	42
10.76	43
10.78	36
10.8	21
10.82	33
10.84	40
10.86	41
10.88	22
10.9	20
10.92	31
10.94	36
10.96	32
10.98	41
11	43
11.02	28
11.04	23
11.06	27
11.08	34
11.1	32
11.12	29
11.14	17
11.16	18
11.18	32
11.2	41
11.22	40
11.24	38
11.26	40
11.28	33
11.3	20
11.32	19
11.34	23
11.36	24
11.38	18
11.4	21
11.42	19
11.44	30
11.46	33
11.48	37
11.5	30
11.52	36
11.54	40
11.56	39
11.58	24
11.6	23
11.62	24
11.64	23
11.66	35
11.68	42
11.7	33
11.72	28
11.74	13
11.76	33
11.78	37
11.8	26
11.82	31
11.84	32
11.86	37
11.88	36
11.9	37
11.92	32
11.94	37
11.96	26
11.98	21
12	28
12.02	34
12.04	30
12.06	35
12.08	35
12.1	33
12.12	30
12.14	33
12.16	32
12.18	27
12.2	29
12.22	34
12.24	25
12.26	25
12.28	34
12.3	42
12.32	31
12.34	39
12.36	29
12.38	31
12.4	37
12.42	26
12.44	25
12.46	26
12.48	20
12.5	26
12.52	20
12.54	29
12.56	32
12.58	28
12.6	34
12.62	32
12.64	23
12.66	29
12.68	29
12.7	27
12.72	28
12.74	25
12.76	31
12.78	25
12.8	40
12.82	32
12.84	30
12.86	30
12.88	32
12.9	34
12.92	24
12.94	24
12.96	29
12.98	34
13	27
13.02	22
13.04	24
13.06	28
13.08	25
13.1	32
13.12	24
13.14	23
13.16	19
13.18	19
13.2	29
13.22	33
13.24	25
13.26	27
13.28	25
13.3	32
13.32	34
13.34	26
13.36	44
13.38	37
13.4	38
13.42	38
13.44	42
13.46	37
13.48	32
13.5	35
13.52	32
13.54	30
13.56	38
13.58	30
13.6	18
13.62	27
13.64	33
13.66	34
13.68	30
13.7	20
13.72	33
13.74	38
13.76	33
13.78	28
13.8	34
13.82	32
13.84	28
13.86	24
13.88	38
13.9	25
13.92	24
13.94	31
13.96	28
13.98	34
14	37
14.02	41
14.04	41
14.06	27
14.08	21
14.1	24
14.12	28
14.14	32
14.16	29
14.18	24
14.2	26
14.22	25
14.24	26
14.26	33
14.28	37
14.3	25
14.32	8
14.34	31
14.36	37
14.38	23
14.4	26
14.42	25
14.44	26
14.46	25
14.48	23
14.5	34
14.52	30
14.54	36
14.56	35
14.58	21
14.6	34
14.62	32
14.64	29
14.66	32
14.68	33
14.7	28
14.72	42
14.74	40
14.76	37
14.78	37
14.8	35
14.82	30
14.84	41
14.86	38
14.88	25
14.9	22
14.92	23
14.94	27
14.96	40
14.98	38
15	26
15.02	25
15.04	32
15.06	40
15.08	38
15.1	36
15.12	29
15.14	23
15.16	20
15.18	23
15.2	23
15.22	37
15.24	36
15.26	23
15.28	23
15.3	33
15.32	25
15.34	25
15.36	35
15.38	32
15.4	31
15.42	30
15.44	27
15.46	26
15.48	22
15.5	15
15.52	28
15.54	24
15.56	28
15.58	33
15.6	23
15.62	20
15.64	30
15.66	33
15.68	31
15.7	25
15.72	37
15.74	42
15.76	31
15.78	34
15.8	43
15.82	28
15.84	33
15.86	37
15.88	28
15.9	21
15.92	28
15.94	13
15.96	20
15.98	23
16	26
16.02	28
16.04	29
16.06	20
16.08	29
16.1	27
16.12	36
16.14	32
16.16	29
16.18	34
16.2	20
16.22	21
16.24	25
16.26	47
16.28	19
16.3	30
16.32	29
16.34	30
16.36	32
16.38	31
16.4	26
16.42	17
16.44	25
16.46	28
16.48	23
16.5	26
16.52	23
16.54	29
16.56	24
16.58	30
16.6	29
16.62	31
16.64	31
16.66	21
16.68	21
16.7	25
16.72	22
16.74	23
16.76	29
16.78	22
16.8	21
16.82	37
16.84	33
16.86	32
16.88	32
16.9	47
16.92	37
16.94	27
16.96	26
16.98	20
17	29
17.02	28
17.04	27
17.06	26
17.08	17
17.1	13
17.12	29
17.14	20
17.16	20
17.18	35
17.2	25
17.22	20
17.24	26
17.26	16
17.28	33
17.3	34
17.32	21
17.34	35
17.36	31
17.38	28
17.4	23
17.42	32
17.44	31
17.46	32
17.48	21
17.5	31
17.52	23
17.54	28
17.56	36
17.58	34
17.6	25
17.62	15
17.64	25
17.66	31
17.68	34
17.7	23
17.72	25
17.74	20
17.76	25
17.78	38
17.8	31
17.82	34
17.84	36
17.86	24
17.88	18
17.9	24
17.92	17
17.94	19
17.96	20
17.98	39
18	36
18.02	35
18.04	28
18.06	27
18.08	30
18.1	33
18.12	29
18.14	30
18.16	22
18.18	26
18.2	22
18.22	21
18.24	21
18.26	29
18.28	33
18.3	34
18.32	32
18.34	26
18.36	32
18.38	33
18.4	23
18.42	33
18.44	45
18.46	45
18.48	38
18.5	37
18.52	36
18.54	19
18.56	29
18.58	30
18.6	25
18.62	26
18.64	27
18.66	31
18.68	22
18.7	24
18.72	24
18.74	32
18.76	37
18.78	23
18.8	35
18.82	36
18.84	36
18.86	33
18.88	35
18.9	27
18.92	23
18.94	20
18.96	23
18.98	18
19	22
19.02	19
19.04	27
19.06	34
19.08	30
19.1	22
19.12	28
19.14	32
19.16	31
19.18	14
19.2	26
19.22	22
19.24	33
19.26	37
19.28	35
19.3	22
19.32	31
19.34	40
19.36	29
19.38	28
19.4	24
19.42	29
19.44	23
19.46	34
19.48	30
19.5	33
19.52	28
19.54	27
19.56	32
19.58	31
19.6	28
19.62	28
19.64	27
19.66	23
19.68	29
19.7	36
19.72	46
19.74	52
19.76	28
19.78	20
19.8	35
19.82	51
19.84	45
19.86	34
19.88	25
19.9	30
19.92	32
19.94	37
19.96	32
19.98	32
20	26
20.02	23
20.04	25
20.06	16
20.08	35
20.1	24
20.12	24
20.14	25
20.16	38
20.18	28
20.2	33
20.22	36
20.24	27
20.26	28
20.28	23
20.3	21
20.32	28
20.34	29
20.36	29
20.38	33
20.4	35
20.42	25
20.44	29
20.46	23
20.48	37
20.5	32
20.52	29
20.54	21
20.56	27
20.58	34
20.6	34
20.62	20
20.64	26
20.66	30
20.68	24
20.7	27
20.72	32
20.74	35
20.76	29
20.78	23
20.8	24
20.82	33
20.84	23
20.86	27
20.88	33
20.9	36
20.92	33
20.94	27
20.96	37
20.98	33
21	24
21.02	24
21.04	42
21.06	27
21.08	35
21.1	36
21.12	40
21.14	37
21.16	32
21.18	37
21.2	46
21.22	35
21.24	23
21.26	28
21.28	28
21.3	21
21.32	27
21.34	23
21.36	25
21.38	27
21.4	18
21.42	37
21.44	31
21.46	24
21.48	31
21.5	34
21.52	43
21.54	28
21.56	35
21.58	31
21.6	34
21.62	29
21.64	37
21.66	39
21.68	36
21.7	31
21.72	33
21.74	33
21.76	35
21.78	33
21.8	37
21.82	35
21.84	26
21.86	26
21.88	28
21.9	44
21.92	31
21.94	38
21.96	35
21.98	32
22	31
22.02	39
22.04	27
22.06	24
22.08	33
22.1	38
22.12	32
22.14	23
22.16	31
22.18	26
22.2	29
22.22	22
22.24	32
22.26	36
22.28	36
22.3	24
22.32	36
22.34	30
22.36	35
22.38	33
22.4	39
22.42	35
22.44	56
22.46	36
22.48	37
22.5	32
22.52	39
22.54	28
22.56	18
22.58	27
22.6	24
22.62	38
22.64	37
22.66	24
22.68	23
22.7	26
22.72	51
22.74	26
22.76	18
22.78	20
22.8	20
22.82	32
22.84	36
22.86	36
22.88	30
22.9	26
22.92	26
22.94	31
22.96	28
22.98	33
23	32
23.02	28
23.04	35
23.06	35
23.08	33
23.1	29
23.12	29
23.14	30
23.16	33
23.18	35
23.2	42
23.22	31
23.24	26
23.26	31
23.28	38
23.3	28
23.32	36
23.34	32
23.36	19
23.38	24
23.4	32
23.42	29
23.44	21
23.46	22
23.48	32
23.5	36
23.52	44
23.54	37
23.56	34
23.58	39
23.6	29
23.62	23
23.64	26
23.66	18
23.68	29
23.7	33
23.72	33
23.74	30
23.76	22
23.78	26
23.8	33
23.82	20
23.84	20
23.86	30
23.88	40
23.9	32
23.92	27
23.94	29
23.96	40
23.98	37
24	20
24.02	22
24.04	29
24.06	26
24.08	32
24.1	38
24.12	28
24.14	34
24.16	47
24.18	28
24.2	49
24.22	36
24.24	39
24.26	31
24.28	33
24.3	28
24.32	27
24.34	35
24.36	37
24.38	35
24.4	34
24.42	32
24.44	40
24.46	31
24.48	26
24.5	27
24.52	28
24.54	29
24.56	28
24.58	29
24.6	30
24.62	26
24.64	16
24.66	35
24.68	35
24.7	29
24.72	26
24.74	26
24.76	24
24.78	30
24.8	24
24.82	31
24.84	41
24.86	41
24.88	33
24.9	24
24.92	36
24.94	28
24.96	36
24.98	35
25	37
25.02	42
25.04	59
25.06	45
25.08	35
25.1	28
25.12	43
25.14	47
25.16	25
25.18	21
25.2	39
25.22	27
25.24	35
25.26	44
25.28	42
25.3	36
25.32	39
25.34	30
25.36	33
25.38	37
25.4	32
25.42	34
25.44	21
25.46	40
25.48	32
25.5	24
25.52	32
25.54	31
25.56	35
25.58	39
25.6	31
25.62	37
25.64	40
25.66	39
25.68	21
25.7	38
25.72	30
25.74	27
25.76	41
25.78	39
25.8	34
25.82	31
25.84	35
25.86	29
25.88	32
25.9	28
25.92	32
25.94	28
25.96	27
25.98	20
26	28
26.02	27
26.04	24
26.06	26
26.08	23
26.1	40
26.12	45
26.14	40
26.16	47
26.18	37
26.2	33
26.22	35
26.24	31
26.26	40
26.28	28
26.3	21
26.32	43
26.34	43
26.36	39
26.38	33
26.4	30
26.42	38
26.44	38
26.46	41
26.48	27
26.5	27
26.52	32
26.54	34
26.56	35
26.58	42
26.6	30
26.62	32
26.64	28
26.66	32
26.68	36
26.7	32
26.72	39
26.74	35
26.76	39
26.78	45
26.8	42
26.82	40
26.84	31
26.86	29
26.88	29
26.9	34
26.92	24
26.94	22
26.96	22
26.98	35
27	38
27.02	32
27.04	29
27.06	38
27.08	33
27.1	26
27.12	32
27.14	32
27.16	21
27.18	22
27.2	36
27.22	38
27.24	33
27.26	25
27.28	34
27.3	30
27.32	28
27.34	30
27.36	27
27.38	31
27.4	31
27.42	33
27.44	26
27.46	24
27.48	28
27.5	35
27.52	34
27.54	31
27.56	33
27.58	38
27.6	32
27.62	29
27.64	36
27.66	42
27.68	37
27.7	46
27.72	41
27.74	23
27.76	23
27.78	29
27.8	35
27.82	24
27.84	25
27.86	30
27.88	49
27.9	44
27.92	26
27.94	38
27.96	39
27.98	37
28	36
28.02	40
28.04	36
28.06	36
28.08	42
28.1	36
28.12	34
28.14	22
28.16	36
28.18	29
28.2	34
28.22	37
28.24	30
28.26	36
28.28	55
28.3	57
28.32	37
28.34	36
28.36	29
28.38	32
28.4	35
28.42	35
28.44	25
28.46	33
28.48	34
28.5	36
28.52	37
28.54	35
28.56	39
28.58	51
28.6	41
28.62	42
28.64	31
28.66	30
28.68	26
28.7	27
28.72	31
28.74	47
28.76	41
28.78	44
28.8	35
28.82	35
28.84	36
28.86	22
28.88	31
28.9	30
28.92	46
28.94	45
28.96	51
28.98	44
29	28
29.02	26
29.04	32
29.06	41
29.08	41
29.1	47
29.12	48
29.14	38
29.16	39
29.18	42
29.2	45
29.22	40
29.24	33
29.26	40
29.28	39
29.3	35
29.32	34
29.34	42
29.36	53
29.38	48
29.4	47
29.42	38
29.44	29
29.46	38
29.48	39
29.5	39
29.52	35
29.54	38
29.56	52
29.58	51
29.6	35
29.62	34
29.64	40
29.66	52
29.68	30
29.7	32
29.72	42
29.74	39
29.76	31
29.78	33
29.8	35
29.82	24
29.84	39
29.86	30
29.88	21
29.9	28
29.92	49
29.94	39
29.96	43
29.98	36
30	30
30.02	43
30.04	45
30.06	43
30.08	39
30.1	41
30.12	26
30.14	26
30.16	45
30.18	37
30.2	32
30.22	35
30.24	34
30.26	46
30.28	47
30.3	44
30.32	31
30.34	23
30.36	38
30.38	53
30.4	42
30.42	46
30.44	28
30.46	22
30.48	43
30.5	35
30.52	51
30.54	44
30.56	30
30.58	49
30.6	50
30.62	31
30.64	36
30.66	35
30.68	36
30.7	46
30.72	50
30.74	42
30.76	39
30.78	31
30.8	31
30.82	37
30.84	36
30.86	44
30.88	48
30.9	58
30.92	36
30.94	29
30.96	29
30.98	31
31	43
31.02	41
31.04	33
31.06	32
31.08	35
31.1	39
31.12	37
31.14	33
31.16	36
31.18	36
31.2	37
31.22	25
31.24	34
31.26	33
31.28	40
31.3	42
31.32	37
31.34	38
31.36	34
31.38	38
31.4	36
31.42	36
31.44	38
31.46	22
31.48	23
31.5	41
31.52	45
31.54	46
31.56	52
31.58	33
31.6	36
31.62	40
31.64	45
31.66	42
31.68	36
31.7	35
31.72	34
31.74	35
31.76	45
31.78	46
31.8	39
31.82	35
31.84	26
31.86	37
31.88	32
31.9	37
31.92	27
31.94	41
31.96	33
31.98	41
32	28
32.02	27
32.04	36
32.06	25
32.08	28
32.1	39
32.12	39
32.14	32
32.16	35
32.18	29
32.2	28
32.22	46
32.24	35
32.26	39
32.28	28
32.3	34
32.32	36
32.34	33
32.36	35
32.38	41
32.4	28
32.42	28
32.44	33
32.46	39
32.48	36
32.5	28
32.52	33
32.54	29
32.56	29
32.58	33
32.6	35
32.62	37
32.64	33
32.66	27
32.68	39
32.7	43
32.72	30
32.74	31
32.76	38
32.78	37
32.8	27
32.82	28
32.84	38
32.86	29
32.88	20
32.9	34
32.92	47
32.94	41
32.96	31
32.98	28
33	27
33.02	25
33.04	34
33.06	37
33.08	35
33.1	44
33.12	38
33.14	33
33.16	27
33.18	24
33.2	31
33.22	26
33.24	26
33.26	33
33.28	41
33.3	45
33.32	46
33.34	34
33.36	42
33.38	38
33.4	44
33.42	45
33.44	50
33.46	39
33.48	43
33.5	33
33.52	29
33.54	29
33.56	48
33.58	39
33.6	36
33.62	24
33.64	38
33.66	35
33.68	43
33.7	28
33.72	32
33.74	42
33.76	35
33.78	31
33.8	31
33.82	30
33.84	24
33.86	32
33.88	32
33.9	33
33.92	30
33.94	35
33.96	34
33.98	25
34	29
34.02	37
34.04	37
34.06	36
34.08	49
34.1	46
34.12	35
34.14	38
34.16	36
34.18	39
34.2	46
34.22	28
34.24	25
34.26	30
34.28	25
34.3	41
34.32	41
34.34	45
34.36	29
34.38	31
34.4	36
34.42	44
34.44	40
34.46	26
34.48	29
34.5	46
34.52	30
34.54	27
34.56	44
34.58	33
34.6	35
34.62	32
34.64	28
34.66	25
34.68	21
34.7	25
34.72	37
34.74	44
34.76	47
34.78	36
34.8	43
34.82	39
34.84	26
34.86	27
34.88	34
34.9	48
34.92	38
34.94	28
34.96	35
34.98	37
35	37
35.02	34
35.04	33
35.06	43
35.08	42
35.1	34
35.12	43
35.14	28
35.16	30
35.18	32
35.2	26
35.22	40
35.24	28
35.26	38
35.28	43
35.3	39
35.32	30
35.34	37
35.36	46
35.38	41
35.4	33
35.42	21
35.44	37
35.46	40
35.48	42
35.5	37
35.52	26
35.54	34
35.56	35
35.58	44
35.6	43
35.62	39
35.64	45
35.66	34
35.68	27
35.7	44
35.72	40
35.74	39
35.76	45
35.78	30
35.8	39
35.82	49
35.84	37
35.86	32
35.88	47
35.9	44
35.92	43
35.94	31
35.96	26
35.98	27
36	33
36.02	33
36.04	30
36.06	42
36.08	39
36.1	34
36.12	42
36.14	27
36.16	33
36.18	47
36.2	43
36.22	38
36.24	37
36.26	39
36.28	43
36.3	36
36.32	37
36.34	33
36.36	39
36.38	27
36.4	36
36.42	30
36.44	44
36.46	38
36.48	40
36.5	40
36.52	19
36.54	23
36.56	27
36.58	29
36.6	44
36.62	42
36.64	31
36.66	45
36.68	41
36.7	27
36.72	30
36.74	33
36.76	41
36.78	44
36.8	39
36.82	36
36.84	30
36.86	39
36.88	40
36.9	38
36.92	31
36.94	42
36.96	29
36.98	24
37	33
37.02	37
37.04	27
37.06	31
37.08	42
37.1	45
37.12	47
37.14	34
37.16	42
37.18	34
37.2	47
37.22	37
37.24	36
37.26	46
37.28	37
37.3	34
37.32	28
37.34	40
37.36	49
37.38	36
37.4	37
37.42	43
37.44	38
37.46	32
37.48	34
37.5	42
37.52	41
37.54	43
37.56	50
37.58	37
37.6	28
37.62	33
37.64	33
37.66	35
37.68	34
37.7	31
37.72	35
37.74	47
37.76	38
37.78	45
37.8	47
37.82	36
37.84	46
37.86	40
37.88	38
37.9	40
37.92	47
37.94	38
37.96	45
37.98	35
38	32
38.02	26
38.04	44
38.06	38
38.08	33
38.1	37
38.12	46
38.14	34
38.16	29
38.18	32
38.2	36
38.22	42
38.24	46
38.26	42
38.28	30
38.3	39
38.32	32
38.34	39
38.36	36
38.38	30
38.4	31
38.42	43
38.44	37
38.46	29
38.48	35
38.5	39
38.52	53
38.54	31
38.56	32
38.58	29
38.6	36
38.62	39
38.64	36
38.66	36
38.68	40
38.7	54
38.72	45
38.74	38
38.76	28
38.78	23
38.8	31
38.82	45
38.84	41
38.86	33
38.88	30
38.9	28
38.92	32
38.94	31
38.96	25
38.98	25
39	32
39.02	33
39.04	42
39.06	37
39.08	30
39.1	40
39.12	52
39.14	37
39.16	39
39.18	40
39.2	36
39.22	31
39.24	38
39.26	38
39.28	33
39.3	31
39.32	45
39.34	43
39.36	40
39.38	38
39.4	46
39.42	26
39.44	36
39.46	25
39.48	30
39.5	38
39.52	41
39.54	34
39.56	39
39.58	36
39.6	34
39.62	37
39.64	38
39.66	34
39.68	33
39.7	34
39.72	33
39.74	38
39.76	33
39.78	28
39.8	30
39.82	30
39.84	33
39.86	35
39.88	42
39.9	39
39.92	22
39.94	32
39.96	38
39.98	30
40	29
40.02	34
40.04	43
40.06	37
40.08	31
40.1	36
40.12	45
40.14	31
40.16	27
40.18	40
40.2	37
40.22	29
40.24	39
40.26	27
40.28	39
40.3	40
40.32	32
40.34	34
40.36	37
40.38	34
40.4	33
40.42	26
40.44	33
40.46	51
40.48	51
40.5	45
40.52	35
40.54	29
40.56	23
40.58	38
40.6	36
40.62	24
40.64	30
40.66	27
40.68	29
40.7	32
40.72	27
40.74	34
40.76	31
40.78	34
40.8	41
40.82	39
40.84	37
40.86	46
40.88	34
40.9	46
40.92	28
40.94	34
40.96	41
40.98	32
41	29
41.02	35
41.04	34
41.06	35
41.08	27
41.1	28
41.12	38
41.14	29
41.16	42
41.18	41
41.2	39
41.22	27
41.24	40
41.26	24
41.28	35
41.3	29
41.32	37
41.34	36
41.36	35
41.38	27
41.4	29
41.42	36
41.44	44
41.46	36
41.48	23
41.5	26
41.52	37
41.54	32
41.56	34
41.58	38
41.6	31
41.62	34
41.64	36
41.66	31
41.68	39
41.7	45
41.72	37
41.74	32
41.76	39
41.78	38
41.8	28
41.82	38
41.84	39
41.86	43
41.88	32
41.9	40
41.92	28
41.94	46
41.96	47
41.98	42
42	32
42.02	34
42.04	32
42.06	41
42.08	35
42.1	36
42.12	51
42.14	41
42.16	37
42.18	30
42.2	30
42.22	35
42.24	39
42.26	34
42.28	31
42.3	25
42.32	39
42.34	29
42.36	23
42.38	33
42.4	37
42.42	30
42.44	33
42.46	42
42.48	38
42.5	31
42.52	34
42.54	37
42.56	41
42.58	27
42.6	35
42.62	36
42.64	34
42.66	50
42.68	42
42.7	37
42.72	41
42.74	28
42.76	37
42.78	37
42.8	37
42.82	43
42.84	38
42.86	34
42.88	43
42.9	41
42.92	39
42.94	32
42.96	52
42.98	28
43	29
43.02	26
43.04	42
43.06	34
43.08	32
43.1	29
43.12	45
43.14	40
43.16	39
43.18	31
43.2	39
43.22	34
43.24	28
43.26	25
43.28	39
43.3	53
43.32	46
43.34	41
43.36	33
43.38	38
43.4	28
43.42	37
43.44	30
43.46	31
43.48	39
43.5	34
43.52	29
43.54	34
43.56	37
43.58	32
43.6	44
43.62	32
43.64	32
43.66	45
43.68	43
43.7	23
43.72	26
43.74	39
43.76	32
43.78	42
43.8	29
43.82	43
43.84	54
43.86	39
43.88	29
43.9	24
43.92	35
43.94	36
43.96	26
43.98	47
44	40
44.02	39
44.04	57
44.06	27
44.08	31
44.1	40
44.12	49
44.14	36
44.16	41
44.18	39
44.2	35
44.22	43
44.24	43
44.26	31
44.28	51
44.3	41
44.32	32
44.34	31
44.36	43
44.38	35
44.4	30
44.42	25
44.44	30
44.46	29
44.48	36
44.5	34
44.52	29
44.54	28
44.56	37
44.58	32
44.6	29
44.62	23
44.64	31
44.66	27
44.68	28
44.7	29
44.72	39
44.74	42
44.76	37
44.78	31
44.8	23
44.82	37
44.84	42
44.86	46
44.88	42
44.9	27
44.92	38
44.94	45
44.96	66
44.98	33
45	32
45.02	30
45.04	37
45.06	45
45.08	44
45.1	33
45.12	24
45.14	30
45.16	32
45.18	34
45.2	41
45.22	33
45.24	35
45.26	36
45.28	35
45.3	37
45.32	40
45.34	32
45.36	20
45.38	32
45.4	37
45.42	32
45.44	30
45.46	32
45.48	34
45.5	38
45.52	37
45.54	28
45.56	26
45.58	27
45.6	25
45.62	31
45.64	39
45.66	39
45.68	39
45.7	31
45.72	28
45.74	30
45.76	27
45.78	34
45.8	49
45.82	41
45.84	41
45.86	33
45.88	24
45.9	27
45.92	29
45.94	36
45.96	34
45.98	36
46	38
46.02	37
46.04	38
46.06	37
46.08	40
46.1	45
46.12	65
46.14	39
46.16	28
46.18	38
46.2	42
46.22	33
46.24	38
46.26	30
46.28	32
46.3	38
46.32	33
46.34	31
46.36	36
46.38	35
46.4	38
46.42	33
46.44	30
46.46	36
46.48	54
46.5	45
46.52	44
46.54	44
46.56	44
46.58	32
46.6	25
46.62	31
46.64	46
46.66	38
46.68	37
46.7	30
46.72	26
46.74	33
46.76	32
46.78	32
46.8	36
46.82	28
46.84	30
46.86	29
46.88	29
46.9	23
46.92	28
46.94	27
46.96	41
46.98	45
47	44
47.02	40
47.04	32
47.06	33
47.08	36
47.1	39
47.12	41
47.14	41
47.16	41
47.18	32
47.2	22
47.22	24
47.24	22
47.26	28
47.28	27
47.3	43
47.32	40
47.34	37
47.36	37
47.38	28
47.4	35
47.42	31
47.44	26
47.46	28
47.48	32
47.5	36
47.52	41
47.54	27
47.56	26
47.58	33
47.6	34
47.62	35
47.64	23
47.66	25
47.68	24
47.7	27
47.72	41
47.74	39
47.76	31
47.78	24
47.8	30
47.82	35
47.84	36
47.86	30
47.88	35
47.9	30
47.92	41
47.94	38
47.96	33
47.98	28
48	27
48.02	35
48.04	35
48.06	29
48.08	34
48.1	39
48.12	29
48.14	38
48.16	33
48.18	37
48.2	32
48.22	22
48.24	36
48.26	31
48.28	28
48.3	35
48.32	26
48.34	42
48.36	28
48.38	31
48.4	22
48.42	29
48.44	28
48.46	35
48.48	28
48.5	23
48.52	31
48.54	24
48.56	39
48.58	33
48.6	33
48.62	53
48.64	43
48.66	34
48.68	27
48.7	38
48.72	36
48.74	33
48.76	32
48.78	34
48.8	32
48.82	27
48.84	34
48.86	53
48.88	40
48.9	40
48.92	34
48.94	42
48.96	42
48.98	30
49	28
49.02	34
49.04	28
49.06	25
49.08	41
49.1	47
49.12	31
49.14	22
49.16	35
49.18	34
49.2	32
49.22	28
49.24	32
49.26	44
49.28	44
49.3	31
49.32	30
49.34	30
49.36	25
49.38	32
49.4	38
49.42	23
49.44	37
49.46	45
49.48	31
49.5	31
49.52	32
49.54	31
49.56	31
49.58	30
49.6	22
49.62	35
49.64	55
49.66	42
49.68	28
49.7	25
49.72	32
49.74	35
49.76	29
49.78	28
49.8	47
49.82	41
49.84	26
49.86	28
49.88	37
49.9	29
49.92	31
49.94	37
49.96	25
49.98	29
50	36
50.02	25
50.04	40
50.06	34
50.08	35
50.1	32
50.12	24
50.14	33
50.16	32
50.18	30
50.2	31
50.22	29
50.24	30
50.26	36
50.28	27
50.3	36
50.32	30
50.34	29
50.36	32
50.38	34
50.4	29
50.42	37
50.44	32
50.46	41
50.48	30
50.5	23
50.52	23
50.54	37
50.56	34
50.58	30
50.6	30
50.62	31
50.64	36
50.66	28
50.68	33
50.7	28
50.72	35
50.74	39
50.76	31
50.78	31
50.8	40
50.82	26
50.84	31
50.86	30
50.88	38
50.9	30
50.92	30
50.94	27
50.96	28
50.98	36
51	33
51.02	35
51.04	29
51.06	37
51.08	33
51.1	41
51.12	32
51.14	33
51.16	22
51.18	32
51.2	39
51.22	29
51.24	22
51.26	27
51.28	37
51.3	35
51.32	30
51.34	44
51.36	51
51.38	56
51.4	35
51.42	30
51.44	32
51.46	34
51.48	49
51.5	39
51.52	38
51.54	25
51.56	22
51.58	25
51.6	27
51.62	38
51.64	37
51.66	34
51.68	27
51.7	28
51.72	40
51.74	41
51.76	32
51.78	46
51.8	45
51.82	40
51.84	29
51.86	24
51.88	18
51.9	28
51.92	23
51.94	17
51.96	26
51.98	28
52	34
52.02	38
52.04	35
52.06	25
52.08	25
52.1	26
52.12	31
52.14	34
52.16	34
52.18	30
52.2	26
52.22	29
52.24	35
52.26	38
52.28	30
52.3	26
52.32	21
52.34	28
52.36	24
52.38	28
52.4	25
52.42	21
52.44	33
52.46	29
52.48	36
52.5	28
52.52	25
52.54	32
52.56	24
52.58	26
52.6	34
52.62	26
52.64	25
52.66	28
52.68	27
52.7	31
52.72	22
52.74	24
52.76	33
52.78	37
52.8	20
52.82	24
52.84	34
52.86	46
52.88	40
52.9	34
52.92	19
52.94	31
52.96	32
52.98	30
53	37
53.02	24
53.04	33
53.06	34
53.08	34
53.1	40
53.12	34
53.14	38
53.16	34
53.18	26
53.2	29
53.22	32
53.24	29
53.26	31
53.28	29
53.3	38
53.32	28
53.34	29
53.36	34
53.38	27
53.4	24
53.42	37
53.44	30
53.46	33
53.48	35
53.5	34
53.52	27
53.54	35
53.56	25
53.58	35
53.6	41
53.62	23
53.64	46
53.66	35
53.68	35
53.7	32
53.72	30
53.74	22
53.76	30
53.78	21
53.8	34
53.82	27
53.84	26
53.86	22
53.88	29
53.9	29
53.92	20
53.94	23
53.96	38
53.98	41
54	30
54.02	18
54.04	19
54.06	31
54.08	25
54.1	30
54.12	26
54.14	29
54.16	39
54.18	36
54.2	44
54.22	31
54.24	40
54.26	35
54.28	30
54.3	20
54.32	39
54.34	34
54.36	38
54.38	32
54.4	24
54.42	44
54.44	41
54.46	36
54.48	22
54.5	19
54.52	19
54.54	34
54.56	28
54.58	32
54.6	25
54.62	30
54.64	30
54.66	31
54.68	27
54.7	28
54.72	24
54.74	25
54.76	32
54.78	22
54.8	25
54.82	32
54.84	34
54.86	37
54.88	37
54.9	44
54.92	37
54.94	33
54.96	36
54.98	30
55	26
55.02	21
55.04	18
55.06	27
55.08	30
55.1	22
55.12	26
55.14	35
55.16	26
55.18	35
55.2	27
55.22	26
55.24	31
55.26	45
55.28	36
55.3	37
55.32	35
55.34	38
55.36	38
55.38	41
55.4	49
55.42	39
55.44	26
55.46	31
55.48	27
55.5	29
55.52	42
55.54	30
55.56	26
55.58	22
55.6	21
55.62	27
55.64	30
55.66	33
55.68	36
55.7	33
55.72	35
55.74	23
55.76	39
55.78	33
55.8	36
55.82	22
55.84	24
55.86	13
55.88	22
55.9	28
55.92	20
55.94	31
55.96	37
55.98	39
56	29
56.02	26
56.04	25
56.06	24
56.08	27
56.1	39
56.12	33
56.14	28
56.16	26
56.18	29
56.2	40
56.22	22
56.24	16
56.26	18
56.28	32
56.3	23
56.32	27
56.34	16
56.36	27
56.38	30
56.4	35
56.42	30
56.44	24
56.46	24
56.48	26
56.5	34
56.52	37
56.54	45
56.56	36
56.58	27
56.6	24
56.62	19
56.64	24
56.66	28
56.68	19
56.7	31
56.72	30
56.74	21
56.76	22
56.78	32
56.8	32
56.82	21
56.84	24
56.86	24
56.88	31
56.9	38
56.92	43
56.94	24
56.96	18
56.98	23
57	25
57.02	24
57.04	29
57.06	26
57.08	38
57.1	29
57.12	22
57.14	34
57.16	30
57.18	32
57.2	36
57.22	29
57.24	31
57.26	30
57.28	27
57.3	43
57.32	37
57.34	30
57.36	21
57.38	33
57.4	29
57.42	31
57.44	38
57.46	34
57.48	20
57.5	23
57.52	31
57.54	21
57.56	19
57.58	27
57.6	20
57.62	28
57.64	26
57.66	40
57.68	31
57.7	19
57.72	17
57.74	24
57.76	24
57.78	27
57.8	23
57.82	15
57.84	28
57.86	15
57.88	17
57.9	18
57.92	33
57.94	28
57.96	34
57.98	34
58	26
58.02	26
58.04	27
58.06	28
58.08	29
58.1	47
58.12	31
58.14	32
58.16	27
58.18	34
58.2	33
58.22	35
58.24	24
58.26	20
58.28	24
58.3	33
58.32	31
58.34	27
58.36	39
58.38	32
58.4	25
58.42	24
58.44	37
58.46	35
58.48	35
58.5	33
58.52	23
58.54	16
58.56	24
58.58	37
58.6	28
58.62	36
58.64	33
58.66	34
58.68	35
58.7	22
58.72	33
58.74	39
58.76	36
58.78	29
58.8	27
58.82	28
58.84	27
58.86	33
58.88	34
58.9	23
58.92	19
58.94	21
58.96	21
58.98	17
59	18
59.02	19
59.04	17
59.06	19
59.08	25
59.1	33
59.12	29
59.14	31
59.16	25
59.18	23
59.2	26
59.22	24
59.24	23
59.26	22
59.28	35
59.3	28
59.32	27
59.34	22
59.36	21
59.38	32
59.4	30
59.42	35
59.44	32
59.46	25
59.48	27
59.5	27
59.52	27
59.54	29
59.56	29
59.58	19
59.6	18
59.62	22
59.64	34
59.66	32
59.68	38
59.7	23
59.72	34
59.74	32
59.76	30
59.78	24
59.8	23
59.82	28
59.84	27
59.86	29
59.88	28
59.9	23
59.92	34
59.94	34
59.96	20
59.98	29
60	38
60.02	27
60.04	41
60.06	40
60.08	29
60.1	33
60.12	18
60.14	23
60.16	32
60.18	28
60.2	19
60.22	26
60.24	26
60.26	29
60.28	34
60.3	27
60.32	19
60.34	20
60.36	25
60.38	28
60.4	29
60.42	32
60.44	30
60.46	30
60.48	36
60.5	37
60.52	26
60.54	26
60.56	24
60.58	29
60.6	19
60.62	26
60.64	24
60.66	36
60.68	29
60.7	24
60.72	23
60.74	11
60.76	24
60.78	26
60.8	26
60.82	16
60.84	18
60.86	27
60.88	30
60.9	34
60.92	22
60.94	21
60.96	27
60.98	33
61	30
61.02	21
61.04	36
61.06	36
61.08	28
61.1	31
61.12	13
61.14	24
61.16	28
61.18	33
61.2	28
61.22	31
61.24	31
61.26	25
61.28	27
61.3	34
61.32	31
61.34	32
61.36	13
61.38	26
61.4	37
61.42	36
61.44	31
61.46	33
61.48	33
61.5	34
61.52	22
61.54	26
61.56	30
61.58	23
61.6	31
61.62	29
61.64	38
61.66	25
61.68	30
61.7	21
61.72	30
61.74	26
61.76	38
61.78	23
61.8	36
61.82	28
61.84	31
61.86	27
61.88	30
61.9	27
61.92	30
61.94	30
61.96	27
61.98	19
62	23
62.02	26
62.04	25
62.06	21
62.08	25
62.1	30
62.12	26
62.14	29
62.16	33
62.18	32
62.2	32
62.22	30
62.24	38
62.26	24
62.28	22
62.3	19
62.32	26
62.34	24
62.36	35
62.38	37
62.4	12
62.42	20
62.44	21
62.46	30
62.48	32
62.5	21
62.52	32
62.54	26
62.56	19
62.58	30
62.6	30
62.62	24
62.64	19
62.66	22
62.68	22
62.7	24
62.72	21
62.74	22
62.76	14
62.78	19
62.8	20
62.82	18
62.84	23
62.86	21
62.88	14
62.9	26
62.92	24
62.94	32
62.96	24
62.98	25
63	34
63.02	30
63.04	37
63.06	27
63.08	23
63.1	31
63.12	25
63.14	23
63.16	26
63.18	21
63.2	26
63.22	23
63.24	27
63.26	26
63.28	26
63.3	30
63.32	31
63.34	19
63.36	15
63.38	18
63.4	26
63.42	35
63.44	25
63.46	21
63.48	23
63.5	29
63.52	24
63.54	21
63.56	23
63.58	22
63.6	25
63.62	28
63.64	28
63.66	17
63.68	26
63.7	16
63.72	25
63.74	21
63.76	23
63.78	15
63.8	26
63.82	36
63.84	19
63.86	21
63.88	22
63.9	34
63.92	29
63.94	25
63.96	25
63.98	36
64	22
64.02	13
64.04	18
64.06	25
64.08	31
64.1	23
64.12	22
64.14	26
64.16	26
64.18	30
64.2	31
64.22	31
64.24	26
64.26	24
64.28	24
64.3	19
64.32	26
64.34	24
64.36	29
64.38	28
64.4	19
64.42	25
64.44	22
64.46	21
64.48	19
64.5	22
64.52	22
64.54	22
64.56	16
64.58	21
64.6	23
64.62	17
64.64	22
64.66	15
64.68	21
64.7	26
64.72	29
64.74	35
64.76	24
64.78	25
64.8	18
64.82	24
64.84	33
64.86	28
64.88	33
64.9	29
64.92	23
64.94	28
64.96	25
64.98	23
65	26
65.02	22
65.04	27
65.06	27
65.08	26
65.1	23
65.12	30
65.14	34
65.16	24
65.18	33
65.2	26
65.22	14
65.24	23
65.26	30
65.28	24
65.3	26
65.32	20
65.34	20
65.36	29
65.38	29
65.4	22
65.42	20
65.44	22
65.46	31
65.48	27
65.5	18
65.52	28
65.54	27
65.56	33
65.58	39
65.6	29
65.62	33
65.64	24
65.66	24
65.68	28
65.7	28
65.72	20
65.74	20
65.76	21
65.78	27
65.8	26
65.82	29
65.84	21
65.86	25
65.88	40
65.9	31
65.92	29
65.94	38
65.96	38
65.98	26
66	28
66.02	23
66.04	23
66.06	19
66.08	26
66.1	31
66.12	34
66.14	20
66.16	29
66.18	24
66.2	24
66.22	19
66.24	15
66.26	23
66.28	23
66.3	21
66.32	27
66.34	24
66.36	26
66.38	25
66.4	30
66.42	22
66.44	23
66.46	27
66.48	27
66.5	35
66.52	28
66.54	31
66.56	25
66.58	25
66.6	25
66.62	23
66.64	23
66.66	24
66.68	21
66.7	28
66.72	25
66.74	28
66.76	17
66.78	18
66.8	22
66.82	16
66.84	27
66.86	28
66.88	27
66.9	21
66.92	19
66.94	33
66.96	30
66.98	26
67	25
67.02	29
67.04	25
67.06	25
67.08	27
67.1	22
67.12	25
67.14	25
67.16	17
67.18	25
67.2	32
67.22	36
67.24	24
67.26	21
67.28	25
67.3	29
67.32	22
67.34	24
67.36	16
67.38	22
67.4	39
67.42	38
67.44	18
67.46	12
67.48	29
67.5	25
67.52	29
67.54	24
67.56	18
67.58	19
67.6	22
67.62	29
67.64	28
67.66	29
67.68	32
67.7	25
67.72	25
67.74	24
67.76	31
67.78	22
67.8	29
67.82	31
67.84	33
67.86	24
67.88	17
67.9	41
67.92	29
67.94	24
67.96	19
67.98	18
68	14
68.02	16
68.04	14
68.06	19
68.08	28
68.1	23
68.12	23
68.14	17
68.16	21
68.18	18
68.2	33
68.22	23
68.24	19
68.26	36
68.28	29
68.3	27
68.32	20
68.34	20
68.36	28
68.38	22
68.4	25
68.42	19
68.44	33
68.46	19
68.48	31
68.5	24
68.52	19
68.54	26
68.56	19
68.58	20
68.6	21
68.62	24
68.64	25
68.66	30
68.68	22
68.7	27
68.72	30
68.74	18
68.76	30
68.78	27
68.8	26
68.82	21
68.84	23
68.86	23
68.88	18
68.9	29
68.92	22
68.94	19
68.96	24
68.98	25
69	26
69.02	35
69.04	21
69.06	26
69.08	17
69.1	19
69.12	14
69.14	19
69.16	25
69.18	29
69.2	28
69.22	16
69.24	23
69.26	26
69.28	24
69.3	18
69.32	28
69.34	24
69.36	25
69.38	23
69.4	18
69.42	16
69.44	23
69.46	33
69.48	32
69.5	26
69.52	31
69.54	20
69.56	19
69.58	21
69.6	25
69.62	24
69.64	20
69.66	21
69.68	16
69.7	21
69.72	25
69.74	21
69.76	18
69.78	24
69.8	24
69.82	17
69.84	27
69.86	23
69.88	21
69.9	16
69.92	25
69.94	25
69.96	20
69.98	27
70	20
70.02	25
70.04	26
70.06	24
70.08	23
70.1	21
70.12	12
70.14	30
70.16	19
70.18	19
70.2	25
70.22	25
70.24	37
70.26	20
70.28	25
70.3	25
70.32	18
70.34	19
70.36	17
70.38	11
70.4	24
70.42	29
70.44	28
70.46	26
70.48	21
70.5	22
70.52	28
70.54	26
70.56	23
70.58	19
70.6	20
70.62	18
70.64	19
70.66	13
70.68	23
70.7	17
70.72	17
70.74	17
70.76	30
70.78	29
70.8	22
70.82	25
70.84	17
70.86	26
70.88	31
70.9	21
70.92	17
70.94	20
70.96	18
70.98	24
71	23
71.02	17
71.04	19
71.06	19
71.08	23
71.1	16
71.12	22
71.14	26
71.16	29
71.18	24
71.2	24
71.22	18
71.24	24
71.26	25
71.28	18
71.3	20
71.32	21
71.34	18
71.36	43
71.38	24
71.4	12
71.42	19
71.44	25
71.46	20
71.48	32
71.5	24
71.52	33
71.54	23
71.56	29
71.58	25
71.6	24
71.62	20
71.64	25
71.66	23
71.68	20
71.7	27
71.72	25
71.74	21
71.76	24
71.78	20
71.8	13
71.82	25
71.84	33
71.86	26
71.88	24
71.9	21
71.92	18
71.94	26
71.96	18
71.98	21
72	31
72.02	25
72.04	19
72.06	27
72.08	33
72.1	25
72.12	26
72.14	30
72.16	31
72.18	21
72.2	22
72.22	21
72.24	22
72.26	19
72.28	14
72.3	17
72.32	12
72.34	13
72.36	24
72.38	19
72.4	28
72.42	30
72.44	28
72.46	18
72.48	21
72.5	24
72.52	19
72.54	17
72.56	21
72.58	42
72.6	22
72.62	33
72.64	37
72.66	21
72.68	22
72.7	21
72.72	22
72.74	17
72.76	18
72.78	21
72.8	15
72.82	21
72.84	12
72.86	21
72.88	29
72.9	34
72.92	18
72.94	23
72.96	20
72.98	24
73	19
73.02	26
73.04	31
73.06	17
73.08	16
73.1	16
73.12	21
73.14	19
73.16	14
73.18	28
73.2	26
73.22	20
73.24	24
73.26	19
73.28	28
73.3	21
73.32	14
73.34	7
73.36	18
73.38	21
73.4	11
73.42	13
73.44	14
73.46	17
73.48	19
73.5	20
73.52	22
73.54	29
73.56	18
73.58	13
73.6	13
73.62	24
73.64	32
73.66	30
73.68	25
73.7	31
73.72	22
73.74	19
73.76	23
73.78	24
73.8	26
73.82	20
73.84	25
73.86	32
73.88	28
73.9	21
73.92	23
73.94	14
73.96	14
73.98	22
74	19
74.02	23
74.04	29
74.06	21
74.08	19
74.1	28
74.12	30
74.14	27
74.16	16
74.18	14
74.2	21
74.22	15
74.24	23
74.26	31
74.28	20
74.3	31
74.32	25
74.34	26
74.36	29
74.38	22
74.4	26
74.42	27
74.44	29
74.46	24
74.48	14
74.5	22
74.52	29
74.54	34
74.56	21
74.58	24
74.6	20
74.62	19
74.64	18
74.66	25
74.68	23
74.7	17
74.72	17
74.74	19
74.76	25
74.78	25
74.8	22
74.82	18
74.84	22
74.86	36
74.88	19
74.9	27
74.92	17
74.94	38
74.96	37
74.98	23
